日期	場次	班次	長度	分數範圍	場地	賽道	名次	馬號	馬名	騎師	練馬師	實際負磅	排位體重	檔位	頭馬距離	沿途走位	完成時間	獨贏賠率	熱門	投注	皇牌	配備	馬齡	地點  度地儀	P賠率	P賠率2	P賠率3	Queue賠率	PQ賠率	PQ賠率2 PQ賠率3
2019/9/1	1	第五班	1600米	(40-0)	好地	草地 - "B" 賽道	1	3	跑得威(C127)	潘頓	沈集成	131	1072	6	-	3 3 2 1	1:35.48	2.2	1st Hot	-	1	B/TT	5	沙田	2.71	11.0			52.5	23.0	55.0	
2019/9/1	1	第五班	1600米	(40-0)	好地	草地 - "B" 賽道	2	4	帝豪寶駒(C035)	莫雷拉	蘇偉賢	129	1179	7	短馬頭位	9 8 8 2	1:35.50	4.9	2nd Hot	-	1	V-/B2/TT	5	沙田	2.71		18.5		52.5	23.0		129.0
2019/9/1	1	第五班	1600米	(40-0)	好地	草地 - "B" 賽道	3	7	火天大有(V406)	田泰安	何良	121	1053	4	1/2	5 4 3 3	1:35.57	18	-	-	1	V	7	沙田	2.71			38.0			55.0	129.0
2019/9/1	1	第五班	1600米	(40-0)	好地	草地 - "B" 賽道	4	2	乘勝追擊(V369)	沈拿	韋達	132	1076	3	1-1/4	4 6 6 4	1:35.68	5.7	-	-	1	B	-	沙田	2.71							
2019/9/1	1	第五班	1600米	(40-0)	好地	草地 - "B" 賽道	5	1	金津輝煌(V400)	希威森	苗禮德	133	1155	8	1-1/2	8 7 7 5	1:35.71	7	-	-	1	B	6	沙田	2.71							
2019/9/1	1	第五班	1600米	(40-0)	好地	草地 - "B" 賽道	6	9	醒目快駒(B107)	巫顯東	鄭俊偉	112	1085	1	1-3/4	1 1 1 6	1:35.77	19	-	-	1	H/TT	6	沙田	2.71							
2019/9/1	1	第五班	1600米	(40-0)	好地	草地 - "B" 賽道	7	5	靚籐王(B425)	郭能	高伯新	126	1118	9	2	7 9 9 7	1:35.79	50	-	-	1	B	4	沙田	2.71							
2019/9/1	1	第五班	1600米	(40-0)	好地	草地 - "B" 賽道	8	6	黃埔之星(B146)	潘明輝	徐雨石	119	1139	5	7-1/2	2 2 4 8	1:36.67	14	-	-	1	 	-	沙田	2.71							
2019/9/1	1	第五班	1600米	(40-0)	好地	草地 - "B" 賽道	9	8	競駿飛鷹(B292)	蔡明紹	霍利時	120	1207	2	10-1/2	6 5 5 9	1:37.15	21	-	-	1	B2	5	沙田	2.71							
2019/9/1	2	第五班	1200米	(40-0)	好地	草地 - "B" 賽道	1	13	明月昇輝(A324)	貝力斯	韋達	122	1062	12	-	10 9 1	1:09.99	6.7	-	-	+ 1	PC-/H/P2	6	沙田	2.71	27.5			476.0	170.5	340.5	
2019/9/1	2	第五班	1200米	(40-0)	好地	草地 - "B" 賽道	2	2	葵涌精英(C173)	薛恩	高伯新	133	1111	13	2-1/2	12 12 2	1:10.38	11	-	-	1	 	4	沙田	2.71		34.5		476.0	170.5		574.5
2019/9/1	2	第五班	1200米	(40-0)	好地	草地 - "B" 賽道	3	8	金錢炮(T022)	何澤堯	呂健威	130	958	10	2-1/2	14 14 3	1:10.39	30	-	-	1	B/H/XB	8	沙田	2.71			71.0			340.5	574.5
2019/9/1	2	第五班	1200米	(40-0)	好地	草地 - "B" 賽道	4	14	印印腳(A277)	莫雷拉	蘇偉賢	116	1176	9	3	2 2 4	1:10.49	3.5	1st Hot	-	+ 1	SR1/TT	6	沙田	2.71							
2019/9/1	2	第五班	1200米	(40-0)	好地	草地 - "B" 賽道	5	7	越跑越好(T140)	潘頓	蘇保羅	131	1188	14	3-1/4	13 10 5	1:10.50	7.4	-	-	+ 1	B/TT	-	沙田	2.71							
2019/9/1	2	第五班	1200米	(40-0)	好地	草地 - "B" 賽道	6	1	百里名駒(C097)	利敬國	沈集成	133	1018	5	4	1 1 6	1:10.63	20	-	-	1	 	4	沙田	2.71							
2019/9/1	2	第五班	1200米	(40-0)	好地	草地 - "B" 賽道	7	4	爪皇轟天(A291)	郭能	霍利時	132	1101	11	4-1/2	8 7 7	1:10.72	21	-	-	+ 1	TT	6	沙田	2.71							
2019/9/1	2	第五班	1200米	(40-0)	好地	草地 - "B" 賽道	8	3	埼豐(A083)	黃皓楠	徐雨石	129	1044	1	4-1/2	3 3 8	1:10.72	39	-	-	1	 	7	沙田	2.71							
2019/9/1	2	第五班	1200米	(40-0)	好地	草地 - "B" 賽道	9	10	賞心星(C251)	沈拿	方嘉柏	129	1188	8	4-1/2	11 13 9	1:10.72	86	-	-	2	 	4	沙田	2.71							
2019/9/1	2	第五班	1200米	(40-0)	好地	草地 - "B" 賽道	10	5	香江世億(A407)	史卓豐	鄭俊偉	131	1160	7	5-3/4	7 8 10	1:10.90	6.5	2nd Hot	-	1	B/TT	-	沙田	2.71							
2019/9/1	2	第五班	1200米	(40-0)	好地	草地 - "B" 賽道	11	9	領闖者(A399)	蔡明紹	方嘉柏	130	1177	4	6-1/4	9 11 11	1:10.98	13	-	-	1	CP/TT	-	沙田	2.71							
2019/9/1	2	第五班	1200米	(40-0)	好地	草地 - "B" 賽道	12	11	合作愉快(T392)	梁家俊	文家良	128	1130	6	6-1/4	5 5 12	1:10.99	34	-	-	+ 1	H/TT	-	沙田	2.71							
2019/9/1	2	第五班	1200米	(40-0)	好地	草地 - "B" 賽道	13	12	銀城福星(V088)	陳嘉熙	丁冠豪	118	1159	3	6-1/4	4 4 13	1:11.01	10	-	-	+ 1	H/XB/TT	-	沙田	2.71							
2019/9/1	2	第五班	1200米	(40-0)	好地	草地 - "B" 賽道	14	6	劍追聲(B445)	田泰安	告東尼	131	1020	2	11	6 6 14	1:11.77	24	-	-	+ 1	B/TT	5	沙田	2.71							
2019/9/1	3	第一班	1200米	(90+)	好地	草地 - "B" 賽道	1	5	帝豪福星(B348)	潘頓	沈集成	120	1099	5	-	2 2 1	1:08.74	1.6	1st Hot	-		TT	4	沙田	2.71	10.1			42.0	20.5	102.0	
2019/9/1	3	第一班	1200米	(90+)	好地	草地 - "B" 賽道	2	2	四季旺(V410)	薛恩	沈集成	132	1049	1	1-1/2	6 5 2	1:08.99	8.1	-	-		TT	-	沙田	2.71		16.5		42.0	20.5		264.5
2019/9/1	3	第一班	1200米	(90+)	好地	草地 - "B" 賽道	3	6	旌暉(V077)	潘明輝	姚本輝	115	1078	7	2-1/2	5 6 3	1:09.15	50	-	-		B2	8	沙田	2.71			66.0			102.0	264.5
2019/9/1	3	第一班	1200米	(90+)	好地	草地 - "B" 賽道	4	7	薈力之城(B280)	莫雷拉	約翰摩亞	115	1168	2	4	1 1 4	1:09.40	3.9	2nd Hot	-		B	4	沙田	2.71							
2019/9/1	3	第一班	1200米	(90+)	好地	草地 - "B" 賽道	5	1	有理共想(B180)	田泰安	高伯新	133	1167	4	5	3 3 5	1:09.52	8.8	-	-		B	6	沙田	2.71							
2019/9/1	3	第一班	1200米	(90+)	好地	草地 - "B" 賽道	6	3	勝得威(A025)	杜美爾	告東尼	124	1096	3	6	7 7 6	1:09.71	35	-	-		CP2/TT	-	沙田	2.71							
2019/9/1	3	第一班	1200米	(90+)	好地	草地 - "B" 賽道	7	4	加州福星(A415)	沈拿	韋達	120	1256	6	6-1/4	4 4 7	1:09.73	28	-	-		B/TT	-	沙田	2.71							
2019/9/1	4	第四班	1200米	(60-40)	好地	草地 - "B" 賽道	1	3	加州更好(B204)	杜美爾	告東尼	130	1119	11	-	2 3 1	1:09.42	8.5	-	-	+ 1	B/TT	5	沙田	2.71	27.5			209.5	90.0	111.0	
2019/9/1	4	第四班	1200米	(60-40)	好地	草地 - "B" 賽道	2	10	老友威威(T349)	薛恩	葉楚航	124	1198	1	1-1/2	9 9 2	1:09.68	4.6	2nd Hot	-	+ 1	TT	8	沙田	2.71		16.0		209.5	90.0		46.5
2019/9/1	4	第四班	1200米	(60-40)	好地	草地 - "B" 賽道	3	2	順意寶(B164)	何澤堯	韋達	132	1132	5	1-3/4	12 11 3	1:09.70	4.2	1st Hot	-	+ 1	CP-	5	沙田	2.71			19.5			111.0	46.5
2019/9/1	4	第四班	1200米	(60-40)	好地	草地 - "B" 賽道	4	6	電子群星(C132)	梁家俊	文家良	129	1027	12	1-3/4	5 5 4	1:09.71	34	-	-	1	H	4	沙田	2.71							
2019/9/1	4	第四班	1200米	(60-40)	好地	草地 - "B" 賽道	5	5	傳奇(V357)	潘頓	呂健威	130	1137	8	2-1/4	10 10 5	1:09.78	6.2	-	-	+ 1	B/TT	7	沙田	2.71							
2019/9/1	4	第四班	1200米	(60-40)	好地	草地 - "B" 賽道	6	9	一路順風(C453)	莫雷拉	苗禮德	124	1114	4	2-3/4	6 6 6	1:09.85	39	-	-	1	 	4	沙田	2.71							
2019/9/1	4	第四班	1200米	(60-40)	好地	草地 - "B" 賽道	7	8	水箭龜(C450)	郭能	霍利時	124	1027	7	3	8 8 7	1:09.92	17	-	-	+ 1	 	4	沙田	2.71							
2019/9/1	4	第四班	1200米	(60-40)	好地	草地 - "B" 賽道	8	14	電訊火箭(C137)	田泰安	徐雨石	118	1056	10	3-1/4	7 7 8	1:09.93	7.8	-	-	1	 	5	沙田	2.71							
2019/9/1	4	第四班	1200米	(60-40)	好地	草地 - "B" 賽道	9	4	銀時(C216)	楊明綸	容天鵬	128	1123	3	3-3/4	4 4 9	1:10.00	18	-	-	1	 	5	沙田	2.71							
2019/9/1	4	第四班	1200米	(60-40)	好地	草地 - "B" 賽道	10	11	贏多多(C004)	李寶利	丁冠豪	123	1062	9	4	13 13 10	1:10.07	14	-	-	+ 1	CP/H	5	沙田	2.71							
2019/9/1	4	第四班	1200米	(60-40)	好地	草地 - "B" 賽道	11	12	創紀錄(C168)	黎海榮	沈集成	121	1096	6	4-1/2	11 12 11	1:10.15	238	-	-	1	B/TT	4	沙田	2.71							
2019/9/1	4	第四班	1200米	(60-40)	好地	草地 - "B" 賽道	12	1	大四喜(A301)	陳嘉熙	約翰摩亞	122	1208	14	7-1/4	3 2 12	1:10.59	15	-	-	+ 1	B/TT	-	沙田	2.71							
2019/9/1	4	第四班	1200米	(60-40)	好地	草地 - "B" 賽道	13	7	馬驕雄(B455)	蔡明紹	蘇偉賢	125	969	2	7-3/4	14 14 13	1:10.68	82	-	-	1	 	5	沙田	2.71							
2019/9/1	4	第四班	1200米	(60-40)	好地	草地 - "B" 賽道	14	13	自由旺(A209)	貝力斯	方嘉柏	121	1085	13	14	1 1 14	1:11.64	28	-	-	1	H/XB	-	沙田	2.71							
2019/9/1	5	第四班	1400米	(60-40)	好地	草地 - "B" 賽道	1	6	熱血鬥士(C360)	杜美爾	告東尼	126	1141	6	-	6 6 6 1	1:22.05	5.6	2nd Hot	-	1	TT	5	沙田	2.71	23.5			271.0	103.5	200.5	
2019/9/1	5	第四班	1400米	(60-40)	好地	草地 - "B" 賽道	2	11	三圓䮭路(C149)	莫雷拉	葉楚航	118	1111	8	3/4	2 3 2 2	1:22.18	7.6	-	-	+ 1	 	6	沙田	2.71		24.5		271.0	103.5		268.0
2019/9/1	5	第四班	1400米	(60-40)	好地	草地 - "B" 賽道	3	3	怪獸都市(A190)	巫顯東	何良	125	1124	9	3/4	1 1 1 3	1:22.20	17	-	-	+ 1	V-/H	6	沙田	2.71			48.5			200.5	268.0
2019/9/1	5	第四班	1400米	(60-40)	好地	草地 - "B" 賽道	4	2	珍珠鳳凰(B201)	薛恩	苗禮德	129	1023	2	1-1/2	8 9 7 4	1:22.29	5.9	-	-	+ 1	B	5	沙田	2.71							
2019/9/1	5	第四班	1400米	(60-40)	好地	草地 - "B" 賽道	5	5	遨遊神駒(B168)	利敬國	羅富全	127	1123	3	2-1/2	5 5 4 5	1:22.43	7.9	-	-	+ 1	V/TT	-	沙田	2.71							
2019/9/1	5	第四班	1400米	(60-40)	好地	草地 - "B" 賽道	6	12	醉醒神(B436)	何澤堯	呂健威	116	1049	13	2-3/4	7 7 8 6	1:22.50	14	-	-	1	H/XB	4	沙田	2.71							
2019/9/1	5	第四班	1400米	(60-40)	好地	草地 - "B" 賽道	7	13	探險家(C008)	田泰安	徐雨石	116	1086	14	4-1/4	14 14 13 7	1:22.71	4	1st Hot	-	+ 1	 	4	沙田	2.71							
2019/9/1	5	第四班	1400米	(60-40)	好地	草地 - "B" 賽道	8	8	奔馳寶馬(V038)	希威森	蘇保羅	122	1204	10	4-1/4	12 10 10 8	1:22.72	79	-	-	+ 1	B/TT	-	沙田	2.71							
2019/9/1	5	第四班	1400米	(60-40)	好地	草地 - "B" 賽道	9	10	牛精輝煌(A118)	潘明輝	鄭俊偉	116	1105	7	4-1/4	13 13 11 9	1:22.74	13	-	-	+ 1	H	7	沙田	2.71							
2019/9/1	5	第四班	1400米	(60-40)	好地	草地 - "B" 賽道	10	4	捉金皇(B460)	史卓豐	方嘉柏	127	1133	11	6-1/4	4 4 5 10	1:23.06	20	-	-	1	H/P	4	沙田	2.71							
2019/9/1	5	第四班	1400米	(60-40)	好地	草地 - "B" 賽道	11	7	潮州小子(T412)	楊明綸	容天鵬	123	1166	1	7-1/4	9 8 9 11	1:23.20	16	-	-	+ 1	TT	8	沙田	2.71							
2019/9/1	5	第四班	1400米	(60-40)	好地	草地 - "B" 賽道	12	1	真妙星(C059)	梁家俊	高伯新	133	1183	5	8-1/4	10 12 12 12	1:23.38	46	-	-	1	B/H	5	沙田	2.71							
2019/9/1	5	第四班	1400米	(60-40)	好地	草地 - "B" 賽道	13	14	幸運飛駒(A092)	蘇狄雄	文家良	114	1056	12	9-1/2	3 2 3 13	1:23.55	127	-	-	1	TT	8	沙田	2.71							
2019/9/1	5	第四班	1400米	(60-40)	好地	草地 - "B" 賽道	14	9	華麗再現(V326)	黎海榮	沈集成	121	1100	4	13-1/2	11 11 14 14	1:24.22	95	-	-	1	B/H/TT	-	沙田	2.71							
2019/9/1	6	第四班	1000米	(60-40)	好地	草地 - "B" 賽道	1	4	嘉應精英(C240)	楊明綸	容天鵬	128	1127	3	-	5 4 1	0:57.74	8.3	-	-	1	TT	4	沙田	2.71	21.5			83.5	31.5	115.0	
2019/9/1	6	第四班	1000米	(60-40)	好地	草地 - "B" 賽道	2	1	舞士精神(C180)	潘頓	方嘉柏	132	1122	8	頸位	3 3 2	0:57.79	2.2	1st Hot	-	+ 1	SR1/TT	4	沙田	2.71		10.5		83.5	31.5		62.0
2019/9/1	6	第四班	1000米	(60-40)	好地	草地 - "B" 賽道	3	5	陽光大地(A130)	陳嘉熙	高伯新	118	1092	11	1-1/4	9 10 3	0:57.94	15	-	-	+ 1	B	6	沙田	2.71			35.0			115.0	62.0
2019/9/1	6	第四班	1000米	(60-40)	好地	草地 - "B" 賽道	4	6	特醒(C060)	沈拿	韋達	127	1140	5	1-1/2	12 13 4	0:57.96	41	-	-	1	B/XB/TT-	5	沙田	2.71							
2019/9/1	6	第四班	1000米	(60-40)	好地	草地 - "B" 賽道	5	10	紅旺(C341)	潘明輝	葉楚航	121	1158	9	2	4 5 5	0:58.04	103	-	-	2	 	4	沙田	2.71							
2019/9/1	6	第四班	1000米	(60-40)	好地	草地 - "B" 賽道	6	9	天地僑福(C438)	蘇狄雄	葉楚航	122	1077	6	2-3/4	8 11 6	0:58.19	184	-	-	1	 	4	沙田	2.71							
2019/9/1	6	第四班	1000米	(60-40)	好地	草地 - "B" 賽道	7	7	愛添勝(B362)	薛恩	何良	127	1089	7	3-3/4	11 9 7	0:58.34	13	-	-	+ 1	 	5	沙田	2.71							
2019/9/1	6	第四班	1000米	(60-40)	好地	草地 - "B" 賽道	8	13	奇妙日(B332)	田泰安	苗禮德	122	1181	12	4	2 2 8	0:58.39	9.8	-	-	+ 1	B/TT	6	沙田	2.71							
2019/9/1	6	第四班	1000米	(60-40)	好地	草地 - "B" 賽道	9	2	奮鬥同心(C314)	莫雷拉	姚本輝	131	1188	13	4-3/4	1 1 9	0:58.49	3.1	2nd Hot	-	+ 1	CP1	4	沙田	2.71							
2019/9/1	6	第四班	1000米	(60-40)	好地	草地 - "B" 賽道	10	8	齊齊發(B356)	蔡明紹	鄭俊偉	126	1200	2	5-1/4	10 8 10	0:58.56	77	-	-	+ 1	B1	5	沙田	2.71							
2019/9/1	6	第四班	1000米	(60-40)	好地	草地 - "B" 賽道	11	11	表表馬(C233)	李寶利	丁冠豪	124	1141	4	5-1/4	14 14 11	0:58.57	242	-	-	1	H1	4	沙田	2.71							
2019/9/1	6	第四班	1000米	(60-40)	好地	草地 - "B" 賽道	12	3	西夏之王(C295)	郭能	霍利時	130	1057	1	5-3/4	13 12 12	0:58.65	270	-	-	1	CP/TT	4	沙田	2.71							
2019/9/1	6	第四班	1000米	(60-40)	好地	草地 - "B" 賽道	13	12	豹子膽(C389)	梁家俊	徐雨石	122	1121	14	6-1/2	6 7 13	0:58.77	80	-	-	1	 	3	沙田	2.71							
2019/9/1	6	第四班	1000米	(60-40)	好地	草地 - "B" 賽道	14	14	紅旗福星(B417)	黃皓楠	蘇偉賢	115	1135	10	8-1/4	7 6 14	0:59.06	231	-	-	1	TT	-	沙田	2.71							
2019/9/1	7	第三班	1200米	(80-60)	好地	草地 - "B" 賽道	1	3	金鎗六十(C238)	何澤堯	呂健威	130	1061	8	-	8 7 1	1:08.47	4.7	2nd Hot	-	1	 	4	沙田	2.71	14.5			35.5	17.5	94.5	
2019/9/1	7	第三班	1200米	(80-60)	好地	草地 - "B" 賽道	2	6	牛角仔(C234)	潘頓	蘇偉賢	126	1092	6	1-1/4	5 4 2	1:08.66	1.9	1st Hot	-	+ 1	 	4	沙田	2.71		10.1		35.5	17.5		58.5
2019/9/1	7	第三班	1200米	(80-60)	好地	草地 - "B" 賽道	3	7	一片光明(T268)	希威森	徐雨石	125	1003	5	2-1/2	3 3 3	1:08.87	25	-	-	1	 	-	沙田	2.71			45.0			94.5	58.5
2019/9/1	7	第三班	1200米	(80-60)	好地	草地 - "B" 賽道	4	4	開心好玩(B316)	黎海榮	沈集成	129	1137	1	3	2 1 4	1:08.93	5	-	-	+ 1	B/TT	6	沙田	2.71							
2019/9/1	7	第三班	1200米	(80-60)	好地	草地 - "B" 賽道	5	2	劍斷浪(V142)	蔡明紹	容天鵬	133	1167	7	3	1 2 5	1:08.95	16	-	-	1	 	-	沙田	2.71							
2019/9/1	7	第三班	1200米	(80-60)	好地	草地 - "B" 賽道	6	1	勇闖者(A030)	田泰安	蔡約翰	133	1097	9	3-1/4	9 9 6	1:08.99	44	-	-	+ 1	P/TT	-	沙田	2.71							
2019/9/1	7	第三班	1200米	(80-60)	好地	草地 - "B" 賽道	7	5	嘜誰嘜誰(C323)	杜美爾	告東尼	126	1168	2	4-1/2	7 8 7	1:09.18	96	-	-	1	B/TT	4	沙田	2.71							
2019/9/1	7	第三班	1200米	(80-60)	好地	草地 - "B" 賽道	8	9	瑩之光(B080)	莫雷拉	方嘉柏	117	1195	4	5-1/2	6 6 8	1:09.33	7.3	-	-	+ 1	B/TT	5	沙田	2.71							
2019/9/1	7	第三班	1200米	(80-60)	好地	草地 - "B" 賽道	9	8	原班人馬(C164)	巫顯東	葉楚航	117	1060	3	10-1/2	4 5 9	1:10.16	232	-	-	1	TT	5	沙田	2.71							
2019/9/1	8	第二班	1400米	(100-80)	好地	草地 - "B" 賽道	1	10	大金庫(C146)	梁家俊	高伯新	118	1086	3	-	3 4 3 1	1:21.34	29	-	-	+ 1	CP-/TT1	5	沙田	2.71	62.0			965.5	263.5	464.0	
2019/9/1	8	第二班	1400米	(100-80)	好地	草地 - "B" 賽道	2	2	百步穿雲(A165)	何澤堯	賀賢	130	1125	4	頸位	7 7 7 2	1:21.41	6.4	-	-	+ 1	H	7	沙田	2.71		21.0		965.5	263.5		118.0
2019/9/1	8	第二班	1400米	(100-80)	好地	草地 - "B" 賽道	3	8	美麗精神(B409)	巫顯東	告東尼	116	1273	1	1-1/2	2 3 4 3	1:21.57	10	-	-	1	CP/TT	5	沙田	2.71			35.5			464.0	118.0
2019/9/1	8	第二班	1400米	(100-80)	好地	草地 - "B" 賽道	4	9	蒙古王(A098)	希威森	徐雨石	119	1100	8	2	11 11 10 4	1:21.65	12	-	W P Big(PQ)	1	 	7	沙田	2.71							
2019/9/1	8	第二班	1400米	(100-80)	好地	草地 - "B" 賽道	5	11	幸福掌聲(C492)	莫雷拉	沈集成	118	1091	6	2-1/4	10 10 11 5	1:21.69	7.8	-	-	1	SR1/TT1	4	沙田	2.71							
2019/9/1	8	第二班	1400米	(100-80)	好地	草地 - "B" 賽道	6	6	駿皇綵(A170)	蔡明紹	約翰摩亞	121	1038	7	2-3/4	5 5 5 6	1:21.78	21	-	-	1	CP	6	沙田	2.71							
2019/9/1	8	第二班	1400米	(100-80)	好地	草地 - "B" 賽道	7	1	紅衣優駿(A039)	陳嘉熙	羅富全	123	1172	11	3-1/2	4 2 2 7	1:21.91	8	-	-	1	B	6	沙田	2.71							
2019/9/1	8	第二班	1400米	(100-80)	好地	草地 - "B" 賽道	8	4	勁無比(B034)	利敬國	羅富全	122	1075	2	4-1/2	8 8 8 8	1:22.07	5.9	2nd Hot	-	2	V	5	沙田	2.71							
2019/9/1	8	第二班	1400米	(100-80)	好地	草地 - "B" 賽道	9	5	得勝駒(B112)	潘頓	韋達	121	1114	5	4-1/2	9 9 9 9	1:22.08	3.1	1st Hot	Big(PQ)	1	B/XB/TT-	5	沙田	2.71							
2019/9/1	8	第二班	1400米	(100-80)	好地	草地 - "B" 賽道	10	12	一舖縱橫(B385)	楊明綸	丁冠豪	115	1042	10	4-1/2	1 1 1 10	1:22.08	22	-	-	1	H/TT	5	沙田	2.71							
2019/9/1	8	第二班	1400米	(100-80)	好地	草地 - "B" 賽道	11	3	勇猛神駒(C462)	薛恩	沈集成	122	1127	9	6-1/2	6 6 6 11	1:22.37	66	-	-	2	TT1	4	沙田	2.71							
2019/9/1	8	第二班	1400米	(100-80)	好地	草地 - "B" 賽道	12	7	精彩輝煌(B411)	田泰安	方嘉柏	121	1080	12	7-1/2	12 12 12 12	1:22.56	123	-	-	1	 	5	沙田	2.71							
2019/9/1	9	第三班	1000米	(80-60)	好地	草地 - "B" 賽道	1	1	萬事叻(C022)	陳嘉熙	告東尼	123	1133	3	-	1 1 1	0:56.91	13	-	-	1	B/TT	5	沙田	2.71	26.5			477.5	116.0	327.5	
2019/9/1	9	第三班	1000米	(80-60)	好地	草地 - "B" 賽道	2	8	極速前進(V390)	梁家俊	容天鵬	118	1234	2	短馬頭位	3 3 2	0:56.92	10	-	-	1	V/TT	6	沙田	2.71		21.5		477.5	116.0		245.5
2019/9/1	9	第三班	1000米	(80-60)	好地	草地 - "B" 賽道	3	4	追風者(B414)	薛恩	丁冠豪	126	1112	11	頸位	8 6 3	0:56.98	25	-	-	1	B-	5	沙田	2.71			49.0			327.5	245.5
2019/9/1	9	第三班	1000米	(80-60)	好地	草地 - "B" 賽道	4	3	京京千里(V328)	潘頓	賀賢	126	1078	12	2-3/4	4 4 4	0:57.33	5.4	2nd Hot	-	+ 1	CP	-	沙田	2.71							
2019/9/1	9	第三班	1000米	(80-60)	好地	草地 - "B" 賽道	5	10	神威敖翔(V150)	何澤堯	方嘉柏	117	1167	4	2-3/4	11 12 5	0:57.34	16	-	-	1	PC/TT	-	沙田	2.71							
2019/9/1	9	第三班	1000米	(80-60)	好地	草地 - "B" 賽道	6	11	正陽清風(B343)	蔡明紹	姚本輝	115	1149	7	3	12 11 6	0:57.40	31	-	-	+ 1	B	5	沙田	2.71							
2019/9/1	9	第三班	1000米	(80-60)	好地	草地 - "B" 賽道	7	9	連利福將(B475)	潘明輝	葉楚航	114	1068	10	4-3/4	5 8 7	0:57.65	20	-	-	1	 	4	沙田	2.71							
2019/9/1	9	第三班	1000米	(80-60)	好地	草地 - "B" 賽道	8	7	知道必勝(C383)	莫雷拉	沈集成	121	1190	5	5-1/4	7 5 8	0:57.77	1.6	1st Hot	-	+ 1	TT	3	沙田	2.71							
2019/9/1	9	第三班	1000米	(80-60)	好地	草地 - "B" 賽道	9	2	神舟寶駒(C269)	沈拿	徐雨石	132	1177	6	6-1/2	10 10 9	0:57.95	175	-	-	1	 	6	沙田	2.71							
2019/9/1	9	第三班	1000米	(80-60)	好地	草地 - "B" 賽道	10	6	夢幻仙子(V222)	田泰安	蘇偉賢	121	1155	9	8-1/4	9 7 10	0:58.23	42	-	-	1	TT	7	沙田	2.71							
2019/9/1	9	第三班	1000米	(80-60)	好地	草地 - "B" 賽道	11	5	美麗天驕(C274)	利敬國	約翰摩亞	124	1089	8	9-3/4	2 2 11	0:58.49	28	-	-	1	CP/TT1	-	沙田	2.71							
2019/9/1	9	第三班	1000米	(80-60)	好地	草地 - "B" 賽道	12	12	威先生(T334)	黎海榮	何良	114	1246	1	11-1/2	6 9 12	0:58.75	143	-	-	1	H2/P2	-	沙田	2.71							
2019/9/1	10	第三班	1400米	(80-60)	好地	草地 - "B" 賽道	1	5	蟲草之星(B070)	何澤堯	呂健威	126	1174	6	-	4 3 1 1	1:21.60	3.5	1st Hot	-	+ 1	B	5	沙田	2.71	14.0			164.5	61.5	72.5	
2019/9/1	10	第三班	1400米	(80-60)	好地	草地 - "B" 賽道	2	7	全民佳知(C288)	潘頓	告東尼	123	1113	3	1	5 6 5 2	1:21.76	9.3	-	-	1	CP/H/TT	4	沙田	2.71		29.5		164.5	61.5		158.0
2019/9/1	10	第三班	1400米	(80-60)	好地	草地 - "B" 賽道	3	1	帝豪寶寶(A050)	巫顯東	沈集成	130	1150	10	2	11 10 7 3	1:21.92	11	-	-	1	B/TT	6	沙田	2.71			36.0			72.5	158.0
2019/9/1	10	第三班	1400米	(80-60)	好地	草地 - "B" 賽道	4	10	美麗日子(B076)	楊明綸	容天鵬	116	1126	7	2-1/4	1 1 2 4	1:21.95	6.9	-	-	+ 1	B/H	6	沙田	2.71							
2019/9/1	10	第三班	1400米	(80-60)	好地	草地 - "B" 賽道	5	9	蒙古傳奇(B317)	莫雷拉	徐雨石	121	1130	2	2-1/2	10 11 9 5	1:21.99	4.5	2nd Hot	-	+ 1	 	6	沙田	2.71							
2019/9/1	10	第三班	1400米	(80-60)	好地	草地 - "B" 賽道	6	13	歡樂小子(S235)	黎海榮	文家良	118	1264	1	3-3/4	7 8 8 6	1:22.21	34	-	-	+ 1	V	9	沙田	2.71							
2019/9/1	10	第三班	1400米	(80-60)	好地	草地 - "B" 賽道	7	6	首飾大帝(V333)	薛恩	蔡約翰	126	1146	5	4-1/2	8 7 10 7	1:22.32	57	-	-	+ 1	B	-	沙田	2.71							
2019/9/1	10	第三班	1400米	(80-60)	好地	草地 - "B" 賽道	8	14	好計(B432)	蔡明紹	方嘉柏	116	1065	4	4-1/2	12 12 12 8	1:22.33	31	-	-	1	V/XB	5	沙田	2.71							
2019/9/1	10	第三班	1400米	(80-60)	好地	草地 - "B" 賽道	9	11	鴻圖巨星(C163)	陳嘉熙	羅富全	108	1033	13	4-3/4	3 4 4 9	1:22.37	54	-	-	+ 1	H	5	沙田	2.71							
2019/9/1	10	第三班	1400米	(80-60)	好地	草地 - "B" 賽道	10	8	美麗動力(B149)	田泰安	約翰摩亞	121	1073	8	5	2 2 3 10	1:22.38	6.3	-	-	+ 1	B/TT	-	沙田	2.71							
2019/9/1	10	第三班	1400米	(80-60)	好地	草地 - "B" 賽道	11	3	共創歡樂(C210)	郭能	何良	129	1035	11	5-1/2	9 9 11 11	1:22.47	285	-	-	1	H/SR	5	沙田	2.71							
2019/9/1	10	第三班	1400米	(80-60)	好地	草地 - "B" 賽道	12	2	中華之光(A168)	蘇狄雄	葉楚航	128	1090	9	7-1/4	13 14 13 12	1:22.76	199	-	-	1	P-/TT	6	沙田	2.71							
2019/9/1	10	第三班	1400米	(80-60)	好地	草地 - "B" 賽道	13	12	大聚會(V293)	希威森	高伯新	118	1074	12	9	14 13 14 13	1:23.04	175	-	-	1	CP	7	沙田	2.71							
2019/9/1	10	第三班	1400米	(80-60)	好地	草地 - "B" 賽道	14	4	利害了(C367)	史卓豐	韋達	129	1089	14	9-1/2	6 5 6 14	1:23.13	9.9	-	-	1	CP-/B1	4	沙田	2.71							
2019/9/8	1	第五班	1200米	(40-0)	好地	全天候跑道	1	2	福喜多多(B128)	莫雷拉	呂健威	133	1106	1	-	4 4 1	1:09.52	2.9	1st Hot	-	+ 1	B1	5	沙田	2.7	14.0			53.5	22.0	23.5	
2019/9/8	1	第五班	1200米	(40-0)	好地	全天候跑道	2	6	洪荒駿駒(A031)	薛恩	徐雨石	128	1117	2	1-3/4	6 5 2	1:09.81	3	2nd Hot	-	+ 1	V	6	沙田	2.7		12.5		53.5	22.0		25.5
2019/9/8	1	第五班	1200米	(40-0)	好地	全天候跑道	3	1	勁快步(A053)	潘頓	高伯新	133	1130	6	2-1/2	1 1 3	1:09.90	4.2	-	-	+ 1	B	7	沙田	2.7			15.0			23.5	25.5
2019/9/8	1	第五班	1200米	(40-0)	好地	全天候跑道	4	10	樂無極(B277)	潘明輝	文家良	115	1077	5	4	2 2 4	1:10.17	17	-	-	1	B-/V1	5	沙田	2.7							
2019/9/8	1	第五班	1200米	(40-0)	好地	全天候跑道	5	5	蜜運(B341)	蘇狄雄	葉楚航	128	1040	3	4-3/4	8 6 5	1:10.29	53	-	-	1	H-/B/TT	-	沙田	2.7							
2019/9/8	1	第五班	1200米	(40-0)	好地	全天候跑道	6	9	聚歡笑(T282)	田泰安	蘇保羅	122	1016	7	7-3/4	3 3 6	1:10.77	21	-	-	1	B/H	-	沙田	2.7							
2019/9/8	1	第五班	1200米	(40-0)	好地	全天候跑道	7	8	砂漿邦(A097)	黎海榮	何良	127	1119	4	9-3/4	5 7 7	1:11.09	17	-	-	+ 1	TT-	-	沙田	2.7							
2019/9/8	1	第五班	1200米	(40-0)	好地	全天候跑道	8	7	神火金剛(B004)	梁家俊	葉楚航	127	1074	8	11-1/4	9 8 8	1:11.33	39	-	-	2	TT-	6	沙田	2.7							
2019/9/8	1	第五班	1200米	(40-0)	好地	全天候跑道	9	3	至尊大師(A357)	杜美爾	告東尼	132	1279	10	14-3/4	7 9 9	1:11.89	11	-	-	1	B/TT	6	沙田	2.7							
2019/9/8	1	第五班	1200米	(40-0)	好地	全天候跑道	10	4	好友祥勝(C220)	巫顯東	丁冠豪	129	1047	9	18-1/4	10 10 10	1:12.44	75	-	-	1	B	4	沙田	2.7							
2019/9/8	2	第四班	1600米	(60-40)	好地	草地 - "C" 賽道	1	9	加州明雋(B363)	田泰安	告東尼	115	1123	4	-	1 1 1 1	1:34.59	3.8	2nd Hot	-	1	B-/TT	5	沙田	2.7	15.5			41.0	20.5	40.0	
2019/9/8	2	第四班	1600米	(60-40)	好地	草地 - "C" 賽道	2	2	快樂實在(A152)	莫雷拉	容天鵬	130	1168	6	2	6 6 5 2	1:34.90	2	1st Hot	-	1	 	6	沙田	2.7		12.0		41.0	20.5		30.0
2019/9/8	2	第四班	1600米	(60-40)	好地	草地 - "C" 賽道	3	3	陽光(A371)	李寶利	呂健威	128	1128	1	3-3/4	3 3 3 3	1:35.17	8.9	-	-	1	V	6	沙田	2.7			18.5			40.0	30.0
2019/9/8	2	第四班	1600米	(60-40)	好地	草地 - "C" 賽道	4	1	大眾精英(A416)	潘頓	羅富全	133	1055	7	3-3/4	4 4 4 4	1:35.18	7.9	-	-	1	XB	-	沙田	2.7							
2019/9/8	2	第四班	1600米	(60-40)	好地	草地 - "C" 賽道	5	7	新界之星(A081)	梁家俊	姚本輝	119	1042	9	3-3/4	2 2 2 5	1:35.21	11	-	-	1	 	6	沙田	2.7							
2019/9/8	2	第四班	1600米	(60-40)	好地	草地 - "C" 賽道	6	8	事必獲利(T002)	史卓豐	方嘉柏	119	1135	3	4-1/2	8 8 7 6	1:35.31	40	-	-	1	TT	-	沙田	2.7							
2019/9/8	2	第四班	1600米	(60-40)	好地	草地 - "C" 賽道	7	4	君臨大地(V192)	黎海榮	何良	124	981	5	6	9 9 9 7	1:35.57	12	-	-	+ 1	SR/TT	8	沙田	2.7							
2019/9/8	2	第四班	1600米	(60-40)	好地	草地 - "C" 賽道	8	5	蒜頭爺爺(V039)	沈拿	葉楚航	121	1019	2	7	7 7 8 8	1:35.72	88	-	-	1	B	7	沙田	2.7							
2019/9/8	2	第四班	1600米	(60-40)	好地	草地 - "C" 賽道	9	6	盛勢(V243)	潘明輝	葉楚航	118	1073	8	7-1/4	5 5 6 9	1:35.74	79	-	-	2	 	7	沙田	2.7							
2019/9/8	3	第五班	1400米	(40-0)	好地至快地	草地 - "C" 賽道	1	4	麯院風荷(T112)	史卓豐	蘇偉賢	132	1055	8	-	12 11 8 1	1:21.93	6.5	-	-	+ 1	B/XB/TT	-	沙田	2.7	22.5			1400.0	369.5	365.5	
2019/9/8	3	第五班	1400米	(40-0)	好地至快地	草地 - "C" 賽道	2	13	艦長天下(B096)	蔡明紹	苗禮德	125	1153	10	短馬頭位	3 3 2 2	1:21.94	30	-	-	1	B/XB/TT	-	沙田	2.7		75.5		1400.0	369.5		1288.0
2019/9/8	3	第五班	1400米	(40-0)	好地至快地	草地 - "C" 賽道	3	1	晴朗拍檔(B071)	杜美爾	霍利時	133	1088	5	1	4 4 4 3	1:22.10	46	-	-	+ 1	 	6	沙田	2.7			101.0			365.5	1288.0
2019/9/8	3	第五班	1400米	(40-0)	好地至快地	草地 - "C" 賽道	4	2	勁飛寶寶(A267)	薛恩	容天鵬	133	1183	9	3-1/2	5 6 6 4	1:22.48	5.5	-	-	+ 1	 	6	沙田	2.7							
2019/9/8	3	第五班	1400米	(40-0)	好地至快地	草地 - "C" 賽道	5	12	依斯堅(B028)	潘頓	賀賢	128	1139	7	3-3/4	9 10 10 5	1:22.53	3.3	1st Hot	-	+ 1	B	5	沙田	2.7							
2019/9/8	3	第五班	1400米	(40-0)	好地至快地	草地 - "C" 賽道	6	6	薪勇(A340)	黎海榮	文家良	131	1153	6	5-1/4	11 9 9 6	1:22.75	16	-	-	1	B	-	沙田	2.7							
2019/9/8	3	第五班	1400米	(40-0)	好地至快地	草地 - "C" 賽道	7	9	威武風采(B379)	黃皓楠	丁冠豪	127	1074	14	6	13 13 12 7	1:22.90	198	-	-	1	B-/V1	-	沙田	2.7							
2019/9/8	3	第五班	1400米	(40-0)	好地至快地	草地 - "C" 賽道	8	14	財帥(B134)	希威森	蘇保羅	115	1074	4	7-1/2	6 5 5 8	1:23.13	12	-	-	+ 1	B/H	5	沙田	2.7							
2019/9/8	3	第五班	1400米	(40-0)	好地至快地	草地 - "C" 賽道	9	8	駿協精英(V207)	沈拿	何良	130	1140	13	7-3/4	10 12 13 9	1:23.17	82	-	-	1	H/SR	7	沙田	2.7							
2019/9/8	3	第五班	1400米	(40-0)	好地至快地	草地 - "C" 賽道	10	5	開心大師(B222)	莫雷拉	方嘉柏	131	1073	1	8-1/2	8 7 7 10	1:23.28	4.2	2nd Hot	-	1	TT	5	沙田	2.7							
2019/9/8	3	第五班	1400米	(40-0)	好地至快地	草地 - "C" 賽道	11	7	紅磚勇士(C304)	利敬國	沈集成	131	1042	11	12-1/2	1 1 1 11	1:23.94	44	-	-	1	B1/TT	4	沙田	2.7							
2019/9/8	3	第五班	1400米	(40-0)	好地至快地	草地 - "C" 賽道	12	3	勁嘉輝(T236)	潘明輝	徐雨石	129	1124	3	13-1/2	14 14 14 12	1:24.09	17	-	-	1	V1	-	沙田	2.7							
2019/9/8	3	第五班	1400米	(40-0)	好地至快地	草地 - "C" 賽道	13	10	新獵狐者(B389)	李寶利	呂健威	130	1190	2	14-1/2	7 8 11 13	1:24.24	74	-	-	1	B1/TT-	5	沙田	2.7							
2019/9/8	3	第五班	1400米	(40-0)	好地至快地	草地 - "C" 賽道	14	11	為您贏(B157)	郭能	鄭俊偉	130	1238	12	21-1/4	2 2 3 14	1:25.31	31	-	-	1	B-	-	沙田	2.7							
2019/9/8	4	第四班	1200米	(60-40)	好地至快地	草地 - "C" 賽道	1	3	發財寶(B220)	沈拿	韋達	128	1038	2	-	1 1 1	1:08.81	3.4	1st Hot	-	+ 1	B	5	沙田	2.7	15.5			105.5	46.5	88.5	
2019/9/8	4	第四班	1200米	(60-40)	好地至快地	草地 - "C" 賽道	2	6	晨曦飛馬(C351)	潘頓	方嘉柏	126	1010	8	2-3/4	6 6 2	1:09.25	4.8	2nd Hot	-	+ 1	TT1	5	沙田	2.7		20.5		105.5	46.5		129.5
2019/9/8	4	第四班	1200米	(60-40)	好地至快地	草地 - "C" 賽道	3	10	馬功臣(A296)	田泰安	蘇偉賢	123	1117	11	3-1/4	11 9 3	1:09.33	16	-	-	* 1	B/E/TT	6	沙田	2.7			40.0			88.5	129.5
2019/9/8	4	第四班	1200米	(60-40)	好地至快地	草地 - "C" 賽道	4	2	壽臣(C326)	郭能	約翰摩亞	133	1138	1	3-3/4	5 3 4	1:09.40	18	-	-	1	B	4	沙田	2.7							
2019/9/8	4	第四班	1200米	(60-40)	好地至快地	草地 - "C" 賽道	5	4	濃有(C244)	梁家俊	文家良	118	1101	5	5-3/4	4 5 5	1:09.74	45	-	-	1	 	4	沙田	2.7							
2019/9/8	4	第四班	1200米	(60-40)	好地至快地	草地 - "C" 賽道	6	1	乘勢歡心(C423)	楊明綸	容天鵬	131	1094	12	6	9 11 6	1:09.76	9.5	-	-	1	 	4	沙田	2.7							
2019/9/8	4	第四班	1200米	(60-40)	好地至快地	草地 - "C" 賽道	7	7	醉翁意(C016)	薛恩	蔡約翰	125	1046	3	6	8 7 7	1:09.78	15	-	-	1	P1	4	沙田	2.7							
2019/9/8	4	第四班	1200米	(60-40)	好地至快地	草地 - "C" 賽道	8	11	千里駿駒(C253)	蘇狄雄	葉楚航	118	1208	7	6-1/2	3 4 8	1:09.83	14	-	-	* 1	 	4	沙田	2.7							
2019/9/8	4	第四班	1200米	(60-40)	好地至快地	草地 - "C" 賽道	9	5	勁瀟灑(C252)	莫雷拉	羅富全	127	1088	6	6-1/2	2 2 9	1:09.84	5.2	-	-	+ 1	XB/B1/TT	4	沙田	2.7							
2019/9/8	4	第四班	1200米	(60-40)	好地至快地	草地 - "C" 賽道	10	9	星河戰駒(C245)	潘明輝	丁冠豪	120	1108	10	8	12 12 10	1:10.08	243	-	-	1	 	4	沙田	2.7							
2019/9/8	4	第四班	1200米	(60-40)	好地至快地	草地 - "C" 賽道	11	8	奮鬥揚威(C354)	巫顯東	何良	122	1116	4	8-1/4	10 8 11	1:10.14	124	-	-	1	H	5	沙田	2.7							
2019/9/8	4	第四班	1200米	(60-40)	好地至快地	草地 - "C" 賽道	12	12	話晒事(B239)	利敬國	告東尼	119	1009	9	8-1/2	7 10 12	1:10.15	7.6	-	-	+ 1	B/TT	-	沙田	2.7							
2019/9/8	4	第四班	1200米	(60-40)	好地至快地	草地 - "C" 賽道	WV		上浦精神(C350)	黎海榮	沈集成	128	---	---	---	---	---	---	-	-	-	-	5	沙田	2.7							
2019/9/8	5	第四班	1200米	(60-40)	好地	全天候跑道	1	8	理想回報(A305)	莫雷拉	沈集成	121	1071	4	-	5 5 1	1:09.47	11	-	-	+ 1	P2/TT	7	沙田	2.7	32.5			232.5	80.5	74.0	
2019/9/8	5	第四班	1200米	(60-40)	好地	全天候跑道	2	5	如真如假(C222)	郭能	方嘉柏	129	1122	9	1/2	3 2 2	1:09.55	3.6	2nd Hot	-	+ 1	 	4	沙田	2.7		16.5		232.5	80.5		36.5
2019/9/8	5	第四班	1200米	(60-40)	好地	全天候跑道	3	1	好運(B376)	潘頓	約翰摩亞	133	1172	2	1/2	7 6 3	1:09.56	3.4	1st Hot	-	+ 1	CP-/PC2	5	沙田	2.7			16.0			74.0	36.5
2019/9/8	5	第四班	1200米	(60-40)	好地	全天候跑道	4	9	心所欲(B017)	田泰安	苗禮德	121	1082	11	1-1/2	10 10 4	1:09.70	16	-	-	+ 1	XB/TT	6	沙田	2.7							
2019/9/8	5	第四班	1200米	(60-40)	好地	全天候跑道	5	11	笑春風(A011)	楊明綸	丁冠豪	117	1115	5	1-1/2	1 1 5	1:09.72	10	-	-	+ 1	B	6	沙田	2.7							
2019/9/8	5	第四班	1200米	(60-40)	好地	全天候跑道	6	4	心慷慨(V394)	巫顯東	葉楚航	126	1108	6	4-1/4	8 7 6	1:10.16	11	-	-	+ 1	H-/XB/P2	-	沙田	2.7							
2019/9/8	5	第四班	1200米	(60-40)	好地	全天候跑道	7	6	君悅灣(P421)	陳嘉熙	鄭俊偉	118	1228	1	5-1/2	2 4 7	1:10.35	6.4	-	-	+ 1	B/TT	9	沙田	2.7							
2019/9/8	5	第四班	1200米	(60-40)	好地	全天候跑道	8	3	天賜寶(V401)	薛恩	徐雨石	131	1092	12	6-3/4	4 3 8	1:10.54	13	-	-	+ 1	H	6	沙田	2.7							
2019/9/8	5	第四班	1200米	(60-40)	好地	全天候跑道	9	12	協力神駒(B364)	蔡明紹	高伯新	117	1092	7	7-1/2	11 9 9	1:10.66	21	-	-	1	CP	-	沙田	2.7							
2019/9/8	5	第四班	1200米	(60-40)	好地	全天候跑道	10	7	驃騎飛(C456)	蘇狄雄	蘇偉賢	125	1133	3	7-3/4	12 12 10	1:10.72	309	-	-	1	 	4	沙田	2.7							
2019/9/8	5	第四班	1200米	(60-40)	好地	全天候跑道	11	2	一代莊主(C419)	沈拿	葉楚航	132	1096	8	8-3/4	6 8 11	1:10.85	107	-	-	2	 	4	沙田	2.7							
2019/9/8	5	第四班	1200米	(60-40)	好地	全天候跑道	12	10	常山耆寶(A275)	黎海榮	文家良	119	1035	10	11	9 11 12	1:11.25	50	-	-	1	P	6	沙田	2.7							
2019/9/8	6	第四班	1400米	(60-40)	好地至快地	草地 - "C" 賽道	1	9	天意(V417)	田泰安	蘇保羅	121	1107	8	-	5 6 3 1	1:21.39	5.2	2nd Hot	-	1	B	6	沙田	2.7	19.0			226.0	79.5	53.0	
2019/9/8	6	第四班	1400米	(60-40)	好地至快地	草地 - "C" 賽道	2	5	都市神話(A086)	薛恩	容天鵬	126	1009	9	頭位	8 9 11 2	1:21.43	7	-	-	+ 1	B	6	沙田	2.7		24.0		226.0	79.5		86.0
2019/9/8	6	第四班	1400米	(60-40)	好地至快地	草地 - "C" 賽道	3	1	數糊勇士(B421)	潘頓	羅富全	132	1182	11	1-3/4	6 8 6 3	1:21.69	5.8	-	-	1	B/SR	4	沙田	2.7			21.5			53.0	86.0
2019/9/8	6	第四班	1400米	(60-40)	好地至快地	草地 - "C" 賽道	4	7	芙蓉莊(B339)	史卓豐	姚本輝	124	1005	2	2-3/4	7 4 2 4	1:21.84	14	-	-	+ 1	V-/B2	5	沙田	2.7							
2019/9/8	6	第四班	1400米	(60-40)	好地至快地	草地 - "C" 賽道	5	11	南莊瑞寶(B428)	楊明綸	呂健威	117	1164	3	3-1/2	10 7 4 5	1:21.95	13	-	-	1	B/H	5	沙田	2.7							
2019/9/8	6	第四班	1400米	(60-40)	好地至快地	草地 - "C" 賽道	6	14	七寶(B314)	蔡明紹	約翰摩亞	117	1074	4	3-1/2	12 12 12 6	1:21.97	19	-	-	1	B/TT	-	沙田	2.7							
2019/9/8	6	第四班	1400米	(60-40)	好地至快地	草地 - "C" 賽道	7	10	鑽石達人(V341)	莫雷拉	告東尼	121	1153	6	5	9 10 7 7	1:22.19	5.9	-	-	1	V/TT	7	沙田	2.7							
2019/9/8	6	第四班	1400米	(60-40)	好地至快地	草地 - "C" 賽道	8	13	醉開心(B286)	潘明輝	葉楚航	115	1062	13	5	11 11 10 8	1:22.21	47	-	-	+ 1	P-/E/TT	5	沙田	2.7							
2019/9/8	6	第四班	1400米	(60-40)	好地至快地	草地 - "C" 賽道	9	2	舉世無雙(A310)	郭能	高伯新	131	1140	12	8-1/4	14 14 13 9	1:22.71	60	-	-	1	B/H	6	沙田	2.7							
2019/9/8	6	第四班	1400米	(60-40)	好地至快地	草地 - "C" 賽道	10	8	真跑得(A220)	貝力斯	方嘉柏	123	1092	5	13-1/4	13 13 14 10	1:23.53	47	-	-	1	H/PC/XB	5	沙田	2.7							
2019/9/8	6	第四班	1400米	(60-40)	好地至快地	草地 - "C" 賽道	11	6	首賞(C255)	黃皓楠	丁冠豪	123	1111	7	16-1/2	2 3 9 11	1:24.01	301	-	-	1	B/H/TT	4	沙田	2.7							
2019/9/8	6	第四班	1400米	(60-40)	好地至快地	草地 - "C" 賽道	12	3	閃電烈馬(C201)	沈拿	徐雨石	129	1137	14	16-3/4	1 2 5 12	1:24.06	65	-	-	1	 	4	沙田	2.7							
2019/9/8	6	第四班	1400米	(60-40)	好地至快地	草地 - "C" 賽道	13	12	凱旋戰士(C185)	希威森	文家良	119	1084	10	18-1/4	4 5 8 13	1:24.31	248	-	-	1	H1	4	沙田	2.7							
2019/9/8	6	第四班	1400米	(60-40)	好地至快地	草地 - "C" 賽道	14	4	叫座力(B267)	利敬國	沈集成	127	1092	1	19-1/4	3 1 1 14	1:24.47	3.8	1st Hot	-	1	H/TT	5	沙田	2.7							
2019/9/8	7	第三班	1200米	(80-60)	好地至快地	草地 - "C" 賽道	1	8	聰明導彈(C037)	潘頓	蘇偉賢	123	1081	4	-	8 5 1	1:08.60	3.2	2nd Hot	-	+ 1	B/TT	4	沙田	2.7	10.5			637.0	175.0	87.0	
2019/9/8	7	第三班	1200米	(80-60)	好地至快地	草地 - "C" 賽道	2	10	德勝門(C375)	陳嘉熙	容天鵬	107	1153	8	頸位	1 1 2	1:08.65	45	-	-	3	B	4	沙田	2.7		79.5		637.0	175.0		871.5
2019/9/8	7	第三班	1200米	(80-60)	好地至快地	草地 - "C" 賽道	3	2	巡航導彈(B337)	楊明綸	容天鵬	131	1173	1	2	5 3 3	1:08.91	31	-	-	2	 	5	沙田	2.7			57.5			87.0	871.5
2019/9/8	7	第三班	1200米	(80-60)	好地至快地	草地 - "C" 賽道	4	4	安喜(V338)	郭能	約翰摩亞	127	1121	9	2-1/4	9 9 4	1:08.98	49	-	-	1	PC-/B2/TT	-	沙田	2.7							
2019/9/8	7	第三班	1200米	(80-60)	好地至快地	草地 - "C" 賽道	5	11	赤水神駒(V364)	莫雷拉	葉楚航	116	1174	5	2-1/2	2 2 5	1:08.99	12	-	-	1	 	6	沙田	2.7							
2019/9/8	7	第三班	1200米	(80-60)	好地至快地	草地 - "C" 賽道	6	5	太陽威威(C111)	李寶利	羅富全	127	1024	7	2-1/2	6 8 6	1:09.00	10	-	-	1	 	4	沙田	2.7							
2019/9/8	7	第三班	1200米	(80-60)	好地至快地	草地 - "C" 賽道	7	6	勝利風範(C186)	杜美爾	呂健威	124	1115	10	3	3 4 7	1:09.08	1.9	1st Hot	-	1	 	4	沙田	2.7							
2019/9/8	7	第三班	1200米	(80-60)	好地至快地	草地 - "C" 賽道	8	7	與你同行(C258)	黎海榮	沈集成	123	1074	3	3	7 7 8	1:09.09	264	-	-	1	TT	5	沙田	2.7							
2019/9/8	7	第三班	1200米	(80-60)	好地至快地	草地 - "C" 賽道	9	1	無限商機(C432)	史卓豐	丁冠豪	133	1178	11	3-1/4	11 11 9	1:09.14	79	-	-	1	H1	4	沙田	2.7							
2019/9/8	7	第三班	1200米	(80-60)	好地至快地	草地 - "C" 賽道	10	3	紅心傾(C145)	田泰安	告東尼	130	1033	6	3-3/4	10 10 10	1:09.19	9.7	-	-	1	B/TT	5	沙田	2.7							
2019/9/8	7	第三班	1200米	(80-60)	好地至快地	草地 - "C" 賽道	11	9	翹軍(B424)	薛恩	容天鵬	123	1093	12	5	12 12 11	1:09.41	52	-	-	1	 	6	沙田	2.7							
2019/9/8	7	第三班	1200米	(80-60)	好地至快地	草地 - "C" 賽道	12	12	上捕先鋒(C300)	希威森	霍利時	115	1163	2	5-3/4	4 6 12	1:09.52	124	-	-	1	B1	5	沙田	2.7							
2019/9/8	8	第二班	1200米	(100-80)	好地	全天候跑道	1	7	仁者荃心(A157)	蔡明紹	文家良	123	1118	3	-	3 3 1	1:08.13	13	-	-	+ 1	 	6	沙田	2.7	31.5			385.0	111.5	83.5	
2019/9/8	8	第二班	1200米	(100-80)	好地	全天候跑道	2	3	烽煙四喜(A036)	莫雷拉	苗禮德	130	1130	7	1/2	7 5 2	1:08.20	6.4	-	-	1	TT	6	沙田	2.7		19.5		385.0	111.5		55.0
2019/9/8	8	第二班	1200米	(100-80)	好地	全天候跑道	3	11	新力寶(A379)	史卓豐	約翰摩亞	119	1235	5	1/2	2 2 3	1:08.23	4.3	2nd Hot	-	+ 1	CP	5	沙田	2.7			15.5			83.5	55.0
2019/9/8	8	第二班	1200米	(100-80)	好地	全天候跑道	4	12	帆哥兒(B089)	田泰安	方嘉柏	117	1089	2	1-1/4	4 4 4	1:08.34	28	-	-	1	B/H/TT	6	沙田	2.7							
2019/9/8	8	第二班	1200米	(100-80)	好地	全天候跑道	5	2	怡昌寶寶(C273)	潘頓	丁冠豪	133	1204	6	4	1 1 5	1:08.78	2.2	1st Hot	-	+ 1	 	4	沙田	2.7							
2019/9/8	8	第二班	1200米	(100-80)	好地	全天候跑道	6	9	年年旺(C122)	梁家俊	高伯新	120	1184	8	7-3/4	10 7 6	1:09.36	8.8	-	-	1	B/XB	5	沙田	2.7							
2019/9/8	8	第二班	1200米	(100-80)	好地	全天候跑道	7	5	鑽得勁(A391)	陳嘉熙	姚本輝	117	1146	1	8	5 6 7	1:09.40	31	-	-	1	 	6	沙田	2.7							
2019/9/8	8	第二班	1200米	(100-80)	好地	全天候跑道	8	10	加州神箭(A417)	希威森	告東尼	119	1120	9	10-1/2	11 11 8	1:09.79	67	-	-	1	H/TT	6	沙田	2.7							
2019/9/8	8	第二班	1200米	(100-80)	好地	全天候跑道	9	4	精算閃擊(B147)	貝力斯	蔡約翰	130	1090	12	12-1/2	9 9 9	1:10.13	34	-	-	+ 1	H	6	沙田	2.7							
2019/9/8	8	第二班	1200米	(100-80)	好地	全天候跑道	10	1	皇龍大將(T400)	薛恩	徐雨石	133	1104	11	12-3/4	12 12 10	1:10.17	32	-	-	1	B/TT	8	沙田	2.7							
2019/9/8	8	第二班	1200米	(100-80)	好地	全天候跑道	11	8	上簽(B021)	利敬國	沈集成	121	1269	4	13-1/4	6 8 11	1:10.26	21	-	-	1	B/TT	-	沙田	2.7							
2019/9/8	8	第二班	1200米	(100-80)	好地	全天候跑道	12	6	赤兔寶駒(A115)	李寶利	方嘉柏	125	1135	10	24-3/4	8 10 12	1:12.07	110	-	-	2	H/P/XB	-	沙田	2.7							
2019/9/8	9	第三班	1200米	(80-60)	好地	全天候跑道	1	8	銀紙(B025)	莫雷拉	苗禮德	122	1121	4	-	6 6 1	1:08.10	3	2nd Hot	-	+ 1	 	5	沙田	2.7	14.0			346.0	107.5	23.5	
2019/9/8	9	第三班	1200米	(80-60)	好地	全天候跑道	2	9	夢幻人生(C166)	史卓豐	文家良	120	1130	2	3	3 3 2	1:08.59	22	-	-	1	B	4	沙田	2.7		45.5		346.0	107.5		72.0
2019/9/8	9	第三班	1200米	(80-60)	好地	全天候跑道	3	4	好好利高(C226)	薛恩	徐雨石	128	1173	1	3-1/4	1 1 3	1:08.61	2.8	1st Hot	-	1	 	4	沙田	2.7			13.0			23.5	72.0
2019/9/8	9	第三班	1200米	(80-60)	好地	全天候跑道	4	1	真先生(S253)	潘明輝	賀賢	130	1085	3	5	5 4 4	1:08.90	19	-	-	+ 1	B	-	沙田	2.7							
2019/9/8	9	第三班	1200米	(80-60)	好地	全天候跑道	5	12	步履娛飛(C289)	利敬國	告東尼	114	1195	10	5-1/4	2 2 5	1:08.93	18	-	-	+ 1	TT-	5	沙田	2.7							
2019/9/8	9	第三班	1200米	(80-60)	好地	全天候跑道	6	6	公証福將(A148)	楊明綸	鄭俊偉	121	1185	7	5-3/4	8 8 6	1:09.01	10	-	-	+ 1	XB/TT	7	沙田	2.7							
2019/9/8	9	第三班	1200米	(80-60)	好地	全天候跑道	7	7	銀河飛馬(C275)	蔡明紹	丁冠豪	123	1031	9	6	9 7 7	1:09.06	255	-	-	1	H1/P1	4	沙田	2.7							
2019/9/8	9	第三班	1200米	(80-60)	好地	全天候跑道	8	11	大紅包(B246)	希威森	呂健威	116	1040	5	6	4 5 8	1:09.08	16	-	-	+ 1	XB	6	沙田	2.7							
2019/9/8	9	第三班	1200米	(80-60)	好地	全天候跑道	9	10	歡樂一生(T134)	陳嘉熙	高伯新	109	1115	8	9-1/4	10 11 9	1:09.59	25	-	-	+ 1	B	8	沙田	2.7							
2019/9/8	9	第三班	1200米	(80-60)	好地	全天候跑道	10	3	競駿天驕(B097)	潘頓	沈集成	129	1029	11	13-1/4	11 9 10	1:10.21	9.4	-	-	+ 1	H/TT	6	沙田	2.7							
2019/9/8	9	第三班	1200米	(80-60)	好地	全天候跑道	11	5	魅影揚飛(A354)	杜美爾	姚本輝	123	1202	6	21-1/4	7 10 11	1:11.49	15	-	-	+ 1	B	5	沙田	2.7							
2019/9/8	9	第三班	1200米	(80-60)	好地	全天候跑道	WV	2	酷比哥(C192)	田泰安	羅富全	130	---	---	---	---	---	---	-	-	-	-	4	沙田	2.7							
2019/9/8	10	第三班	1400米	(80-60)	好地至快地	草地 - "C" 賽道	1	8	心多多(B264)	潘頓	蘇保羅	123	1017	10	-	6 6 5 1	1:21.19	5.8	-	-	+ 1	CP	6	沙田	2.7	24.5			1034.5	282.0	377.5	
2019/9/8	10	第三班	1400米	(80-60)	好地至快地	草地 - "C" 賽道	2	1	馬友冠(C299)	郭能	霍利時	133	1048	6	2	7 8 7 2	1:21.51	32	-	-	+ 1	 	5	沙田	2.7		71.5		1034.5	282.0		1284.0
2019/9/8	10	第三班	1400米	(80-60)	好地至快地	草地 - "C" 賽道	3	14	佳運來(T380)	蘇狄雄	徐雨石	113	1012	2	2	12 12 11 3	1:21.53	38	-	-	1	 	8	沙田	2.7			92.0			377.5	1284.0
2019/9/8	10	第三班	1400米	(80-60)	好地至快地	草地 - "C" 賽道	4	11	紀利雄星(C041)	田泰安	沈集成	121	1234	7	2-1/4	3 4 4 4	1:21.54	3.6	1st Hot	-	* 1	B1	4	沙田	2.7							
2019/9/8	10	第三班	1400米	(80-60)	好地至快地	草地 - "C" 賽道	5	7	活力名駒(B260)	潘明輝	呂健威	123	1025	12	2-3/4	5 2 2 5	1:21.64	20	-	-	1	H/XB/TT	-	沙田	2.7							
2019/9/8	10	第三班	1400米	(80-60)	好地至快地	草地 - "C" 賽道	6	12	我𢥧意(C038)	梁家俊	蘇偉賢	120	1115	8	3	11 11 12 6	1:21.67	10	-	-	1	CP-/B1/H1/TT	5	沙田	2.7							
2019/9/8	10	第三班	1400米	(80-60)	好地至快地	草地 - "C" 賽道	7	2	請跟我來(B440)	莫雷拉	蔡約翰	129	1072	13	3-3/4	10 9 9 7	1:21.79	5.7	-	-	+ 1	TT1	4	沙田	2.7							
2019/9/8	10	第三班	1400米	(80-60)	好地至快地	草地 - "C" 賽道	8	3	酷比仔(A297)	薛恩	容天鵬	127	1194	4	5-3/4	9 10 10 8	1:22.09	4.9	2nd Hot	W P	* 1	B	-	沙田	2.7							
2019/9/8	10	第三班	1400米	(80-60)	好地至快地	草地 - "C" 賽道	9	10	自在人生(B169)	陳嘉熙	羅富全	111	1151	1	5-3/4	4 5 6 9	1:22.11	17	-	-	1	XB/TT	6	沙田	2.7							
2019/9/8	10	第三班	1400米	(80-60)	好地至快地	草地 - "C" 賽道	10	9	幸運時代(A045)	希威森	賀賢	123	1073	14	6-1/2	14 14 13 10	1:22.23	20	-	-	1	B	-	沙田	2.7							
2019/9/8	10	第三班	1400米	(80-60)	好地至快地	草地 - "C" 賽道	11	4	黃山(C214)	利敬國	約翰摩亞	127	1278	9	7	13 13 14 11	1:22.31	90	-	-	1	B1	-	沙田	2.7							
2019/9/8	10	第三班	1400米	(80-60)	好地至快地	草地 - "C" 賽道	12	5	盛大光輝(C121)	巫顯東	何良	124	1120	11	9-1/2	1 1 1 12	1:22.71	57	-	-	1	CP-	5	沙田	2.7							
2019/9/8	10	第三班	1400米	(80-60)	好地至快地	草地 - "C" 賽道	13	13	開懷大少(A278)	黎海榮	文家良	118	1147	3	10-1/2	8 7 8 13	1:22.87	97	-	-	+ 1	B/TT	6	沙田	2.7							
2019/9/8	10	第三班	1400米	(80-60)	好地至快地	草地 - "C" 賽道	14	6	大運當頭(C139)	杜美爾	告東尼	126	1141	5	11-1/2	2 3 3 14	1:23.03	25	-	-	1	B/TT	-	沙田	2.7							
2019/9/11	1	第四班	1650米	(60-40)	好地	草地 - "B" 賽道	1	4	綠色勁駒(V184)	薛恩	沈集成	126	1180	6	-	1 1 1 1	1:40.08	5	-	-	+ 1	TT	8	跑馬地	2.7	16.5			225.5	68.5	162.0	
2019/9/11	1	第四班	1650米	(60-40)	好地	草地 - "B" 賽道	2	9	事必獲利(T002)	史卓豐	方嘉柏	118	1130	2	頸位	5 5 5 2	1:40.15	8.9	-	-	2	TT	-	跑馬地	2.7		21.0		225.5	68.5		179.5
2019/9/11	1	第四班	1650米	(60-40)	好地	草地 - "B" 賽道	3	6	常拼常勝(V037)	利敬國	苗禮德	124	1064	4	3/4	7 8 8 3	1:40.20	21	-	-	1	V/TT	-	跑馬地	2.7			52.5			162.0	179.5
2019/9/11	1	第四班	1650米	(60-40)	好地	草地 - "B" 賽道	4	7	夢幻戰士(C280)	田泰安	告東尼	122	1115	1	1-1/2	3 3 3 4	1:40.31	4	2nd Hot	-	1	CP/H/TT	4	跑馬地	2.7							
2019/9/11	1	第四班	1650米	(60-40)	好地	草地 - "B" 賽道	5	1	鵲橋飛渡(A247)	陳嘉熙	高伯新	120	1062	5	1-1/2	4 4 4 5	1:40.33	9.7	-	-	1	H/P/TT	6	跑馬地	2.7							
2019/9/11	1	第四班	1650米	(60-40)	好地	草地 - "B" 賽道	6	8	塑料喜(T326)	楊明綸	丁冠豪	116	1066	7	1-3/4	2 2 2 6	1:40.36	27	-	-	1	B	7	跑馬地	2.7							
2019/9/11	1	第四班	1650米	(60-40)	好地	草地 - "B" 賽道	7	3	捉金皇(B460)	莫雷拉	方嘉柏	127	1114	3	2	6 6 6 7	1:40.38	2.9	1st Hot	-	1	H/P	4	跑馬地	2.7							
2019/9/11	1	第四班	1650米	(60-40)	好地	草地 - "B" 賽道	8	5	爪皇烈焰(T353)	郭能	霍利時	125	1201	8	4-1/4	8 7 7 8	1:40.76	21	-	-	1	TT	8	跑馬地	2.7							
2019/9/11	1	第四班	1650米	(60-40)	好地	草地 - "B" 賽道	9	2	及時行樂(A125)	梁家俊	徐雨石	127	1098	9	8	9 9 9 9	1:41.35	12	-	-	1	B	6	跑馬地	2.7							
2019/9/11	2	第五班	1000米	(40-0)	好地	草地 - "B" 賽道	1	4	哈蝦王旺(B381)	史卓豐	高伯新	130	1141	7	-	2 4 1	0:57.79	15	-	-	+ 1	B/TT	5	跑馬地	2.7	40.5			340.5	130.0	132.0	
2019/9/11	2	第五班	1000米	(40-0)	好地	草地 - "B" 賽道	2	5	洪荒駿駒(A031)	薛恩	徐雨石	128	1113	9	1/2	6 7 2	0:57.87	4.7	2nd Hot	-	1	V	6	跑馬地	2.7		18.0		340.5	130.0		46.5
2019/9/11	2	第五班	1000米	(40-0)	好地	草地 - "B" 賽道	3	11	雷超(V414)	莫雷拉	霍利時	116	1009	1	3/4	5 3 3	0:57.91	5.2	-	W P	1	TT	-	跑馬地	2.7			17.0			132.0	46.5
2019/9/11	2	第五班	1000米	(40-0)	好地	草地 - "B" 賽道	4	10	印印腳(A277)	何澤堯	蘇偉賢	116	1179	2	3/4	4 6 4	0:57.93	2.7	1st Hot	-	1	SR/TT	6	跑馬地	2.7							
2019/9/11	2	第五班	1000米	(40-0)	好地	草地 - "B" 賽道	5	3	隨我來(B300)	沈拿	姚本輝	131	1018	8	1-1/2	9 10 5	0:58.02	72	-	-	1	B-	5	跑馬地	2.7							
2019/9/11	2	第五班	1000米	(40-0)	好地	草地 - "B" 賽道	6	7	金剛秀(T436)	郭能	鄭俊偉	123	1092	4	2	8 5 6	0:58.11	14	-	-	+ 1	B/TT-	7	跑馬地	2.7							
2019/9/11	2	第五班	1000米	(40-0)	好地	草地 - "B" 賽道	7	6	天皇巨星(V367)	梁家俊	蘇保羅	127	1140	3	2-1/4	10 9 7	0:58.15	15	-	-	+ 1	B	6	跑馬地	2.7							
2019/9/11	2	第五班	1000米	(40-0)	好地	草地 - "B" 賽道	8	9	做得好(A082)	潘頓	何良	120	1157	10	2-3/4	3 2 8	0:58.21	7.7	-	-	+ 1	V/XB	6	跑馬地	2.7							
2019/9/11	2	第五班	1000米	(40-0)	好地	草地 - "B" 賽道	9	8	大地和平(S254)	黎海榮	文家良	121	1071	6	2-3/4	7 8 9	0:58.23	86	-	-	1	B/TT	9	跑馬地	2.7							
2019/9/11	2	第五班	1000米	(40-0)	好地	草地 - "B" 賽道	10	1	百里名駒(C097)	利敬國	沈集成	133	1004	5	3-1/4	1 1 10	0:58.31	11	-	-	1	 	4	跑馬地	2.7							
2019/9/11	2	第五班	1000米	(40-0)	好地	草地 - "B" 賽道	WX-A	2	搶攻威威(B346)	蘇狄雄	蘇偉賢	131	---	---	---	---	---	---	-	-	-	-	-	跑馬地	2.7							
2019/9/11	3	第五班	1650米	(40-0)	好地	草地 - "B" 賽道	1	10	威震天(V119)	陳嘉熙	姚本輝	114	1138	4	-	1 1 1 1	1:41.78	6.9	-	-	+ 1	V-/B2/TT	8	跑馬地	2.7	25.0			220.5	80.5	66.5	
2019/9/11	3	第五班	1650米	(40-0)	好地	草地 - "B" 賽道	2	2	金津輝煌(V400)	杜美爾	苗禮德	132	1150	12	頸位	3 4 6 2	1:41.84	6.3	2nd Hot	-	+ 1	B	6	跑馬地	2.7		20.0		220.5	80.5		52.5
2019/9/11	3	第五班	1650米	(40-0)	好地	草地 - "B" 賽道	3	5	賞心星(C251)	莫雷拉	方嘉柏	130	1176	7	1/2	7 8 5 3	1:41.86	3.3	1st Hot	-	1	 	4	跑馬地	2.7			16.0			66.5	52.5
2019/9/11	3	第五班	1650米	(40-0)	好地	草地 - "B" 賽道	4	8	祥光普照(A273)	蘇狄雄	何良	125	1021	10	1-1/4	8 7 3 4	1:41.97	13	-	-	1	CP1	-	跑馬地	2.7							
2019/9/11	3	第五班	1650米	(40-0)	好地	草地 - "B" 賽道	5	1	埼豐(A083)	薛恩	徐雨石	133	1037	8	1-1/2	2 2 2 5	1:42.00	6.5	-	-	+ 1	 	7	跑馬地	2.7							
2019/9/11	3	第五班	1650米	(40-0)	好地	草地 - "B" 賽道	6	6	金童(V232)	沈拿	呂健威	129	1071	9	1-1/2	10 10 9 6	1:42.03	18	-	-	+ 1	V	8	跑馬地	2.7							
2019/9/11	3	第五班	1650米	(40-0)	好地	草地 - "B" 賽道	7	9	上旺財上(A285)	何澤堯	文家良	124	1026	1	2	4 3 4 7	1:42.10	29	-	-	2	 	-	跑馬地	2.7							
2019/9/11	3	第五班	1650米	(40-0)	好地	草地 - "B" 賽道	8	11	堅離地(A235)	田泰安	蘇偉賢	118	1075	11	2	12 12 11 8	1:42.11	47	-	-	+ 1	H/XB/TT	6	跑馬地	2.7							
2019/9/11	3	第五班	1650米	(40-0)	好地	草地 - "B" 賽道	9	12	醒目快駒(B107)	巫顯東	鄭俊偉	111	1091	5	2	11 11 12 9	1:42.12	20	-	-	+ 1	H/TT	6	跑馬地	2.7							
2019/9/11	3	第五班	1650米	(40-0)	好地	草地 - "B" 賽道	10	3	龍騰馬躍(V202)	史卓豐	丁冠豪	131	1221	3	3	6 6 7 10	1:42.24	12	-	-	1	B/XB	7	跑馬地	2.7							
2019/9/11	3	第五班	1650米	(40-0)	好地	草地 - "B" 賽道	11	4	小島怡情(T390)	潘頓	文家良	131	1031	2	5-1/4	9 9 10 11	1:42.63	8	-	-	1	 	8	跑馬地	2.7							
2019/9/11	3	第五班	1650米	(40-0)	好地	草地 - "B" 賽道	12	7	中華主將(B298)	蔡明紹	霍利時	129	1161	6	6-1/4	5 5 8 12	1:42.78	47	-	-	1	B/TT	-	跑馬地	2.7							
2019/9/11	4	第二班	1650米	(105-80)	好地	草地 - "B" 賽道	1	5	綠色有運(B413)	莫雷拉	方嘉柏	119	1059	7	-	8 8 4 1	1:38.58	3	1st Hot	-	1	B/H	5	跑馬地	2.7	14.5			540.0	132.5	29.0	
2019/9/11	4	第二班	1650米	(105-80)	好地	草地 - "B" 賽道	2	6	喜蓮彩星(A129)	利敬國	約翰摩亞	119	1081	3	1-1/2	6 6 8 2	1:38.81	35	-	-	+ 1	B/TT	7	跑馬地	2.7		62.5		540.0	132.5		150.5
2019/9/11	4	第二班	1650米	(105-80)	好地	草地 - "B" 賽道	3	9	協勝神駒(B217)	蔡明紹	高伯新	113	1226	1	1-3/4	4 5 6 3	1:38.87	4.3	-	-	1	B/TT1	5	跑馬地	2.7			14.5			29.0	150.5
2019/9/11	4	第二班	1650米	(105-80)	好地	草地 - "B" 賽道	4	7	傑彩繽紛(B457)	史卓豐	蔡約翰	118	1030	4	4-1/4	7 7 7 4	1:39.25	13	-	-	1	P-/B1	5	跑馬地	2.7							
2019/9/11	4	第二班	1650米	(105-80)	好地	草地 - "B" 賽道	5	1	幸福分享(A409)	潘頓	呂健威	133	989	6	4-3/4	3 3 3 5	1:39.32	3.1	2nd Hot	-	1	H	6	跑馬地	2.7							
2019/9/11	4	第二班	1650米	(105-80)	好地	草地 - "B" 賽道	6	4	綫路光輝(A402)	田泰安	告東尼	120	1044	9	4-3/4	2 2 1 6	1:39.34	20	-	-	1	H/TT	6	跑馬地	2.7							
2019/9/11	4	第二班	1650米	(105-80)	好地	草地 - "B" 賽道	7	2	妙算達人(B224)	杜美爾	羅富全	131	1250	2	7-1/4	1 1 2 7	1:39.75	8.2	-	-	1	B/TT	5	跑馬地	2.7							
2019/9/11	4	第二班	1650米	(105-80)	好地	草地 - "B" 賽道	8	8	繽紛遊戲(C013)	李寶利	羅富全	118	1072	8	9-3/4	9 9 9 8	1:40.14	31	-	-	2	B	5	跑馬地	2.7							
2019/9/11	4	第二班	1650米	(105-80)	好地	草地 - "B" 賽道	9	3	文藝學家(V183)	梁家俊	高伯新	124	1101	5	13-3/4	5 4 5 9	1:40.77	40	-	-	2	CP/H/XB	-	跑馬地	2.7							
2019/9/11	5	第四班	1000米	(60-40)	好地	草地 - "B" 賽道	1	7	南莊加好(C025)	楊明綸	丁冠豪	123	1083	12	-	10 10 1	0:57.43	65	-	-	1	H	5	跑馬地	2.7	143.0			617.0	222.0	630.0	
2019/9/11	5	第四班	1000米	(60-40)	好地	草地 - "B" 賽道	2	3	自由喜(B359)	潘頓	蘇偉賢	132	1169	1	頸位	2 2 2	0:57.48	2	1st Hot	-	+ 1	H/TT	5	跑馬地	2.7		10.5		617.0	222.0		36.5
2019/9/11	5	第四班	1000米	(60-40)	好地	草地 - "B" 賽道	3	8	奇妙日(B332)	田泰安	苗禮德	123	1176	3	1/2	7 6 3	0:57.52	7.7	-	-	1	B/TT	6	跑馬地	2.7			21.5			630.0	36.5
2019/9/11	5	第四班	1000米	(60-40)	好地	草地 - "B" 賽道	4	2	清福(A364)	杜美爾	文家良	133	1212	5	1/2	9 8 4	0:57.53	17	-	-	+ 1	 	6	跑馬地	2.7							
2019/9/11	5	第四班	1000米	(60-40)	好地	草地 - "B" 賽道	5	11	萬事欣(T129)	黎海榮	何良	117	1170	4	3/4	4 5 5	0:57.55	56	-	-	1	B-/V1/TT	8	跑馬地	2.7							
2019/9/11	5	第四班	1000米	(60-40)	好地	草地 - "B" 賽道	6	5	精算八方(A221)	莫雷拉	蔡約翰	132	1118	2	2	6 4 6	0:57.75	5.4	2nd Hot	-	+ 1	P/XB	6	跑馬地	2.7							
2019/9/11	5	第四班	1000米	(60-40)	好地	草地 - "B" 賽道	7	6	深愛(A088)	巫顯東	葉楚航	125	1031	6	2-3/4	8 9 7	0:57.87	14	-	-	+ 1	 	6	跑馬地	2.7							
2019/9/11	5	第四班	1000米	(60-40)	好地	草地 - "B" 賽道	8	12	餘皇(B155)	蔡明紹	韋達	115	1068	8	4-1/4	11 12 8	0:58.13	14	-	-	1	B-	6	跑馬地	2.7							
2019/9/11	5	第四班	1000米	(60-40)	好地	草地 - "B" 賽道	9	1	奮鬥同心(C314)	薛恩	姚本輝	133	1170	10	4-1/2	5 7 9	0:58.15	20	-	-	+ 1	CP/H1	4	跑馬地	2.7							
2019/9/11	5	第四班	1000米	(60-40)	好地	草地 - "B" 賽道	10	10	酷比威(C382)	利敬國	沈集成	120	1131	11	4-1/2	12 11 10	0:58.17	92	-	-	1	B/TT	-	跑馬地	2.7							
2019/9/11	5	第四班	1000米	(60-40)	好地	草地 - "B" 賽道	11	9	自由旺(A209)	何澤堯	方嘉柏	121	1088	9	5	3 3 11	0:58.25	20	-	-	1	H/XB	-	跑馬地	2.7							
2019/9/11	5	第四班	1000米	(60-40)	好地	草地 - "B" 賽道	12	4	阿凡達(V123)	蘇狄雄	徐雨石	130	1073	7	5-1/4	1 1 12	0:58.27	17	-	-	+ 1	V	7	跑馬地	2.7							
2019/9/11	6	第四班	1200米	(60-40)	好地	草地 - "B" 賽道	1	11	好甜橙(A300)	黃皓楠	徐雨石	116	1113	2	-	1 1 1	1:10.29	13	-	-	* 1	V	5	跑馬地	2.7	38.0			1680.5	425.0	111.5	
2019/9/11	6	第四班	1200米	(60-40)	好地	草地 - "B" 賽道	2	4	紅褲日(C272)	梁家俊	鄭俊偉	130	1150	7	1/2	3 3 2	1:10.38	20	-	-	* 1	B2/TT	5	跑馬地	2.7		59.5		1680.5	425.0		200.0
2019/9/11	6	第四班	1200米	(60-40)	好地	草地 - "B" 賽道	3	10	陽明亮亮(A359)	何澤堯	呂健威	119	1010	4	1/2	6 6 3	1:10.40	4.5	1st Hot	-	+ 1	 	6	跑馬地	2.7			19.0			111.5	200.0
2019/9/11	6	第四班	1200米	(60-40)	好地	草地 - "B" 賽道	4	1	愛馬劍(B013)	潘頓	丁冠豪	133	1024	12	1-1/4	2 2 4	1:10.50	5.4	-	-	+ 1	TT	6	跑馬地	2.7							
2019/9/11	6	第四班	1200米	(60-40)	好地	草地 - "B" 賽道	5	5	猴王駒(A336)	利敬國	約翰摩亞	128	1061	6	2-1/2	10 10 5	1:10.70	4.7	2nd Hot	-	1	B	-	跑馬地	2.7							
2019/9/11	6	第四班	1200米	(60-40)	好地	草地 - "B" 賽道	6	2	龍城勝將(B178)	田泰安	苗禮德	133	1087	9	3-3/4	5 4 6	1:10.88	17	-	-	+ 1	 	-	跑馬地	2.7							
2019/9/11	6	第四班	1200米	(60-40)	好地	草地 - "B" 賽道	7	7	牛精大哥(C034)	莫雷拉	告東尼	124	1119	10	3-3/4	8 8 7	1:10.89	5.7	-	-	+ 1	B/TT	4	跑馬地	2.7							
2019/9/11	6	第四班	1200米	(60-40)	好地	草地 - "B" 賽道	8	8	好友無敵(A217)	陳嘉熙	文家良	113	1044	3	4	7 7 8	1:10.94	8.8	-	-	+ 1	B	6	跑馬地	2.7							
2019/9/11	6	第四班	1200米	(60-40)	好地	草地 - "B" 賽道	9	12	勁飛聖(T361)	沈拿	容天鵬	117	1047	5	4-1/4	4 5 9	1:10.95	29	-	-	+ * 1	TT	7	跑馬地	2.7							
2019/9/11	6	第四班	1200米	(60-40)	好地	草地 - "B" 賽道	10	3	寶得住(C125)	蘇狄雄	葉楚航	129	1015	11	4-1/4	12 12 10	1:10.98	64	-	-	+ 1	TT	5	跑馬地	2.7							
2019/9/11	6	第四班	1200米	(60-40)	好地	草地 - "B" 賽道	11	6	正本開心(C227)	杜美爾	羅富全	127	1117	1	4-1/2	9 9 11	1:11.01	16	-	-	+ 1	TT	4	跑馬地	2.7							
2019/9/11	6	第四班	1200米	(60-40)	好地	草地 - "B" 賽道	12	9	飛虎英雄(C119)	貝力斯	韋達	122	1049	8	6-1/2	11 11 12	1:11.33	52	-	-	+ 1	XB1/TT-	-	跑馬地	2.7							
2019/9/11	7	第三班	1650米	(80-60)	好地	草地 - "B" 賽道	1	11	興爾(B203)	沈拿	韋達	117	1017	6	-	1 1 1 1	1:40.44	4.5	2nd Hot	-	+ 1	XB	-	跑馬地	2.7	17.5			266.5	103.5	36.5	
2019/9/11	7	第三班	1650米	(80-60)	好地	草地 - "B" 賽道	2	2	任我行(C297)	潘頓	約翰摩亞	131	1029	11	1-1/4	8 10 6 2	1:40.65	8.1	-	-	+ 1	CP1	5	跑馬地	2.7		28.5		266.5	103.5		60.5
2019/9/11	7	第三班	1650米	(80-60)	好地	草地 - "B" 賽道	3	10	精彩飛動(B095)	莫雷拉	方嘉柏	118	1033	5	2-1/2	7 7 4 3	1:40.82	3.2	1st Hot	-	+ 1	H/TT	6	跑馬地	2.7			14.0			36.5	60.5
2019/9/11	7	第三班	1650米	(80-60)	好地	草地 - "B" 賽道	4	8	快利寶(A320)	梁家俊	高伯新	118	1073	4	2-3/4	4 6 9 4	1:40.88	19	-	-	1	B/H/TT	6	跑馬地	2.7							
2019/9/11	7	第三班	1650米	(80-60)	好地	草地 - "B" 賽道	5	4	神亮金剛(C029)	潘明輝	葉楚航	126	1047	8	3-1/4	10 8 2 5	1:40.95	9.7	-	-	1	 	5	跑馬地	2.7							
2019/9/11	7	第三班	1650米	(80-60)	好地	草地 - "B" 賽道	6	5	興惑(B351)	田泰安	告東尼	127	1009	7	3-3/4	5 2 3 6	1:41.04	18	-	-	1	CP/TT	6	跑馬地	2.7							
2019/9/11	7	第三班	1650米	(80-60)	好地	草地 - "B" 賽道	7	3	有備而來(A240)	杜美爾	苗禮德	130	1127	12	3-3/4	2 4 7 7	1:41.06	8.5	-	-	1	TT	-	跑馬地	2.7							
2019/9/11	7	第三班	1650米	(80-60)	好地	草地 - "B" 賽道	8	6	歡喜心(A224)	貝力斯	蔡約翰	126	1106	9	4-1/4	9 9 11 8	1:41.13	80	-	-	+ 1	 	6	跑馬地	2.7							
2019/9/11	7	第三班	1650米	(80-60)	好地	草地 - "B" 賽道	9	12	韻妙星(A363)	蔡明紹	霍利時	115	1259	3	4-1/4	11 11 12 9	1:41.13	20	-	-	+ 1	B	6	跑馬地	2.7							
2019/9/11	7	第三班	1650米	(80-60)	好地	草地 - "B" 賽道	10	7	萬利高(V396)	李寶利	蘇保羅	120	1080	10	4-3/4	12 12 10 10	1:41.18	79	-	-	+ 1	B	7	跑馬地	2.7							
2019/9/11	7	第三班	1650米	(80-60)	好地	草地 - "B" 賽道	11	1	快益善(B478)	薛恩	沈集成	133	1033	2	4-3/4	6 5 8 11	1:41.21	7.6	-	-	+ 1	SR	5	跑馬地	2.7							
2019/9/11	7	第三班	1650米	(80-60)	好地	草地 - "B" 賽道	12	9	放眼量(A140)	黎海榮	何良	118	1016	1	13	3 3 5 12	1:42.53	38	-	-	+ 1	H/V	6	跑馬地	2.7							
2019/9/11	8	第三班	1200米	(80-60)	好地	草地 - "B" 賽道	1	7	醒目勇駒(B456)	莫雷拉	告東尼	124	1135	2	-	4 5 1	1:10.15	2.3	1st Hot	-	+ 1	B/TT	5	跑馬地	2.7	13.5			140.5	59.0	31.0	
2019/9/11	8	第三班	1200米	(80-60)	好地	草地 - "B" 賽道	2	11	正本雄心(V303)	利敬國	霍利時	118	1168	7	短馬頭位	5 4 2	1:10.17	14	-	-	+ 1	B/TT	6	跑馬地	2.7		37.5		140.5	59.0		169.0
2019/9/11	8	第三班	1200米	(80-60)	好地	草地 - "B" 賽道	3	4	同進(V315)	潘頓	方嘉柏	128	1140	8	頭位	7 6 3	1:10.18	5.5	2nd Hot	-	+ 1	 	7	跑馬地	2.7			18.5			31.0	169.0
2019/9/11	8	第三班	1200米	(80-60)	好地	草地 - "B" 賽道	4	9	極速王(C231)	史卓豐	丁冠豪	122	1099	10	1-1/4	8 8 4	1:10.37	9.7	-	-	+ 1	 	5	跑馬地	2.7							
2019/9/11	8	第三班	1200米	(80-60)	好地	草地 - "B" 賽道	5	10	雪戰神駒(B371)	田泰安	高伯新	121	1083	12	1-1/2	12 11 5	1:10.40	13	-	-	+ 1	B	5	跑馬地	2.7							
2019/9/11	8	第三班	1200米	(80-60)	好地	草地 - "B" 賽道	6	3	嶺寶峯(B333)	黃皓楠	徐雨石	125	1035	6	1-3/4	3 2 6	1:10.44	25	-	-	1	 	6	跑馬地	2.7							
2019/9/11	8	第三班	1200米	(80-60)	好地	草地 - "B" 賽道	7	5	紅星(V273)	蘇狄雄	葉楚航	126	1069	1	3-3/4	6 7 7	1:10.75	32	-	-	1	P-	7	跑馬地	2.7							
2019/9/11	8	第三班	1200米	(80-60)	好地	草地 - "B" 賽道	8	12	索先生(T330)	潘明輝	賀賢	115	1128	9	4-1/4	10 10 8	1:10.81	53	-	-	+ 1	H-/B	-	跑馬地	2.7							
2019/9/11	8	第三班	1200米	(80-60)	好地	草地 - "B" 賽道	9	6	衝亞(C218)	薛恩	羅富全	125	1030	4	5-1/4	2 3 9	1:11.00	5.8	-	-	+ 1	 	4	跑馬地	2.7							
2019/9/11	8	第三班	1200米	(80-60)	好地	草地 - "B" 賽道	10	1	美夢成真(B269)	杜美爾	容天鵬	131	1206	5	7-1/4	1 1 10	1:11.30	17	-	-	+ 1	 	-	跑馬地	2.7							
2019/9/11	8	第三班	1200米	(80-60)	好地	草地 - "B" 賽道	11	2	翡翠劇院(A040)	梁家俊	文家良	130	1074	11	8	9 9 11	1:11.43	70	-	-	1	B	6	跑馬地	2.7							
2019/9/11	8	第三班	1200米	(80-60)	好地	草地 - "B" 賽道	12	8	公証揚鳴(V078)	沈拿	鄭俊偉	123	1143	3	8-1/4	11 12 12	1:11.45	46	-	-	* 1	B	-	跑馬地	2.7							
2019/9/15	1	第四班	1800米	(60-40)	好地至快地	草地 - "C+3" 賽道	1	3	榮冠大道(V378)	潘頓	葉楚航	126	1163	5	-	3 2 2 1 1	1:46.54	2	1st Hot	-	1	V	7	沙田	2.7	11.0			55.5	22.5	37.0	
2019/9/15	1	第四班	1800米	(60-40)	好地至快地	草地 - "C+3" 賽道	2	4	自然君子(C089)	何澤堯	方嘉柏	126	1149	6	頸位	1 1 1 2 2	1:46.60	5.8	-	-	1	B/H	5	沙田	2.7		17.0		55.5	22.5		53.5
2019/9/15	1	第四班	1800米	(60-40)	好地至快地	草地 - "C+3" 賽道	3	6	華麗再現(V326)	莫雷拉	沈集成	123	1097	4	4	5 4 4 3 3	1:47.16	10	-	-	1	B/H/TT	-	沙田	2.7			24.0			37.0	53.5
2019/9/15	1	第四班	1800米	(60-40)	好地至快地	草地 - "C+3" 賽道	4	1	王者再現(V156)	利敬國	姚本輝	127	1116	8	5	6 6 6 4 4	1:47.33	12	-	-	1	V	7	沙田	2.7							
2019/9/15	1	第四班	1800米	(60-40)	好地至快地	草地 - "C+3" 賽道	5	5	神州福星(B326)	薛恩	羅富全	125	1013	7	5	7 7 7 7 5	1:47.35	13	-	-	1	SR/TT1	6	沙田	2.7							
2019/9/15	1	第四班	1800米	(60-40)	好地至快地	草地 - "C+3" 賽道	6	8	鴻圖機會(A284)	楊明綸	容天鵬	116	1068	3	6	2 3 3 5 6	1:47.51	33	-	-	1	V	-	沙田	2.7							
2019/9/15	1	第四班	1800米	(60-40)	好地至快地	草地 - "C+3" 賽道	7	2	君臨大地(V192)	黎海榮	何良	126	982	1	7	4 5 5 8 7	1:47.64	14	-	-	1	SR/TT	8	沙田	2.7							
2019/9/15	1	第四班	1800米	(60-40)	好地至快地	草地 - "C+3" 賽道	8	7	牛精輝煌(A118)	田泰安	鄭俊偉	121	1109	2	8-1/2	8 8 8 6 8	1:47.90	5.5	2nd Hot	-	1	H	7	沙田	2.7							
2019/9/15	2	第四班	1650米	(60-40)	好地	全天候跑道	1	4	鵰神(B023)	史卓豐	丁冠豪	128	1135	6	-	1 1 1 1	1:39.32	2	1st Hot	-	+ 1	H	6	沙田	2.7	10.5			34.5	17.5	32.5	
2019/9/15	2	第四班	1650米	(60-40)	好地	全天候跑道	2	3	安賦(B353)	潘頓	方嘉柏	130	1079	7	3-1/2	8 8 7 2	1:39.86	3.7	2nd Hot	-	+ 1	 	6	沙田	2.7		13.5		34.5	17.5		41.5
2019/9/15	2	第四班	1650米	(60-40)	好地	全天候跑道	3	8	跑得威(C127)	巫顯東	沈集成	114	1076	4	4-1/2	2 2 2 3	1:40.01	8.4	-	-	1	B/TT	5	沙田	2.7			21.0			32.5	41.5
2019/9/15	2	第四班	1650米	(60-40)	好地	全天候跑道	4	2	龍騰摘星(A294)	梁家俊	苗禮德	132	1204	3	4-1/2	5 6 6 4	1:40.04	21	-	-	1	B	-	沙田	2.7							
2019/9/15	2	第四班	1650米	(60-40)	好地	全天候跑道	5	1	好腳頭(S131)	田泰安	羅富全	133	1160	1	6-3/4	6 5 5 5	1:40.41	16	-	-	1	PC/TT	9	沙田	2.7							
2019/9/15	2	第四班	1650米	(60-40)	好地	全天候跑道	6	6	喜盈運(V337)	郭能	何良	126	1120	5	9-1/4	7 7 8 6	1:40.80	15	-	-	+ 1	H/P2/TT	7	沙田	2.7							
2019/9/15	2	第四班	1650米	(60-40)	好地	全天候跑道	7	9	如沐春風(B150)	黎海榮	鄭俊偉	116	1060	8	10-1/4	9 9 9 7	1:40.97	44	-	-	2	B-/P2	6	沙田	2.7							
2019/9/15	2	第四班	1650米	(60-40)	好地	全天候跑道	8	7	放馬過來(V407)	蘇狄雄	葉楚航	122	1100	9	11	3 4 4 8	1:41.10	48	-	-	* 1	TT	7	沙田	2.7							
2019/9/15	2	第四班	1650米	(60-40)	好地	全天候跑道	9	5	金剛仔(S146)	莫雷拉	鄭俊偉	127	1094	2	11-3/4	4 3 3 9	1:41.21	9.5	-	-	1	B-/TT	-	沙田	2.7							
2019/9/15	3	第五班	1600米	(40-0)	好地至快地	草地 - "C+3" 賽道	1	1	劍聶風(A201)	陳嘉熙	鄭俊偉	123	1059	3	-	2 1 1 1	1:34.52	3.3	2nd Hot	-	* 1	CP	6	沙田	2.7	14.5			62.0	31.5	28.5	
2019/9/15	3	第五班	1600米	(40-0)	好地至快地	草地 - "C+3" 賽道	2	2	乘勝追擊(V369)	沈拿	韋達	132	1075	1	短馬頭位	4 3 2 2	1:34.53	4	-	-	1	B	-	沙田	2.7		15.5		62.0	31.5		25.5
2019/9/15	3	第五班	1600米	(40-0)	好地至快地	草地 - "C+3" 賽道	3	6	帝豪寶駒(C035)	莫雷拉	蘇偉賢	131	1162	10	3/4	9 9 8 3	1:34.64	2.8	1st Hot	-	1	B/TT	5	沙田	2.7			14.0			28.5	25.5
2019/9/15	3	第五班	1600米	(40-0)	好地至快地	草地 - "C+3" 賽道	4	9	靚籐王(B425)	郭能	高伯新	126	1115	4	3	7 7 6 4	1:35.01	12	-	-	1	B	4	沙田	2.7							
2019/9/15	3	第五班	1600米	(40-0)	好地至快地	草地 - "C+3" 賽道	5	7	喜悅明駒(A044)	梁家俊	丁冠豪	130	1019	6	3-3/4	3 4 3 5	1:35.14	23	-	-	1	H/TT	7	沙田	2.7							
2019/9/15	3	第五班	1600米	(40-0)	好地至快地	草地 - "C+3" 賽道	6	10	小奇妙(T298)	貝力斯	文家良	122	1203	9	6	5 5 5 6	1:35.48	54	-	-	1	CP/TT	-	沙田	2.7							
2019/9/15	3	第五班	1600米	(40-0)	好地至快地	草地 - "C+3" 賽道	7	11	競駿飛鷹(B292)	蔡明紹	霍利時	118	1216	5	6-1/4	12 12 11 7	1:35.52	62	-	-	1	B	5	沙田	2.7							
2019/9/15	3	第五班	1600米	(40-0)	好地至快地	草地 - "C+3" 賽道	8	3	萬里威揚(A055)	史卓豐	徐雨石	132	1018	8	7-3/4	8 8 9 8	1:35.76	44	-	-	1	B-/V1	7	沙田	2.7							
2019/9/15	3	第五班	1600米	(40-0)	好地至快地	草地 - "C+3" 賽道	9	8	同威(A223)	黎海榮	姚本輝	127	1212	7	9-1/4	1 2 4 9	1:36.01	99	-	-	1	V/TT	5	沙田	2.7							
2019/9/15	3	第五班	1600米	(40-0)	好地至快地	草地 - "C+3" 賽道	10	4	蜜運(B341)	蘇狄雄	葉楚航	129	1034	2	15-3/4	6 6 7 10	1:37.03	42	-	-	1	B/TT	-	沙田	2.7							
2019/9/15	3	第五班	1600米	(40-0)	好地至快地	草地 - "C+3" 賽道	11	12	易勝相吸(B275)	楊明綸	鄭俊偉	114	1126	11	16	11 11 12 11	1:37.07	149	-	-	2	CP-/B2/TT	-	沙田	2.7							
2019/9/15	3	第五班	1600米	(40-0)	好地至快地	草地 - "C+3" 賽道	12	5	領闖者(A399)	潘頓	方嘉柏	131	1170	12	17	10 10 10 12	1:37.22	10	-	-	1	CP-/TT-	-	沙田	2.7							
2019/9/15	4	第五班	1400米	(40-0)	好地至快地	草地 - "C+3" 賽道	1	3	陽明秋秋(A057)	何澤堯	呂健威	133	1125	9	-	7 9 8 1	1:23.10	5.6	-	-	+ 1	TT	7	沙田	2.7	21.0			186.0	70.0	115.5	
2019/9/15	4	第五班	1400米	(40-0)	好地至快地	草地 - "C+3" 賽道	2	8	依斯堅(B028)	郭能	賀賢	128	1132	2	頸位	6 6 6 2	1:23.14	6	-	-	+ 1	B	5	沙田	2.7		19.0		186.0	70.0		120.0
2019/9/15	4	第五班	1400米	(40-0)	好地至快地	草地 - "C+3" 賽道	3	1	勁飛寶寶(A267)	楊明綸	容天鵬	131	1203	4	1/2	4 3 3 3	1:23.21	13	-	-	1	CP1	6	沙田	2.7			33.5			115.5	120.0
2019/9/15	4	第五班	1400米	(40-0)	好地至快地	草地 - "C+3" 賽道	4	5	開心大師(B222)	潘頓	方嘉柏	131	1057	12	1	9 10 9 4	1:23.27	8.4	-	-	+ 1	TT	5	沙田	2.7							
2019/9/15	4	第五班	1400米	(40-0)	好地至快地	草地 - "C+3" 賽道	5	4	香江世億(A407)	梁家俊	鄭俊偉	131	1158	7	1-1/4	2 2 2 5	1:23.31	39	-	-	+ 1	B/TT	-	沙田	2.7							
2019/9/15	4	第五班	1400米	(40-0)	好地至快地	草地 - "C+3" 賽道	6	9	艦長天下(B096)	蔡明紹	苗禮德	127	1158	1	1-3/4	8 7 7 6	1:23.37	4.2	1st Hot	-	+ 1	B/XB/TT	-	沙田	2.7							
2019/9/15	4	第五班	1400米	(40-0)	好地至快地	草地 - "C+3" 賽道	7	2	葵涌精英(C173)	薛恩	高伯新	133	1114	5	2-1/4	3 4 5 7	1:23.46	5.3	2nd Hot	-	+ 1	 	4	沙田	2.7							
2019/9/15	4	第五班	1400米	(40-0)	好地至快地	草地 - "C+3" 賽道	8	6	南京之友(V140)	史卓豐	文家良	130	1192	11	2-1/4	10 13 11 8	1:23.47	37	-	-	1	TT	-	沙田	2.7							
2019/9/15	4	第五班	1400米	(40-0)	好地至快地	草地 - "C+3" 賽道	9	12	砂漿邦(A097)	黎海榮	何良	125	1126	10	3-1/4	1 1 1 9	1:23.63	146	-	-	1	V2	-	沙田	2.7							
2019/9/15	4	第五班	1400米	(40-0)	好地至快地	草地 - "C+3" 賽道	10	10	勇晉大師(B452)	莫雷拉	霍利時	126	1107	14	3-1/2	11 11 10 10	1:23.65	26	-	-	+ 1	 	5	沙田	2.7							
2019/9/15	4	第五班	1400米	(40-0)	好地至快地	草地 - "C+3" 賽道	11	7	利之喜(A405)	田泰安	蘇保羅	130	1170	6	3-1/2	5 5 4 11	1:23.67	9.6	-	-	+ 1	 	5	沙田	2.7							
2019/9/15	4	第五班	1400米	(40-0)	好地至快地	草地 - "C+3" 賽道	12	13	金獅雷將(A325)	沈拿	韋達	121	1011	3	4-1/4	12 8 12 12	1:23.78	35	-	-	+ 1	B-/H1/XB1/TT-	-	沙田	2.7							
2019/9/15	4	第五班	1400米	(40-0)	好地至快地	草地 - "C+3" 賽道	13	11	神火金剛(B004)	陳嘉熙	葉楚航	115	1064	13	5-1/2	13 14 13 13	1:23.97	115	-	-	2	 	6	沙田	2.7							
2019/9/15	4	第五班	1400米	(40-0)	好地至快地	草地 - "C+3" 賽道	14	14	黃埔之星(B146)	蘇狄雄	徐雨石	116	1147	8	5-1/2	14 12 14 14	1:23.99	85	-	-	1	 	-	沙田	2.7							
2019/9/15	5	第三班	1200米	(80-60)	好地至快地	草地 - "C+3" 賽道	1	3	朝五晚九(B330)	潘頓	羅富全	127	1045	7	-	6 3 1	1:08.53	8	-	-	+ 1	CP/XB	-	沙田	2.7	20.0			65.5	29.5	44.5	
2019/9/15	5	第三班	1200米	(80-60)	好地至快地	草地 - "C+3" 賽道	2	8	加州更好(B204)	莫雷拉	告東尼	116	1137	5	頸位	1 1 2	1:08.59	1.8	1st Hot	-	+ 1	B/TT	5	沙田	2.7		11.5		65.5	29.5		20.0
2019/9/15	5	第三班	1200米	(80-60)	好地至快地	草地 - "C+3" 賽道	3	6	一片光明(T268)	何澤堯	徐雨石	123	997	6	1-1/2	4 8 3	1:08.78	4.7	2nd Hot	-	1	 	-	沙田	2.7			14.5			44.5	20.0
2019/9/15	5	第三班	1200米	(80-60)	好地至快地	草地 - "C+3" 賽道	4	7	嘉域騏(B110)	蔡明紹	容天鵬	121	1229	8	2-1/4	8 4 4	1:08.89	34	-	-	1	TT	6	沙田	2.7							
2019/9/15	5	第三班	1200米	(80-60)	好地至快地	草地 - "C+3" 賽道	5	1	良才(A100)	陳嘉熙	文家良	123	1108	1	2-1/2	2 2 5	1:08.93	5.6	-	-	1	H/P/TT	6	沙田	2.7							
2019/9/15	5	第三班	1200米	(80-60)	好地至快地	草地 - "C+3" 賽道	6	4	大歡笑(C213)	楊明綸	容天鵬	124	1120	3	3-1/4	3 6 6	1:09.06	15	-	-	2	SR	5	沙田	2.7							
2019/9/15	5	第三班	1200米	(80-60)	好地至快地	草地 - "C+3" 賽道	7	9	博愛友威(C152)	蘇狄雄	葉楚航	114	1065	4	3-1/4	7 7 7	1:09.06	81	-	-	1	 	4	沙田	2.7							
2019/9/15	5	第三班	1200米	(80-60)	好地至快地	草地 - "C+3" 賽道	8	5	心中有您(B283)	李寶利	何良	124	1066	10	3-1/2	9 9 8	1:09.10	44	-	-	1	H/V	5	沙田	2.7							
2019/9/15	5	第三班	1200米	(80-60)	好地至快地	草地 - "C+3" 賽道	9	10	英明勇將(T348)	黎海榮	呂健威	114	1083	9	4-1/4	10 10 9	1:09.20	44	-	-	1	H	8	沙田	2.7							
2019/9/15	5	第三班	1200米	(80-60)	好地至快地	草地 - "C+3" 賽道	10	2	心曠神怡(C264)	黃皓楠	丁冠豪	124	1135	2	16-3/4	5 5 10	1:11.22	108	-	-	1	 	-	沙田	2.7							
2019/9/15	6	第四班	1200米	(60-40)	好地至快地	草地 - "C+3" 賽道	1	6	首飾大聖(B378)	莫雷拉	蔡約翰	133	1071	6	-	4 4 1	1:09.30	2.7	1st Hot	-	+ 1	 	5	沙田	2.7	16.0			182.5	65.0	37.5	
2019/9/15	6	第四班	1200米	(60-40)	好地至快地	草地 - "C+3" 賽道	2	8	清新動力(B067)	利敬國	徐雨石	123	1017	3	短馬頭位	5 5 2	1:09.31	9	-	-	+ 1	TT	6	沙田	2.7		27.5		182.5	65.0		95.5
2019/9/15	6	第四班	1200米	(60-40)	好地至快地	草地 - "C+3" 賽道	3	5	老友威威(T349)	薛恩	葉楚航	124	1196	7	1	9 7 3	1:09.46	6.9	-	-	+ 1	TT	8	沙田	2.7			21.0			37.5	95.5
2019/9/15	6	第四班	1200米	(60-40)	好地至快地	草地 - "C+3" 賽道	4	7	精進百樂(C177)	史卓豐	高伯新	123	1221	9	1	2 2 4	1:09.47	23	-	-	+ 1	 	4	沙田	2.7							
2019/9/15	6	第四班	1200米	(60-40)	好地至快地	草地 - "C+3" 賽道	5	4	遨遊千里(C363)	楊明綸	容天鵬	123	1112	2	1-3/4	3 3 5	1:09.57	15	-	-	* 1	TT1	5	沙田	2.7							
2019/9/15	6	第四班	1200米	(60-40)	好地至快地	草地 - "C+3" 賽道	6	9	為食格格(C312)	蘇狄雄	蘇偉賢	120	1279	4	2-3/4	10 11 6	1:09.72	165	-	-	* 1	TT1	4	沙田	2.7							
2019/9/15	6	第四班	1200米	(60-40)	好地至快地	草地 - "C+3" 賽道	7	12	陽明豐豐(B016)	何澤堯	呂健威	118	1164	5	2-3/4	11 10 7	1:09.73	7.3	-	-	+ 1	XB/TT	-	沙田	2.7							
2019/9/15	6	第四班	1200米	(60-40)	好地至快地	草地 - "C+3" 賽道	8	2	特醒(C060)	沈拿	韋達	128	1140	10	3	6 6 8	1:09.76	5.5	2nd Hot	-	+ 1	B/XB	5	沙田	2.7							
2019/9/15	6	第四班	1200米	(60-40)	好地至快地	草地 - "C+3" 賽道	9	11	輝煌巨星(C046)	田泰安	蘇保羅	119	1047	1	3	8 9 9	1:09.79	20	-	-	* 1	 	5	沙田	2.7							
2019/9/15	6	第四班	1200米	(60-40)	好地至快地	草地 - "C+3" 賽道	10	1	大四喜(A301)	陳嘉熙	約翰摩亞	121	1205	11	3	1 1 10	1:09.79	10	-	-	+ 1	B/TT	-	沙田	2.7							
2019/9/15	6	第四班	1200米	(60-40)	好地至快地	草地 - "C+3" 賽道	11	3	精彩有你(C394)	黎海榮	姚本輝	125	1062	8	4-1/2	7 8 11	1:10.01	200	-	-	+ 1	 	4	沙田	2.7							
2019/9/15	6	第四班	1200米	(60-40)	好地至快地	草地 - "C+3" 賽道	12	10	超級炮彈(C281)	李寶利	丁冠豪	122	1150	12	4-3/4	12 12 12	1:10.06	72	-	-	+ 1	H1	4	沙田	2.7							
2019/9/15	6	第四班	1200米	(60-40)	好地至快地	草地 - "C+3" 賽道	WV		春風得意(C309)	潘頓	何良	123	---	---	---	---	---	---	-	-	-	-	4	沙田	2.7							
2019/9/15	7	第四班	1400米	(60-40)	好地至快地	草地 - "C+3" 賽道	1	5	精簡最好(B464)	利敬國	姚本輝	127	1079	10	-	1 1 1 1	1:21.15	11	-	-	+ 1	V	4	沙田	2.7	33.0			752.0	209.0	162.5	
2019/9/15	7	第四班	1400米	(60-40)	好地至快地	草地 - "C+3" 賽道	2	11	得益良多(C353)	潘頓	約翰摩亞	122	1124	5	1-1/4	8 8 7 2	1:21.32	11	-	-	* 1	B-/H-/XB/CP1/TT1	4	沙田	2.7		32.5		752.0	209.0		213.5
2019/9/15	7	第四班	1400米	(60-40)	好地至快地	草地 - "C+3" 賽道	3	14	醉醒神(B436)	蔡明紹	呂健威	117	1044	1	2-3/4	13 12 8 3	1:21.54	13	-	-	1	H/XB	4	沙田	2.7			32.0			162.5	213.5
2019/9/15	7	第四班	1400米	(60-40)	好地至快地	草地 - "C+3" 賽道	4	12	暴風俠(A123)	莫雷拉	葉楚航	121	1139	2	2-3/4	9 10 9 4	1:21.56	3.4	2nd Hot	-	+ 1	 	6	沙田	2.7							
2019/9/15	7	第四班	1400米	(60-40)	好地至快地	草地 - "C+3" 賽道	5 平頭馬	6	超能量(B294)	史卓豐	韋達	127	1100	3	2-3/4	5 6 6 5	1:21.56	2.6	1st Hot	-	1	XB1/B2/TT-	5	沙田	2.7							
2019/9/15	7	第四班	1400米	(60-40)	好地至快地	草地 - "C+3" 賽道	5 平頭馬	13	電訊火箭(C137)	田泰安	徐雨石	119	1053	13	2-3/4	4 3 4 5	1:21.56	17	-	-	+ 1	 	5	沙田	2.7							
2019/9/15	7	第四班	1400米	(60-40)	好地至快地	草地 - "C+3" 賽道	7	3	瀟灑王子(V069)	陳嘉熙	文家良	119	1145	6	3	2 5 3 7	1:21.63	58	-	-	1	B	7	沙田	2.7							
2019/9/15	7	第四班	1400米	(60-40)	好地至快地	草地 - "C+3" 賽道	8	9	其利斷金(B426)	薛恩	葉楚航	123	1060	4	3-1/2	6 4 5 8	1:21.71	31	-	-	2	 	4	沙田	2.7							
2019/9/15	7	第四班	1400米	(60-40)	好地至快地	草地 - "C+3" 賽道	9	8	嘉應風采(B115)	楊明綸	容天鵬	122	1161	11	6-3/4	11 11 12 9	1:22.23	41	-	-	+ 1	H/V/XB	5	沙田	2.7							
2019/9/15	7	第四班	1400米	(60-40)	好地至快地	草地 - "C+3" 賽道	10	10	贏馬神器(A075)	黃皓楠	葉楚航	120	1095	8	8-3/4	10 9 11 10	1:22.55	61	-	-	3	B	6	沙田	2.7							
2019/9/15	7	第四班	1400米	(60-40)	好地至快地	草地 - "C+3" 賽道	11	4	皇帝賽(C249)	何澤堯	丁冠豪	127	1201	7	13-1/2	7 7 10 11	1:23.29	10	-	-	1	TT	4	沙田	2.7							
2019/9/15	7	第四班	1400米	(60-40)	好地至快地	草地 - "C+3" 賽道	12	2	怪獸都市(A190)	巫顯東	何良	127	1118	12	13-1/2	3 2 2 12	1:23.30	29	-	-	1	H	6	沙田	2.7							
2019/9/15	7	第四班	1400米	(60-40)	好地至快地	草地 - "C+3" 賽道	13	7	齊齊發(B356)	貝力斯	鄭俊偉	127	1186	9	16-1/4	12 13 13 13	1:23.74	136	-	-	1	B-	5	沙田	2.7							
2019/9/15	7	第四班	1400米	(60-40)	好地至快地	草地 - "C+3" 賽道	WV	1	鑽飾明駝(B183)	梁家俊	蘇偉賢	133	---	---	---	---	---	---	-	-	-	-	5	沙田	2.7							
2019/9/15	8	第三班	1650米	(85-60)	好地	全天候跑道	1	1	二郎(C019)	潘頓	約翰摩亞	133	1177	2	-	2 2 2 1	1:38.59	1.6	1st Hot	-	+ 1	H/TT	4	沙田	2.7	10.1			94.0	42.0	21.5	
2019/9/15	8	第三班	1650米	(85-60)	好地	全天候跑道	2	5	滿冠熊(C143)	郭能	霍利時	123	1022	11	1-1/4	3 3 3 2	1:38.78	15	-	-	+ 1	 	5	沙田	2.7		33.0		94.0	42.0		114.0
2019/9/15	8	第三班	1650米	(85-60)	好地	全天候跑道	3	4	悅裕(B189)	田泰安	告東尼	125	1179	10	1-3/4	11 10 7 3	1:38.87	7.2	2nd Hot	-	1	B-/PC1/TT	5	沙田	2.7			19.0			21.5	114.0
2019/9/15	8	第三班	1650米	(85-60)	好地	全天候跑道	4	10	兵貴神速(B299)	史卓豐	羅富全	118	1111	4	3-1/4	5 5 5 4	1:39.12	28	-	-	* 1	CP	5	沙田	2.7							
2019/9/15	8	第三班	1650米	(85-60)	好地	全天候跑道	5 平頭馬	3	和平路(B161)	莫雷拉	容天鵬	127	1116	3	4	6 6 6 5	1:39.23	7.9	-	-	+ 1	H/XB/TT	6	沙田	2.7							
2019/9/15	8	第三班	1650米	(85-60)	好地	全天候跑道	5 平頭馬	9	大道至正(C197)	楊明綸	鄭俊偉	118	1133	5	4	8 8 8 5	1:39.23	8.4	-	-	+ 1	SR	5	沙田	2.7							
2019/9/15	8	第三班	1650米	(85-60)	好地	全天候跑道	7	8	金剛之星(A067)	陳嘉熙	鄭俊偉	111	1183	9	5	1 1 1 7	1:39.39	24	-	-	2	B/TT	-	沙田	2.7							
2019/9/15	8	第三班	1650米	(85-60)	好地	全天候跑道	8	7	馬主星輝(B427)	巫顯東	沈集成	118	1049	7	5-1/2	9 9 10 8	1:39.45	89	-	-	2	B/TT	5	沙田	2.7							
2019/9/15	8	第三班	1650米	(85-60)	好地	全天候跑道	9	2	中華之光(A168)	蘇狄雄	葉楚航	127	1091	1	7-1/4	4 4 4 9	1:39.74	71	-	-	1	P2/TT	6	沙田	2.7							
2019/9/15	8	第三班	1650米	(85-60)	好地	全天候跑道	10	12	贏科超影(A164)	梁家俊	高伯新	116	1018	8	9-1/2	10 11 11 10	1:40.11	74	-	-	1	H/P/TT	6	沙田	2.7							
2019/9/15	8	第三班	1650米	(85-60)	好地	全天候跑道	11	6	金如意(A172)	李寶利	蘇保羅	123	1044	6	11-3/4	7 7 9 11	1:40.47	43	-	-	1	 	7	沙田	2.7							
2019/9/15	8	第三班	1650米	(85-60)	好地	全天候跑道	WV	11	八太子(A426)	利敬國	沈集成	117	---	---	---	---	---	---	-	-	-	-	6	沙田	2.7							
2019/9/15	9	第二班	1200米	(100-80)	好地至快地	草地 - "C+3" 賽道	1	5	百勝龍(V356)	蔡明紹	呂健威	121	1178	8	-	9 5 1	1:08.19	30	-	-	1	B/H/TT	7	沙田	2.7	83.5			425.5	153.5	308.0	
2019/9/15	9	第二班	1200米	(100-80)	好地至快地	草地 - "C+3" 賽道	2	7	載譽歸來(C215)	利敬國	羅富全	117	1143	4	短馬頭位	3 3 2	1:08.20	3.1	1st Hot	Big(PQ)	+ 1	B	5	沙田	2.7		14.0		425.5	153.5		57.0
2019/9/15	9	第二班	1200米	(100-80)	好地至快地	草地 - "C+3" 賽道	3	1	加州議長(A114)	陳嘉熙	告東尼	123	1148	2	1-1/2	5 4 3	1:08.44	9.7	-	-	1	B/H/TT	7	沙田	2.7			28.5			308.0	57.0
2019/9/15	9	第二班	1200米	(100-80)	好地至快地	草地 - "C+3" 賽道	4	10	艮志騰雲(B119)	黎海榮	文家良	114	1167	1	2	1 1 4	1:08.52	15	-	-	+ 1	CP1	5	沙田	2.7							
2019/9/15	9	第二班	1200米	(100-80)	好地至快地	草地 - "C+3" 賽道	5	6	力奇先鋒(B057)	何澤堯	沈集成	118	1175	9	3	10 12 5	1:08.68	24	-	-	1	B/TT	-	沙田	2.7							
2019/9/15	9	第二班	1200米	(100-80)	好地至快地	草地 - "C+3" 賽道	6	8	精彩輝煌(B411)	黃皓楠	方嘉柏	114	1101	10	3-1/4	12 11 6	1:08.70	228	-	-	1	 	5	沙田	2.7							
2019/9/15	9	第二班	1200米	(100-80)	好地至快地	草地 - "C+3" 賽道	7	4	競技勇士(B285)	潘頓	葉楚航	124	1150	11	3-1/4	11 8 7	1:08.70	6.9	-	-	1	B	5	沙田	2.7							
2019/9/15	9	第二班	1200米	(100-80)	好地至快地	草地 - "C+3" 賽道	8	12	團結精神(B230)	蘇狄雄	蘇偉賢	112	1180	12	3-1/2	2 2 8	1:08.75	181	-	-	+ 1	B/TT1	5	沙田	2.7							
2019/9/15	9	第二班	1200米	(100-80)	好地至快地	草地 - "C+3" 賽道	9	3	精算風暴(B173)	莫雷拉	蔡約翰	128	1156	6	3-3/4	7 10 9	1:08.80	6.6	-	-	+ 1	PC	5	沙田	2.7							
2019/9/15	9	第二班	1200米	(100-80)	好地至快地	草地 - "C+3" 賽道	10	9	美麗甜心(B410)	史卓豐	約翰摩亞	117	1180	3	5	8 6 10	1:09.00	4.4	2nd Hot	-	1	B/TT	4	沙田	2.7							
2019/9/15	9	第二班	1200米	(100-80)	好地至快地	草地 - "C+3" 賽道	11	11	騰龍駒(B349)	田泰安	苗禮德	114	1102	5	6	6 9 11	1:09.15	21	-	-	+ 1	B	5	沙田	2.7							
2019/9/15	9	第二班	1200米	(100-80)	好地至快地	草地 - "C+3" 賽道	12	2	薈力之城(B280)	薛恩	約翰摩亞	130	1172	7	8	4 7 12	1:09.45	13	-	W P Big(PQ)	2	B	4	沙田	2.7							
2019/9/15	10	第三班	1400米	(80-60)	好地至快地	草地 - "C+3" 賽道	1	3	開心好玩(B316)	潘頓	沈集成	130	1131	1	-	1 1 1 1	1:21.20	2	1st Hot	-	+ 1	B/TT	6	沙田	2.7	11.0			229.0	69.0	171.5	57.0	
2019/9/15	10	第三班	1400米	(80-60)	好地至快地	草地 - "C+3" 賽道	2 平頭馬	2	吉金寶(C298)	梁家俊	苗禮德	133	1076	7	1-1/2	9 9 7 2	1:21.44	56	-	-	* 1	XB/B1	5	沙田	2.7		112.0		229.0		171.5		796.5
2019/9/15	10	第三班	1400米	(80-60)	好地至快地	草地 - "C+3" 賽道	2 平頭馬	9	神威敖翔(V150)	何澤堯	方嘉柏	120	1163	10	1-1/2	5 5 5 2	1:21.44	14	-	-	1	PC/TT	-	沙田	2.7			37.0		69.0		57.0	796.5
2019/9/15	10	第三班	1400米	(80-60)	好地至快地	草地 - "C+3" 賽道	4	11	綫路勇駒(A041)	莫雷拉	告東尼	119	1178	8	1-3/4	2 2 2 4	1:21.49	5.2	2nd Hot	-	+ 1	B/H/TT	7	沙田	2.7								
2019/9/15	10	第三班	1400米	(80-60)	好地至快地	草地 - "C+3" 賽道	5	5	勤德兼備(A071)	陳嘉熙	賀賢	114	1072	13	3	13 14 11 5	1:21.66	90	-	-	+ 1	B	7	沙田	2.7								
2019/9/15	10	第三班	1400米	(80-60)	好地至快地	草地 - "C+3" 賽道	6	8	路路通(B256)	利敬國	羅富全	122	1154	4	3-1/4	3 3 4 6	1:21.70	10	-	-	1	B	-	沙田	2.7								
2019/9/15	10	第三班	1400米	(80-60)	好地至快地	草地 - "C+3" 賽道	7	13	一見傾心(B401)	田泰安	蘇保羅	118	1159	9	3-1/2	4 4 3 7	1:21.73	12	-	-	+ 1	B/SR	5	沙田	2.7								
2019/9/15	10	第三班	1400米	(80-60)	好地至快地	草地 - "C+3" 賽道	8	10	歡樂小子(S235)	黎海榮	文家良	120	1268	3	4	6 6 6 8	1:21.82	70	-	-	+ 1	V	9	沙田	2.7								
2019/9/15	10	第三班	1400米	(80-60)	好地至快地	草地 - "C+3" 賽道	9	4	扎西德勒(C084)	郭能	約翰摩亞	129	1116	14	4	14 13 9 9	1:21.82	30	-	-	1	B-/CP2/TT	5	沙田	2.7								
2019/9/15	10	第三班	1400米	(80-60)	好地至快地	草地 - "C+3" 賽道	10	1	飈驥(C160)	史卓豐	丁冠豪	133	1096	6	4-1/2	8 10 10 10	1:21.92	8.4	-	-	* 1	B/H/TT	5	沙田	2.7								
2019/9/15	10	第三班	1400米	(80-60)	好地至快地	草地 - "C+3" 賽道	11	12	獨角寶寶(C203)	貝力斯	高伯新	119	1129	11	5-1/2	11 11 12 11	1:22.06	35	-	-	1	B	5	沙田	2.7								
2019/9/15	10	第三班	1400米	(80-60)	好地至快地	草地 - "C+3" 賽道	12	14	可愛寶(T029)	巫顯東	葉楚航	114	1163	2	5-3/4	10 12 8 12	1:22.11	150	-	-	1	H/XB	-	沙田	2.7								
2019/9/15	10	第三班	1400米	(80-60)	好地至快地	草地 - "C+3" 賽道	13	7	蒙古傳奇(B317)	蘇狄雄	徐雨石	121	1130	5	20-1/2	7 8 14 13	1:24.48	23	-	-	1	 	6	沙田	2.7								
2019/9/15	10	第三班	1400米	(80-60)	好地至快地	草地 - "C+3" 賽道	14	6	又係熊(C301)	蔡明紹	霍利時	123	1061	12	26-1/4	12 7 13 14	1:25.40	154	-	-	1	SR	5	沙田	2.7								
2019/9/21	1	第五班	1200米	(40-0)	好地	全天候跑道	1	2	百里名駒(C097)	巫顯東	沈集成	128	996	12	-	1 1 1	1:10.17	37	-	-	1	XB2/TT2	4	沙田	2.7	88.5			1058.5	285.0	714.5	
2019/9/21	1	第五班	1200米	(40-0)	好地	全天候跑道	2	3	越跑越好(T140)	潘頓	蘇保羅	131	1187	2	2	10 7 2	1:10.49	5.8	-	-	+ 1	B/TT	-	沙田	2.7		17.5		1058.5	285.0		122.5
2019/9/21	1	第五班	1200米	(40-0)	好地	全天候跑道	3	7	東山再起(B367)	史卓豐	方嘉柏	125	1147	7	2	9 6 3	1:10.50	15	-	-	1	CP/TT	-	沙田	2.7			41.5			714.5	122.5
2019/9/21	1	第五班	1200米	(40-0)	好地	全天候跑道	4	1	勁快步(A053)	陳嘉熙	高伯新	123	1129	11	2-1/2	2 2 4	1:10.57	5.8	-	-	+ 1	B	7	沙田	2.7							
2019/9/21	1	第五班	1200米	(40-0)	好地	全天候跑道	5	9	樂無極(B277)	潘明輝	文家良	114	1078	5	3-1/4	11 8 5	1:10.69	10	-	-	1	V	5	沙田	2.7							
2019/9/21	1	第五班	1200米	(40-0)	好地	全天候跑道	6	12	易勝相吸(B275)	蘇狄雄	鄭俊偉	111	1131	6	4	12 11 6	1:10.81	99	-	-	2	B-/PC1/TT	-	沙田	2.7							
2019/9/21	1	第五班	1200米	(40-0)	好地	全天候跑道	7	5	洪荒駿駒(A031)	何澤堯	徐雨石	129	1122	9	4-1/4	8 12 7	1:10.83	4.2	2nd Hot	-	+ 1	V	6	沙田	2.7							
2019/9/21	1	第五班	1200米	(40-0)	好地	全天候跑道	8	11	陽明賞賞(B297)	田泰安	鄭俊偉	113	1034	8	4-1/2	3 4 8	1:10.89	47	-	-	+ 1	B/TT	-	沙田	2.7							
2019/9/21	1	第五班	1200米	(40-0)	好地	全天候跑道	9	6	怡昌福星(B357)	莫雷拉	賀賢	129	1111	3	5	4 3 9	1:10.98	3.1	1st Hot	-	+ 1	B-/H-/XB/V1	5	沙田	2.7							
2019/9/21	1	第五班	1200米	(40-0)	好地	全天候跑道	10	8	做得好(A082)	黎海榮	何良	118	1159	1	6-3/4	6 5 10	1:11.26	15	-	-	+ 1	V/XB	6	沙田	2.7							
2019/9/21	1	第五班	1200米	(40-0)	好地	全天候跑道	11	10	運來威力(B120)	楊明綸	容天鵬	113	1133	4	13-1/4	7 9 11	1:12.28	47	-	-	1	TT1	5	沙田	2.7							
2019/9/21	1	第五班	1200米	(40-0)	好地	全天候跑道	12	4	好友祥勝(C220)	梁家俊	丁冠豪	130	1051	10	23-1/2	5 10 12	1:13.91	135	-	-	+ 1	B	4	沙田	2.7							
2019/9/21	2	第四班	1000米	(60-40)	好地至快地	草地 - "A" 賽道	1	2	高耀智星(C067)	莫雷拉	苗禮德	131	1125	5	-	11 6 1	0:56.81	5.4	-	-	+ 1	 	4	沙田	2.7	17.5			71.0	32.0	89.5	
2019/9/21	2	第四班	1000米	(60-40)	好地至快地	草地 - "A" 賽道	2	8	超能量(B294)	潘頓	韋達	126	1105	14	鼻位	6 5 2	0:56.81	2.8	1st Hot	-	1	B/XB	5	沙田	2.7		13.0		71.0	32.0		53.0
2019/9/21	2	第四班	1000米	(60-40)	好地至快地	草地 - "A" 賽道	3	7	合衷共濟(B250)	潘明輝	賀賢	123	1105	7	4	2 1 3	0:57.44	10	-	-	1	 	4	沙田	2.7			29.5			89.5	53.0
2019/9/21	2	第四班	1000米	(60-40)	好地至快地	草地 - "A" 賽道	4	4	陽光大地(A130)	陳嘉熙	高伯新	120	1085	8	4-1/2	10 10 4	0:57.52	15	-	-	+ 1	B	6	沙田	2.7							
2019/9/21	2	第四班	1000米	(60-40)	好地至快地	草地 - "A" 賽道	5	3	如真如假(C222)	郭能	方嘉柏	130	1123	4	6-1/2	7 4 5	0:57.83	3.7	2nd Hot	-	1	B1	4	沙田	2.7							
2019/9/21	2	第四班	1000米	(60-40)	好地至快地	草地 - "A" 賽道	6	11	萬眾之力(C329)	利敬國	約翰摩亞	124	1030	13	6-3/4	1 2 6	0:57.89	16	-	-	+ 1	 	3	沙田	2.7							
2019/9/21	2	第四班	1000米	(60-40)	好地至快地	草地 - "A" 賽道	7	13	漸信龍駒(C017)	沈拿	葉楚航	119	1054	12	7	4 7 7	0:57.93	57	-	-	+ 1	TT	5	沙田	2.7							
2019/9/21	2	第四班	1000米	(60-40)	好地至快地	草地 - "A" 賽道	8	1	電子傳承(C322)	貝力斯	文家良	131	1081	10	7-3/4	12 11 8	0:58.04	110	-	-	+ 1	 	4	沙田	2.7							
2019/9/21	2	第四班	1000米	(60-40)	好地至快地	草地 - "A" 賽道	9	12	槍槍中(C092)	史卓豐	蘇偉賢	123	1085	2	7-3/4	9 9 9	0:58.06	45	-	-	+ 1	TT	5	沙田	2.7							
2019/9/21	2	第四班	1000米	(60-40)	好地至快地	草地 - "A" 賽道	10	9	旺旺寶駒(C418)	蘇狄雄	何良	124	1066	9	8-3/4	13 13 10	0:58.21	275	-	-	+ 1	TT1	4	沙田	2.7							
2019/9/21	2	第四班	1000米	(60-40)	好地至快地	草地 - "A" 賽道	11	10	箭神寶(C384)	黃皓楠	徐雨石	122	1158	11	8-3/4	3 8 11	0:58.21	146	-	-	+ 1	 	4	沙田	2.7							
2019/9/21	2	第四班	1000米	(60-40)	好地至快地	草地 - "A" 賽道	12	14	開心好友(B466)	黎海榮	姚本輝	118	1120	6	8-3/4	5 3 12	0:58.22	11	-	-	+ 1	B1	4	沙田	2.7							
2019/9/21	2	第四班	1000米	(60-40)	好地至快地	草地 - "A" 賽道	13	5	靈光八號(C154)	楊明綸	鄭俊偉	125	1081	3	10-1/4	14 14 13	0:58.45	208	-	-	1	H/TT-	4	沙田	2.7							
2019/9/21	2	第四班	1000米	(60-40)	好地至快地	草地 - "A" 賽道	14	6	良朋共盛(C405)	何澤堯	沈集成	126	1052	1	12-1/4	8 12 14	0:58.76	30	-	-	+ 1	B1/TT1	4	沙田	2.7							
2019/9/21	3	第四班	1400米	(60-40)	好地至快地	草地 - "A" 賽道	1	13	有錢分(B079)	田泰安	苗禮德	118	1114	8	-	4 9 5 1	1:21.54	11	-	-	1	B	5	沙田	2.7	31.0			156.5	59.0	80.5	
2019/9/21	3	第四班	1400米	(60-40)	好地至快地	草地 - "A" 賽道	2	7	承你所願(A178)	莫雷拉	韋達	126	1142	4	1-1/4	2 1 1 2	1:21.76	3.1	1st Hot	-	+ 1	XB1/B2	6	沙田	2.7		15.5		156.5	59.0		35.0
2019/9/21	3	第四班	1400米	(60-40)	好地至快地	草地 - "A" 賽道	3	14	探險家(C008)	利敬國	徐雨石	118	1084	2	2-1/2	5 3 3 3	1:21.94	4.3	2nd Hot	-	1	 	4	沙田	2.7			15.5			80.5	35.0
2019/9/21	3	第四班	1400米	(60-40)	好地至快地	草地 - "A" 賽道	4	9	芙蓉莊(B339)	蔡明紹	姚本輝	124	1013	14	2-3/4	13 13 12 4	1:21.99	20	-	-	2	B	5	沙田	2.7							
2019/9/21	3	第四班	1400米	(60-40)	好地至快地	草地 - "A" 賽道	5	3	七十七十(B191)	潘頓	賀賢	132	1116	9	3-1/2	10 10 11 5	1:22.09	6.5	-	-	1	 	-	沙田	2.7							
2019/9/21	3	第四班	1400米	(60-40)	好地至快地	草地 - "A" 賽道	6	12	麯院風荷(T112)	史卓豐	蘇偉賢	120	1078	11	3-3/4	9 11 9 6	1:22.13	11	-	-	2	B/XB/TT	-	沙田	2.7							
2019/9/21	3	第四班	1400米	(60-40)	好地至快地	草地 - "A" 賽道	7	11	金碧科(B225)	李寶利	鄭俊偉	122	1012	3	4	8 7 7 7	1:22.17	17	-	-	1	B	5	沙田	2.7							
2019/9/21	3	第四班	1400米	(60-40)	好地至快地	草地 - "A" 賽道	8	2	壽臣(C326)	郭能	約翰摩亞	133	1120	5	8	3 6 4 8	1:22.80	14	-	-	1	B	4	沙田	2.7							
2019/9/21	3	第四班	1400米	(60-40)	好地至快地	草地 - "A" 賽道	9	4	繽紛駿驥(A292)	何澤堯	呂健威	129	1171	13	8-1/4	11 14 13 9	1:22.88	12	-	-	1	CP/TT	6	沙田	2.7							
2019/9/21	3	第四班	1400米	(60-40)	好地至快地	草地 - "A" 賽道	10	1	真妙星(C059)	沈拿	高伯新	133	1198	6	9	12 8 8 10	1:22.97	50	-	-	1	B/H	5	沙田	2.7							
2019/9/21	3	第四班	1400米	(60-40)	好地至快地	草地 - "A" 賽道	11	8	首賞(C255)	黃皓楠	丁冠豪	121	1105	7	10-1/2	1 2 2 11	1:23.23	306	-	-	2	B/H/TT	4	沙田	2.7							
2019/9/21	3	第四班	1400米	(60-40)	好地至快地	草地 - "A" 賽道	12	6	天天精彩(C414)	梁家俊	告東尼	128	1127	10	11-1/2	7 4 10 12	1:23.40	28	-	-	2	TT1	4	沙田	2.7							
2019/9/21	3	第四班	1400米	(60-40)	好地至快地	草地 - "A" 賽道	13	10	奮鬥揚威(C354)	巫顯東	何良	120	1113	12	14	14 12 14 13	1:23.77	207	-	-	1	H	5	沙田	2.7							
2019/9/21	3	第四班	1400米	(60-40)	好地至快地	草地 - "A" 賽道	14	5	旋風(C308)	貝力斯	方嘉柏	128	966	1	26	6 5 6 14	1:25.69	82	-	-	1	 	4	沙田	2.7							
2019/9/21	4	第四班	1200米	(60-40)	好地	全天候跑道	1	5	精英寶貝(B015)	潘明輝	丁冠豪	122	1036	4	-	1 1 1	1:09.34	21	-	-	+ 1	B/TT	5	沙田	2.7	48.5			310.5	103.0	315.5	
2019/9/21	4	第四班	1200米	(60-40)	好地	全天候跑道	2	2	路路之星(C031)	莫雷拉	葉楚航	133	1152	6	1	3 4 2	1:09.49	2.3	1st Hot	-	+ 1	 	5	沙田	2.7		12.5		310.5	103.0		55.0
2019/9/21	4	第四班	1200米	(60-40)	好地	全天候跑道	3	12	超然(V255)	利敬國	鄭俊偉	114	1069	8	2-1/4	11 10 3	1:09.67	13	-	-	* 1	 	7	沙田	2.7			33.0			315.5	55.0
2019/9/21	4	第四班	1200米	(60-40)	好地	全天候跑道	4	3	龍城猛將(V225)	田泰安	苗禮德	133	1190	5	2-1/2	5 5 4	1:09.73	8.7	-	-	+ 1	B/TT	6	沙田	2.7							
2019/9/21	4	第四班	1200米	(60-40)	好地	全天候跑道	5	1	步履娛飛(C289)	何澤堯	告東尼	133	1201	2	3	4 3 5	1:09.81	5	2nd Hot	-	+ 1	 	5	沙田	2.7							
2019/9/21	4	第四班	1200米	(60-40)	好地	全天候跑道	6	4	好運(B376)	潘頓	約翰摩亞	132	1174	10	8-1/2	6 9 6	1:10.71	5.1	-	-	+ 1	PC	5	沙田	2.7							
2019/9/21	4	第四班	1200米	(60-40)	好地	全天候跑道	7	6	駿爵士(C406)	史卓豐	方嘉柏	125	1188	9	9	7 6 7	1:10.78	25	-	-	+ 1	B1	4	沙田	2.7							
2019/9/21	4	第四班	1200米	(60-40)	好地	全天候跑道	8	11	協力神駒(B364)	蔡明紹	高伯新	114	1098	12	11-3/4	12 12 8	1:11.22	44	-	-	1	CP-/PC1/H2	-	沙田	2.7							
2019/9/21	4	第四班	1200米	(60-40)	好地	全天候跑道	9	9	八心之友(A007)	沈拿	韋達	118	1033	11	12	10 7 9	1:11.24	35	-	-	+ 1	P-/B2	-	沙田	2.7							
2019/9/21	4	第四班	1200米	(60-40)	好地	全天候跑道	10	8	好甜橙(A300)	黃皓楠	徐雨石	121	1121	3	13-1/4	2 2 10	1:11.48	25	-	-	1	V	5	沙田	2.7							
2019/9/21	4	第四班	1200米	(60-40)	好地	全天候跑道	11	10	酷比威(C382)	巫顯東	沈集成	115	1133	7	15-1/4	9 8 11	1:11.77	102	-	-	1	B/TT	-	沙田	2.7							
2019/9/21	4	第四班	1200米	(60-40)	好地	全天候跑道	12	7	鑲藍旗(C167)	黎海榮	文家良	125	1114	1	25-1/4	8 11 12	1:13.38	90	-	-	* 1	H1/TT1	4	沙田	2.7							
2019/9/21	5	第四班	1400米	(60-40)	好地至快地	草地 - "A" 賽道	1	12	綠尚飛馳(B258)	利敬國	姚本輝	120	1186	1	-	6 5 6 1	1:21.56	7.3	-	-	1	CP/TT	5	沙田	2.7	31.0			196.0	84.0	116.0	
2019/9/21	5	第四班	1400米	(60-40)	好地至快地	草地 - "A" 賽道	2	2	順意寶(B164)	何澤堯	韋達	132	1124	4	頸位	9 7 7 2	1:21.60	3.7	1st Hot	-	2	B1	5	沙田	2.7		14.0		196.0	84.0		60.0
2019/9/21	5	第四班	1400米	(60-40)	好地至快地	草地 - "A" 賽道	3	1	友誼之星(V379)	潘頓	蘇保羅	133	1155	6	1-1/4	11 12 10 3	1:21.76	7.2	-	-	1	B	7	沙田	2.7			24.5			116.0	60.0
2019/9/21	5	第四班	1400米	(60-40)	好地至快地	草地 - "A" 賽道	4	6	珍珠鳳凰(B201)	陳嘉熙	苗禮德	119	1027	8	1-3/4	7 6 5 4	1:21.82	9.7	-	-	2	B	5	沙田	2.7							
2019/9/21	5	第四班	1400米	(60-40)	好地至快地	草地 - "A" 賽道	5	13	神速寶(A087)	蘇狄雄	賀賢	115	1150	12	2-1/4	13 14 12 5	1:21.90	89	-	-	* 2	B	-	沙田	2.7							
2019/9/21	5	第四班	1400米	(60-40)	好地至快地	草地 - "A" 賽道	6	8	水箭龜(C450)	郭能	霍利時	124	1034	10	2-1/2	10 11 9 6	1:21.97	11	-	-	+ 1	 	4	沙田	2.7							
2019/9/21	5	第四班	1400米	(60-40)	好地至快地	草地 - "A" 賽道	7	3	熱血鬥士(C360)	田泰安	告東尼	132	1147	14	3	3 2 2 7	1:22.03	6.8	2nd Hot	-	1	TT	5	沙田	2.7							
2019/9/21	5	第四班	1400米	(60-40)	好地至快地	草地 - "A" 賽道	8	5	銀時(C216)	楊明綸	容天鵬	128	1141	13	5	1 1 1 8	1:22.34	30	-	-	1	B1	5	沙田	2.7							
2019/9/21	5	第四班	1400米	(60-40)	好地至快地	草地 - "A" 賽道	9	14	太陽多多(C171)	黎海榮	文家良	117	1111	9	5-1/4	14 13 11 9	1:22.40	77	-	-	1	B/TT	4	沙田	2.7							
2019/9/21	5	第四班	1400米	(60-40)	好地至快地	草地 - "A" 賽道	10	4	中神通(C444)	莫雷拉	蔡約翰	131	1135	3	5-3/4	12 9 8 10	1:22.47	9	-	-	1	 	4	沙田	2.7							
2019/9/21	5	第四班	1400米	(60-40)	好地至快地	草地 - "A" 賽道	11	9	馬驕雄(B455)	蔡明紹	蘇偉賢	124	974	11	9	8 10 14 11	1:22.98	174	-	-	1	 	5	沙田	2.7							
2019/9/21	5	第四班	1400米	(60-40)	好地至快地	草地 - "A" 賽道	12	11	三圓䮭路(C149)	沈拿	葉楚航	120	1114	7	9-1/2	2 3 3 12	1:23.07	16	-	-	1	 	6	沙田	2.7							
2019/9/21	5	第四班	1400米	(60-40)	好地至快地	草地 - "A" 賽道	13	7	遨遊神駒(B168)	梁家俊	羅富全	127	1115	2	13-1/4	5 4 4 13	1:23.67	15	-	-	1	V-/B2/TT	-	沙田	2.7							
2019/9/21	5	第四班	1400米	(60-40)	好地至快地	草地 - "A" 賽道	14	10	笑傲成功(C250)	史卓豐	丁冠豪	124	1217	5	14-1/4	4 8 13 14	1:23.82	29	-	-	1	TT	4	沙田	2.7							
2019/9/21	6	第三班	1000米	(80-60)	好地至快地	草地 - "A" 賽道	1	12	大紅包(B246)	何澤堯	呂健威	118	1048	9	-	9 7 1	0:56.53	10	-	-	2	XB	6	沙田	2.7	28.5			526.5	124.0	367.0	
2019/9/21	6	第三班	1000米	(80-60)	好地至快地	草地 - "A" 賽道	2	7	霸勝(A270)	巫顯東	葉楚航	119	1304	13	1-1/4	7 4 2	0:56.73	12	-	-	1	B/TT	6	沙田	2.7		32.5		526.5	124.0		359.5
2019/9/21	6	第三班	1000米	(80-60)	好地至快地	草地 - "A" 賽道	3	6	星叻(C257)	陳嘉熙	羅富全	113	1043	7	1-1/4	5 5 3	0:56.74	37	-	-	1	 	4	沙田	2.7			80.5			367.0	359.5
2019/9/21	6	第三班	1000米	(80-60)	好地至快地	草地 - "A" 賽道	4	13	傳盛(B416)	黃皓楠	呂健威	115	1205	2	2	1 3 4	0:56.84	4	2nd Hot	-	1	 	4	沙田	2.7							
2019/9/21	6	第三班	1000米	(80-60)	好地至快地	草地 - "A" 賽道	5	1	亮先生(B179)	潘頓	賀賢	133	1123	8	3	2 1 5	0:57.02	6.5	-	-	+ 1	 	6	沙田	2.7							
2019/9/21	6	第三班	1000米	(80-60)	好地至快地	草地 - "A" 賽道	6	8	天生一對(C027)	史卓豐	蘇偉賢	122	1090	3	4-1/4	8 8 6	0:57.22	27	-	-	+ 1	 	5	沙田	2.7							
2019/9/21	6	第三班	1000米	(80-60)	好地至快地	草地 - "A" 賽道	7	3	知道必勝(C383)	莫雷拉	沈集成	125	1189	12	4-1/2	3 2 7	0:57.25	3.3	1st Hot	-	+ 1	TT	3	沙田	2.7							
2019/9/21	6	第三班	1000米	(80-60)	好地至快地	草地 - "A" 賽道	8	4	大當家(B145)	沈拿	蘇偉賢	123	1056	10	4-3/4	11 10 8	0:57.29	206	-	-	2	TT	5	沙田	2.7							
2019/9/21	6	第三班	1000米	(80-60)	好地至快地	草地 - "A" 賽道	9	9	嘉應精英(C240)	楊明綸	容天鵬	119	1131	1	5-1/4	4 6 9	0:57.39	6	-	-	1	TT	4	沙田	2.7							
2019/9/21	6	第三班	1000米	(80-60)	好地至快地	草地 - "A" 賽道	10	5	電子大師(A254)	李寶利	方嘉柏	123	1135	5	9-1/4	13 12 10	0:58.01	12	-	-	1	V/XB	6	沙田	2.7							
2019/9/21	6	第三班	1000米	(80-60)	好地至快地	草地 - "A" 賽道	11	14	太空戰士(C339)	蘇狄雄	徐雨石	115	1109	11	10-1/4	6 9 11	0:58.16	255	-	-	1	B	4	沙田	2.7							
2019/9/21	6	第三班	1000米	(80-60)	好地至快地	草地 - "A" 賽道	12	10	志聰明(C319)	黎海榮	何良	120	1189	6	15-1/4	12 13 12	0:58.97	377	-	-	1	B	4	沙田	2.7							
2019/9/21	6	第三班	1000米	(80-60)	好地至快地	草地 - "A" 賽道	13	2	陽明酷酷(C259)	梁家俊	丁冠豪	127	1119	4	16-1/4	10 11 13	0:59.15	116	-	-	1	CP1/H1/TT1	4	沙田	2.7							
2019/9/21	6	第三班	1000米	(80-60)	好地至快地	草地 - "A" 賽道		11	多紅利(A215)	蔡明紹	約翰摩亞	119	---	---	---	---	---	---	-	-	-	-	-	沙田	2.7							
2019/9/21	7	第二班	1600米	(100-80)	好地至快地	草地 - "A" 賽道	1	5	勁無比(B034)	田泰安	羅富全	119	1074	2	-	4 4 3 1	1:35.02	11	-	-	1	V	5	沙田	2.7	24.0			206.0	58.5	64.0	
2019/9/21	7	第二班	1600米	(100-80)	好地至快地	草地 - "A" 賽道	2	7	美麗精神(B409)	巫顯東	告東尼	113	1270	7	1/2	1 1 1 2	1:35.09	4.5	-	-	2	CP/TT	5	沙田	2.7		13.5		206.0	58.5		38.5
2019/9/21	7	第二班	1600米	(100-80)	好地至快地	草地 - "A" 賽道	3	9	將耀(C429)	莫雷拉	告東尼	116	1074	8	1	6 6 5 3	1:35.17	3.4	2nd Hot	-	1	H1/TT	4	沙田	2.7			18.0			64.0	38.5
2019/9/21	7	第二班	1600米	(100-80)	好地至快地	草地 - "A" 賽道	4	1	協霸神駒(B405)	利敬國	沈集成	133	1055	5	1	7 8 7 4	1:35.18	3.1	1st Hot	-	1	SR/TT	5	沙田	2.7							
2019/9/21	7	第二班	1600米	(100-80)	好地至快地	草地 - "A" 賽道	5	2	壯思飛(V110)	何澤堯	方嘉柏	123	1173	4	2-3/4	2 2 2 5	1:35.44	15	-	-	1	 	-	沙田	2.7							
2019/9/21	7	第二班	1600米	(100-80)	好地至快地	草地 - "A" 賽道	6	8	蒙古王(A098)	李寶利	徐雨石	117	1095	6	3-1/2	9 9 9 6	1:35.60	10	-	-	1	 	7	沙田	2.7							
2019/9/21	7	第二班	1600米	(100-80)	好地至快地	草地 - "A" 賽道	7	3	美麗經典(C049)	蔡明紹	約翰摩亞	121	1106	1	4	3 3 4 7	1:35.67	13	-	-	1	B	5	沙田	2.7							
2019/9/21	7	第二班	1600米	(100-80)	好地至快地	草地 - "A" 賽道	8	6	威進駒(A326)	楊明綸	呂健威	115	1156	9	4-1/2	8 7 8 8	1:35.73	20	-	-	1	 	6	沙田	2.7							
2019/9/21	7	第二班	1600米	(100-80)	好地至快地	草地 - "A" 賽道	9	4	豐彩皇(V118)	沈拿	蘇保羅	120	1155	3	5-3/4	5 5 6 9	1:35.95	107	-	-	1	B-	-	沙田	2.7							
2019/9/21	8	第三班	1600米	(80-60)	好地至快地	草地 - "A" 賽道	1	2	幸福笑容(C199)	田泰安	呂健威	133	1191	5	-	4 4 5 1	1:33.31	9.6	-	-	+ 1	 	4	沙田	2.7	31.0			308.5	127.5	89.0	
2019/9/21	8	第三班	1600米	(80-60)	好地至快地	草地 - "A" 賽道	2	13	美麗日子(B076)	黃皓楠	容天鵬	117	1117	10	1-1/4	2 2 2 2	1:33.51	9.3	-	-	+ 1	B/H	6	沙田	2.7		26.0		308.5	127.5		92.5
2019/9/21	8	第三班	1600米	(80-60)	好地至快地	草地 - "A" 賽道	3	5	飈驥(C160)	李寶利	丁冠豪	132	1086	4	1-3/4	13 12 10 3	1:33.59	5.8	2nd Hot	-	1	B/H/TT	5	沙田	2.7			20.5			89.0	92.5
2019/9/21	8	第三班	1600米	(80-60)	好地至快地	草地 - "A" 賽道	4	6	全才(B213)	潘明輝	羅富全	128	1049	7	3-1/2	10 10 7 4	1:33.88	6.5	-	Big(PQ)	1	B/TT	6	沙田	2.7							
2019/9/21	8	第三班	1600米	(80-60)	好地至快地	草地 - "A" 賽道	5	3	喜勝勁駒(C325)	潘頓	方嘉柏	133	1071	12	3-1/2	9 9 8 5	1:33.88	7.4	-	-	1	 	4	沙田	2.7							
2019/9/21	8	第三班	1600米	(80-60)	好地至快地	草地 - "A" 賽道	6	10	全民佳知(C288)	莫雷拉	告東尼	127	1123	1	4	5 5 4 6	1:33.95	2.8	1st Hot	-	1	CP/H/TT	4	沙田	2.7							
2019/9/21	8	第三班	1600米	(80-60)	好地至快地	草地 - "A" 賽道	7	7	尖子(C266)	梁家俊	徐雨石	130	1033	13	6-1/2	14 14 13 7	1:34.33	243	-	-	1	B	5	沙田	2.7							
2019/9/21	8	第三班	1600米	(80-60)	好地至快地	草地 - "A" 賽道	8	11	與你同行(C258)	黎海榮	沈集成	126	1086	6	7	3 3 3 8	1:34.43	110	-	-	1	TT	5	沙田	2.7							
2019/9/21	8	第三班	1600米	(80-60)	好地至快地	草地 - "A" 賽道	9	8	盛大光輝(C121)	巫顯東	何良	126	1117	9	7-1/2	1 1 1 9	1:34.52	47	-	-	1	 	5	沙田	2.7							
2019/9/21	8	第三班	1600米	(80-60)	好地至快地	草地 - "A" 賽道	10	9	首飾大帝(V333)	貝力斯	蔡約翰	128	1121	2	7-3/4	7 8 6 10	1:34.53	35	-	-	1	B	-	沙田	2.7							
2019/9/21	8	第三班	1600米	(80-60)	好地至快地	草地 - "A" 賽道	11	12	紅麗舍(A005)	何澤堯	文家良	122	1154	14	7-3/4	8 7 11 11	1:34.53	11	-	W P Big(PQ)	+ 1	B	7	沙田	2.7							
2019/9/21	8	第三班	1600米	(80-60)	好地至快地	草地 - "A" 賽道	12	1	事勝意(T391)	陳嘉熙	苗禮德	123	1048	3	10-3/4	6 6 9 12	1:35.02	44	-	-	1	SR/TT	8	沙田	2.7							
2019/9/21	8	第三班	1600米	(80-60)	好地至快地	草地 - "A" 賽道	13	14	上浦福滿(A193)	沈拿	霍利時	120	1035	11	16-1/4	12 13 12 13	1:35.92	195	-	-	1	B	6	沙田	2.7							
2019/9/21	8	第三班	1600米	(80-60)	好地至快地	草地 - "A" 賽道	14	4	格男(C398)	利敬國	約翰摩亞	132	1004	8	26-1/2	11 11 14 14	1:37.56	70	-	-	1	CP1/XB1	-	沙田	2.7							
2019/9/21	9	第三班	1200米	(80-60)	好地	全天候跑道	1	4	好好利高(C226)	田泰安	徐雨石	128	1178	4	-	1 1 1	1:08.78	3.4	1st Hot	-	1	 	4	沙田	2.7	14.5			88.5	34.5	44.5	
2019/9/21	9	第三班	1200米	(80-60)	好地	全天候跑道	2	9	夢幻人生(C166)	史卓豐	文家良	120	1142	5	2-3/4	3 4 2	1:09.23	5.2	2nd Hot	-	1	B	4	沙田	2.7		17.5		88.5	34.5		54.5
2019/9/21	9	第三班	1200米	(80-60)	好地	全天候跑道	3	8	德勝門(C375)	潘頓	容天鵬	120	1156	7	4-1/4	5 5 3	1:09.45	5.8	-	-	1	B	4	沙田	2.7			20.5			44.5	54.5
2019/9/21	9	第三班	1200米	(80-60)	好地	全天候跑道	4	7	銀河飛馬(C275)	梁家俊	丁冠豪	121	1021	3	4-1/2	6 6 4	1:09.48	84	-	-	1	H/P	4	沙田	2.7							
2019/9/21	9	第三班	1200米	(80-60)	好地	全天候跑道	5	12	瑩之光(B080)	潘明輝	方嘉柏	111	1194	1	4-1/2	4 2 5	1:09.49	6.1	-	-	+ 1	B-/TT	5	沙田	2.7							
2019/9/21	9	第三班	1200米	(80-60)	好地	全天候跑道	6	3	地大大(B352)	陳嘉熙	羅富全	119	1008	8	6-1/4	2 3 6	1:09.79	5.6	-	-	+ 1	XB	5	沙田	2.7							
2019/9/21	9	第三班	1200米	(80-60)	好地	全天候跑道	7	1	真先生(S253)	何澤堯	賀賢	133	1101	10	6-1/2	8 9 7	1:09.81	25	-	-	1	B	-	沙田	2.7							
2019/9/21	9	第三班	1200米	(80-60)	好地	全天候跑道	8	2	勇闖者(A030)	莫雷拉	蔡約翰	131	1098	12	7	9 8 8	1:09.89	15	-	-	+ 1	P/TT	-	沙田	2.7							
2019/9/21	9	第三班	1200米	(80-60)	好地	全天候跑道	9	10	香江穩勝(T254)	巫顯東	鄭俊偉	114	1304	9	9-1/4	12 12 9	1:10.25	33	-	-	+ 1	B-/CP2	8	沙田	2.7							
2019/9/21	9	第三班	1200米	(80-60)	好地	全天候跑道	10	11	金地飛客(V161)	蘇狄雄	蘇保羅	113	1204	11	9-1/2	11 10 10	1:10.28	34	-	-	1	 	7	沙田	2.7							
2019/9/21	9	第三班	1200米	(80-60)	好地	全天候跑道	11	5	紅星(V273)	黃皓楠	葉楚航	123	1070	2	15	10 11 11	1:11.16	64	-	-	1	P2	7	沙田	2.7							
2019/9/21	9	第三班	1200米	(80-60)	好地	全天候跑道	12	6	好鬥心(C443)	蔡明紹	呂健威	124	1095	6	16	7 7 12	1:11.32	33	-	-	+ 1	 	5	沙田	2.7							
2019/9/21	10	第三班	1400米	(80-60)	好地至快地	草地 - "A" 賽道	1	4	紅心傾(C145)	田泰安	告東尼	131	1039	6	-	8 8 8 1	1:21.27	12	-	-	+ 1	B/TT	5	沙田	2.7	47.5			1803.5	483.0	171.0	
2019/9/21	10	第三班	1400米	(80-60)	好地至快地	草地 - "A" 賽道	2	14	佳運來(T380)	蘇狄雄	徐雨石	114	1012	7	頸位	14 14 14 2	1:21.32	25	-	-	1	 	8	沙田	2.7		51.5		1803.5	483.0		199.0
2019/9/21	10	第三班	1400米	(80-60)	好地至快地	草地 - "A" 賽道	3	5	噴火龍(B463)	李寶利	霍利時	125	1015	4	1/2	9 9 9 3	1:21.36	8.8	-	-	+ 1	TT	5	沙田	2.7			25.5			171.0	199.0
2019/9/21	10	第三班	1400米	(80-60)	好地至快地	草地 - "A" 賽道	4	3	劍斷浪(V142)	蔡明紹	容天鵬	132	1181	12	1-1/4	1 2 1 4	1:21.47	13	-	-	+ 1	 	-	沙田	2.7							
2019/9/21	10	第三班	1400米	(80-60)	好地至快地	草地 - "A" 賽道	5	1	帝豪寶寶(A050)	潘頓	沈集成	133	1137	5	2-1/4	4 5 3 5	1:21.61	3.5	1st Hot	-	1	B/TT	6	沙田	2.7							
2019/9/21	10	第三班	1400米	(80-60)	好地至快地	草地 - "A" 賽道	6	10	美麗動力(B149)	利敬國	約翰摩亞	121	1060	13	2-1/4	11 10 10 6	1:21.64	15	-	-	1	B/TT	-	沙田	2.7							
2019/9/21	10	第三班	1400米	(80-60)	好地至快地	草地 - "A" 賽道	7	11	關鍵時機(C159)	貝力斯	方嘉柏	119	1117	10	3	13 13 13 7	1:21.73	40	-	-	1	B	5	沙田	2.7							
2019/9/21	10	第三班	1400米	(80-60)	好地至快地	草地 - "A" 賽道	8	9	連利之星(S093)	郭能	蘇保羅	122	1132	1	4	5 6 4 8	1:21.93	32	-	-	+ 1	B	9	沙田	2.7							
2019/9/21	10	第三班	1400米	(80-60)	好地至快地	草地 - "A" 賽道	9	6	縱橫四海(C142)	史卓豐	丁冠豪	125	1168	11	5-1/2	7 1 2 9	1:22.13	34	-	-	1	H/TT	5	沙田	2.7							
2019/9/21	10	第三班	1400米	(80-60)	好地至快地	草地 - "A" 賽道	10	13	快馬飛馳(C277)	莫雷拉	羅富全	116	1127	14	5-1/2	2 3 7 10	1:22.14	13	-	-	+ 1	H/TT	4	沙田	2.7							
2019/9/21	10	第三班	1400米	(80-60)	好地至快地	草地 - "A" 賽道	11	12	大聚會(V293)	梁家俊	高伯新	117	1080	8	5-3/4	12 12 12 11	1:22.20	193	-	-	1	CP-	7	沙田	2.7							
2019/9/21	10	第三班	1400米	(80-60)	好地至快地	草地 - "A" 賽道	12	2	蟲草之星(B070)	何澤堯	呂健威	132	1183	9	6-3/4	3 4 5 12	1:22.35	3.6	2nd Hot	-	1	B	5	沙田	2.7							
2019/9/21	10	第三班	1400米	(80-60)	好地至快地	草地 - "A" 賽道	13	7	馬索爾(B094)	黃皓楠	蔡約翰	122	968	3	8-1/2	10 11 11 13	1:22.62	94	-	-	+ 1	P	-	沙田	2.7							
2019/9/21	10	第三班	1400米	(80-60)	好地至快地	草地 - "A" 賽道	14	8	友誼至好(C050)	潘明輝	姚本輝	122	1027	2	9-1/4	6 7 6 14	1:22.76	9.3	-	W P	+ 1	V-/XB1	5	沙田	2.7							
2019/9/25	1	第二班	1800米	(100-80)	好地至快地	草地 - "A" 賽道	1	4	喜蓮彩星(A129)	利敬國	約翰摩亞	123	1080	6	-	7 7 7 5 1	1:48.34	7.5	-	-	+ 1	B/TT	7	跑馬地	2.69	19.5			147.5	51.0	136.0	
2019/9/25	1	第二班	1800米	(100-80)	好地至快地	草地 - "A" 賽道	2	6	天池怪俠(B350)	潘頓	蘇偉賢	120	1136	2	3/4	5 5 4 2 2	1:48.47	3.7	2nd Hot	-	+ 1	H	5	跑馬地	2.69		17.0		147.5	51.0		117.0
2019/9/25	1	第二班	1800米	(100-80)	好地至快地	草地 - "A" 賽道	3	2	佳騰駒(B160)	貝力斯	羅富全	128	1193	1	2-1/2	1 1 1 1 3	1:48.73	16	-	-	1	H/TT	-	跑馬地	2.69			41.5			136.0	117.0
2019/9/25	1	第二班	1800米	(100-80)	好地至快地	草地 - "A" 賽道	4	1	綠色有運(B413)	何澤堯	方嘉柏	129	1063	7	3-1/2	2 3 3 4 4	1:48.90	3.4	1st Hot	-	1	B/H	5	跑馬地	2.69							
2019/9/25	1	第二班	1800米	(100-80)	好地至快地	草地 - "A" 賽道	5	5	傑彩繽紛(B457)	史卓豐	蔡約翰	122	1038	5	5	3 2 2 3 5	1:49.15	5.9	-	-	2	B	5	跑馬地	2.69							
2019/9/25	1	第二班	1800米	(100-80)	好地至快地	草地 - "A" 賽道	6	7	勇敢傳說(A260)	田泰安	告東尼	118	1167	4	5-1/2	6 6 6 7 6	1:49.22	11	-	-	1	B/TT	6	跑馬地	2.69							
2019/9/25	1	第二班	1800米	(100-80)	好地至快地	草地 - "A" 賽道	7	3	邊個邊個(B412)	莫雷拉	蔡約翰	126	1018	3	6	4 4 5 6 7	1:49.30	4.9	-	-	1	TT	5	跑馬地	2.69							
2019/9/25	2	第五班	1200米	(40-0)	好地至快地	草地 - "A" 賽道	1	1	善傳千里(A121)	潘頓	文家良	132	1087	11	-	2 3 1	1:10.29	4.3	-	-	+ 1	 	6	跑馬地	2.69	16.0			89.5	36.5	44.5	
2019/9/25	2	第五班	1200米	(40-0)	好地至快地	草地 - "A" 賽道	2	5	明月昇輝(A324)	貝力斯	韋達	130	1064	5	3/4	5 5 2	1:10.40	3.2	1st Hot	-	+ 1	H/P	6	跑馬地	2.69		14.5		89.5	36.5		45.0
2019/9/25	2	第五班	1200米	(40-0)	好地至快地	草地 - "A" 賽道	3	4	爪皇轟天(A291)	郭能	霍利時	131	1108	4	1-3/4	6 6 3	1:10.56	6	-	-	+ 1	TT	6	跑馬地	2.69			18.5			44.5	45.0
2019/9/25	2	第五班	1200米	(40-0)	好地至快地	草地 - "A" 賽道	4	7	駿協精英(V207)	蔡明紹	何良	128	1148	7	2-1/2	7 8 4	1:10.69	33	-	-	+ 1	H/SR/CP2	7	跑馬地	2.69							
2019/9/25	2	第五班	1200米	(40-0)	好地至快地	草地 - "A" 賽道	5	3	隨我來(B300)	沈拿	姚本輝	131	1002	9	3-1/4	8 7 5	1:10.81	19	-	-	1	 	5	跑馬地	2.69							
2019/9/25	2	第五班	1200米	(40-0)	好地至快地	草地 - "A" 賽道	6	10	金剛秀(T436)	黃皓楠	鄭俊偉	120	1093	2	3-3/4	11 9 6	1:10.90	25	-	-	1	B	7	跑馬地	2.69							
2019/9/25	2	第五班	1200米	(40-0)	好地至快地	草地 - "A" 賽道	7	9	銀城福星(V088)	陳嘉熙	丁冠豪	118	1166	3	4-1/4	1 2 7	1:10.97	24	-	-	+ 1	H/XB/TT	-	跑馬地	2.69							
2019/9/25	2	第五班	1200米	(40-0)	好地至快地	草地 - "A" 賽道	8	2	幸運大兄(A423)	潘明輝	蘇保羅	130	1044	12	4-1/4	3 1 8	1:10.98	19	-	-	+ 1	H-/B2/TT	5	跑馬地	2.69							
2019/9/25	2	第五班	1200米	(40-0)	好地至快地	草地 - "A" 賽道	9	12	非同凡響(B242)	黎海榮	呂健威	113	1015	10	5-1/4	12 12 9	1:11.13	126	-	-	+ 1	XB-/B/H1/TT1	5	跑馬地	2.69							
2019/9/25	2	第五班	1200米	(40-0)	好地至快地	草地 - "A" 賽道	10	8	大將風勝(B419)	蘇狄雄	葉楚航	126	1002	6	5-3/4	10 11 10	1:11.19	54	-	-	+ 1	H	-	跑馬地	2.69							
2019/9/25	2	第五班	1200米	(40-0)	好地至快地	草地 - "A" 賽道	11	6	競駿時代(V116)	莫雷拉	蘇偉賢	130	1029	1	7-1/2	4 4 11	1:11.49	3.9	2nd Hot	-	+ 1	V/TT	-	跑馬地	2.69							
2019/9/25	2	第五班	1200米	(40-0)	好地至快地	草地 - "A" 賽道	12	11	勝利新星(B133)	田泰安	方嘉柏	114	1138	8	13	9 10 12	1:12.37	71	-	-	1	PC1/TT	-	跑馬地	2.69							
2019/9/25	3	第四班	1200米	(60-40)	好地至快地	草地 - "A" 賽道	1	9	喜勝駒(B167)	莫雷拉	方嘉柏	121	1077	5	-	5 5 1	1:09.71	5.5	-	-	* 2	V-/TT1	5	跑馬地	2.69	18.5			442.5	136.0	44.0	
2019/9/25	3	第四班	1200米	(60-40)	好地至快地	草地 - "A" 賽道	2	1	富萬家(V286)	巫顯東	何良	130	1053	3	1-1/4	1 1 2	1:09.89	13	-	-	* 2	H	7	跑馬地	2.69		35.5		442.5	136.0		92.5
2019/9/25	3	第四班	1200米	(60-40)	好地至快地	草地 - "A" 賽道	3	3	快樂歡騰(B272)	潘頓	蘇偉賢	131	1175	8	1-1/4	10 10 3	1:09.91	3.4	2nd Hot	-	* 1	B-/H/TT2	6	跑馬地	2.69			14.0			44.0	92.5
2019/9/25	3	第四班	1200米	(60-40)	好地至快地	草地 - "A" 賽道	4	2	勇者勝(B010)	郭能	高伯新	132	1141	9	1-3/4	8 8 4	1:09.98	11	-	-	+ * 1	B/H/XB/TT	6	跑馬地	2.69							
2019/9/25	3	第四班	1200米	(60-40)	好地至快地	草地 - "A" 賽道	5	10	太陽戰馬(C212)	黃皓楠	徐雨石	117	1180	4	5	2 2 5	1:10.49	16	-	-	* 1	 	5	跑馬地	2.69							
2019/9/25	3	第四班	1200米	(60-40)	好地至快地	草地 - "A" 賽道	6	11	超霸無敵(C256)	黎海榮	姚本輝	117	1038	1	6	3 3 6	1:10.68	72	-	-	* 2	B-	4	跑馬地	2.69							
2019/9/25	3	第四班	1200米	(60-40)	好地至快地	草地 - "A" 賽道	7	7	富祿(C352)	潘明輝	葉楚航	120	1078	11	7-1/4	9 9 7	1:10.85	50	-	-	* 1	 	5	跑馬地	2.69							
2019/9/25	3	第四班	1200米	(60-40)	好地至快地	草地 - "A" 賽道	8	6	極爽(C131)	史卓豐	丁冠豪	128	1094	2	8	4 4 8	1:10.97	3.3	1st Hot	-	* 1	H/V	5	跑馬地	2.69							
2019/9/25	3	第四班	1200米	(60-40)	好地至快地	草地 - "A" 賽道	9	5	肥仔(V071)	貝力斯	韋達	128	1158	12	8-1/2	11 11 9	1:11.09	19	-	-	* 2	B2/XB2/TT-	-	跑馬地	2.69							
2019/9/25	3	第四班	1200米	(60-40)	好地至快地	草地 - "A" 賽道	10	8	出奇寶(B471)	田泰安	苗禮德	121	1005	6	9-3/4	7 7 10	1:11.29	9.6	-	-	+ * 1	B	-	跑馬地	2.69							
2019/9/25	3	第四班	1200米	(60-40)	好地至快地	草地 - "A" 賽道	11	4	西夏之王(C295)	希威森	霍利時	129	1074	10	14-1/2	12 12 11	1:12.02	150	-	-	* 2	CP-/B1/TT	4	跑馬地	2.69							
2019/9/25	3	第四班	1200米	(60-40)	好地至快地	草地 - "A" 賽道	12	12	幸運飛駒(A092)	蘇狄雄	文家良	111	1068	7	14-1/2	6 6 12	1:12.04	43	-	-	* 1	TT	8	跑馬地	2.69							
2019/9/25	4	第四班	1800米	(60-40)	好地至快地	草地 - "A" 賽道	1	8	夢幻戰士(C280)	田泰安	告東尼	124	1101	4	-	3 3 3 3 1	1:49.89	6.3	-	-	+ 1	CP/H/TT	4	跑馬地	2.69	24.0			568.5	185.5	98.0	
2019/9/25	4	第四班	1800米	(60-40)	好地至快地	草地 - "A" 賽道	2	6	力王(A065)	李寶利	霍利時	125	1039	11	1-1/4	11 11 9 1 2	1:50.11	13	-	-	* 1	 	7	跑馬地	2.69		34.5		568.5	185.5		144.0
2019/9/25	4	第四班	1800米	(60-40)	好地至快地	草地 - "A" 賽道	3	5	王者再現(V156)	利敬國	姚本輝	125	1115	2	1-3/4	7 7 7 9 3	1:50.19	9.4	-	-	1	V	7	跑馬地	2.69			26.5			98.0	144.0
2019/9/25	4	第四班	1800米	(60-40)	好地至快地	草地 - "A" 賽道	4	3	自然君子(C089)	何澤堯	方嘉柏	129	1143	6	2-3/4	6 4 4 6 4	1:50.31	2.9	1st Hot	-	1	B/H	5	跑馬地	2.69							
2019/9/25	4	第四班	1800米	(60-40)	好地至快地	草地 - "A" 賽道	5	12	鵲橋飛渡(A247)	郭能	高伯新	132	1071	1	2-3/4	4 5 6 5 5	1:50.32	8.9	-	W P	1	H/P/TT	6	跑馬地	2.69							
2019/9/25	4	第四班	1800米	(60-40)	好地至快地	草地 - "A" 賽道	6	1	快樂實在(A152)	莫雷拉	容天鵬	133	1169	5	3-1/4	8 8 8 8 6	1:50.42	5.1	2nd Hot	-	1	 	6	跑馬地	2.69							
2019/9/25	4	第四班	1800米	(60-40)	好地至快地	草地 - "A" 賽道	7	10	塑料喜(T326)	黃皓楠	丁冠豪	117	1073	12	5	1 1 1 2 7	1:50.68	21	-	-	1	B	7	跑馬地	2.69							
2019/9/25	4	第四班	1800米	(60-40)	好地至快地	草地 - "A" 賽道	8	7	君臨大地(V192)	黎海榮	何良	124	989	3	5-1/4	5 6 5 7 8	1:50.72	22	-	-	1	SR/TT	8	跑馬地	2.69							
2019/9/25	4	第四班	1800米	(60-40)	好地至快地	草地 - "A" 賽道	9	4	及時行樂(A125)	陳嘉熙	徐雨石	118	1101	10	6-3/4	2 2 2 4 9	1:50.96	52	-	-	1	B	6	跑馬地	2.69							
2019/9/25	4	第四班	1800米	(60-40)	好地至快地	草地 - "A" 賽道	10	11	鑽飾神聖(A419)	希威森	苗禮德	120	1182	9	7-1/4	12 12 12 11 10	1:51.06	18	-	-	+ 1	 	6	跑馬地	2.69							
2019/9/25	4	第四班	1800米	(60-40)	好地至快地	草地 - "A" 賽道	11	2	開心日子(A333)	貝力斯	沈集成	132	1096	8	7-3/4	9 9 10 10 11	1:51.14	23	-	-	+ 1	B/TT	6	跑馬地	2.69							
2019/9/25	4	第四班	1800米	(60-40)	好地至快地	草地 - "A" 賽道	12	9	蒜頭爺爺(V039)	巫顯東	葉楚航	120	1011	7	8	10 10 11 12 12	1:51.19	72	-	-	* 1	B-	7	跑馬地	2.69							
2019/9/25	4	第四班	1800米	(60-40)	好地至快地	草地 - "A" 賽道	WV		如沐春風(B150)	潘明輝	鄭俊偉	114	---	---	---	---	---	---	-	-	-	-	6	跑馬地	2.69							
2019/9/25	5	第四班	1200米	(60-40)	好地至快地	草地 - "A" 賽道	1	9	王者奇兵(C130)	莫雷拉	姚本輝	122	1145	6	-	7 6 1	1:10.32	3.5	1st Hot	-	* 1	 	4	跑馬地	2.69	15.0			75.0	32.0	118.5	
2019/9/25	5	第四班	1200米	(60-40)	好地至快地	草地 - "A" 賽道	2	2	健康在望(C172)	田泰安	苗禮德	132	1003	1	1-1/2	12 11 2	1:10.57	3.5	2nd Hot	-	* 2	B	4	跑馬地	2.69		14.0		75.0	32.0		87.5
2019/9/25	5	第四班	1200米	(60-40)	好地至快地	草地 - "A" 賽道	3	3	紅褲日(C272)	梁家俊	鄭俊偉	131	1149	10	1-3/4	2 2 3	1:10.61	17	-	-	+ 1	B/TT	5	跑馬地	2.69			44.0			118.5	87.5
2019/9/25	5	第四班	1200米	(60-40)	好地至快地	草地 - "A" 賽道	4	5	心慷慨(V394)	潘明輝	葉楚航	124	1097	3	2-1/2	9 9 4	1:10.73	15	-	-	* 2	P-/XB	-	跑馬地	2.69							
2019/9/25	5	第四班	1200米	(60-40)	好地至快地	草地 - "A" 賽道	5	11	飛雲騅(B274)	史卓豐	方嘉柏	120	1097	2	3-1/2	4 4 5	1:10.87	6.4	-	-	* 1	SR	5	跑馬地	2.69							
2019/9/25	5	第四班	1200米	(60-40)	好地至快地	草地 - "A" 賽道	6	6	陽明滿滿(B047)	何澤堯	蘇偉賢	126	1060	9	4-1/2	10 10 6	1:11.02	19	-	-	* 2	H-/TT	5	跑馬地	2.69							
2019/9/25	5	第四班	1200米	(60-40)	好地至快地	草地 - "A" 賽道	7	4	金碧輝煌(T076)	李寶利	丁冠豪	128	1071	5	5	6 8 7	1:11.12	45	-	-	* 2	B/TT	9	跑馬地	2.69							
2019/9/25	5	第四班	1200米	(60-40)	好地至快地	草地 - "A" 賽道	8	7	菁年財駿(C435)	潘頓	沈集成	125	975	7	6-1/4	1 1 8	1:11.31	6.2	-	-	* 1	TT1	4	跑馬地	2.69							
2019/9/25	5	第四班	1200米	(60-40)	好地至快地	草地 - "A" 賽道	9	8	愛添滿(B305)	利敬國	何良	123	1121	11	7	8 5 9	1:11.45	10	-	-	* 1	H-/V1/TT-	-	跑馬地	2.69							
2019/9/25	5	第四班	1200米	(60-40)	好地至快地	草地 - "A" 賽道	10	1	上捕先鋒(C300)	希威森	霍利時	133	1165	8	9-1/4	3 3 10	1:11.82	136	-	-	* 1	B	5	跑馬地	2.69							
2019/9/25	5	第四班	1200米	(60-40)	好地至快地	草地 - "A" 賽道	11	10	提款機(V093)	沈拿	容天鵬	121	1266	4	19	5 7 11	1:13.37	50	-	-	* 1	B-/TT	-	跑馬地	2.69							
2019/9/25	5	第四班	1200米	(60-40)	好地至快地	草地 - "A" 賽道	12	12	團圓豐收(V409)	黎海榮	徐雨石	115	1058	12	26-3/4	11 12 12	1:14.62	125	-	-	* 2	TT	-	跑馬地	2.69							
2019/9/25	6	第三班	1000米	(80-60)	好地至快地	草地 - "A" 賽道	1	12	正陽清風(B343)	蔡明紹	姚本輝	117	1153	2	-	6 8 1	0:57.44	5.2	2nd Hot	-	+ 1	B	5	跑馬地	2.69	15.0			197.5	49.0	83.0	
2019/9/25	6	第三班	1000米	(80-60)	好地至快地	草地 - "A" 賽道	2	6	衝亞(C218)	陳嘉熙	羅富全	115	1032	4	1/2	3 1 2	0:57.54	7.4	-	-	+ 1	B1	4	跑馬地	2.69		18.0		197.5	49.0		113.0
2019/9/25	6	第三班	1000米	(80-60)	好地至快地	草地 - "A" 賽道	3	8	極速前進(V390)	梁家俊	容天鵬	123	1246	9	3/4	8 6 3	0:57.58	15	-	-	+ 1	V/TT	6	跑馬地	2.69			35.0			83.0	113.0
2019/9/25	6	第三班	1000米	(80-60)	好地至快地	草地 - "A" 賽道	4	11	寶山鷹(C248)	莫雷拉	丁冠豪	117	1092	6	1-1/4	1 3 4	0:57.62	1.8	1st Hot	-	+ 1	 	4	跑馬地	2.69							
2019/9/25	6	第三班	1000米	(80-60)	好地至快地	草地 - "A" 賽道	5	1	育馬妙星(V197)	田泰安	霍利時	131	1172	12	1-1/2	11 11 5	0:57.66	66	-	-	* 1	H	-	跑馬地	2.69							
2019/9/25	6	第三班	1000米	(80-60)	好地至快地	草地 - "A" 賽道	6	9	育馬新星(C162)	黃皓楠	高伯新	115	1076	3	2-1/4	4 5 6	0:57.78	196	-	-	* 1	CP	5	跑馬地	2.69							
2019/9/25	6	第三班	1000米	(80-60)	好地至快地	草地 - "A" 賽道	7	7	金匯昇(C010)	李寶利	蔡約翰	123	1088	8	2-1/2	7 7 7	0:57.86	19	-	-	+ 1	 	4	跑馬地	2.69							
2019/9/25	6	第三班	1000米	(80-60)	好地至快地	草地 - "A" 賽道	8	3	競駿天驕(B097)	巫顯東	沈集成	128	1024	10	2-3/4	10 9 8	0:57.88	69	-	-	* 1	H/TT	6	跑馬地	2.69							
2019/9/25	6	第三班	1000米	(80-60)	好地至快地	草地 - "A" 賽道	9	2	加州銀晉(C042)	何澤堯	告東尼	131	1127	7	3-1/4	9 10 9	0:57.97	23	-	-	* 1	H/TT	5	跑馬地	2.69							
2019/9/25	6	第三班	1000米	(80-60)	好地至快地	草地 - "A" 賽道	10	10	醒目再臨(A314)	蘇狄雄	蘇偉賢	116	1161	11	5-1/4	12 12 10	0:58.27	202	-	-	* 1	B/TT	6	跑馬地	2.69							
2019/9/25	6	第三班	1000米	(80-60)	好地至快地	草地 - "A" 賽道	11	5	美麗天驕(C274)	潘明輝	約翰摩亞	123	1060	5	6-1/4	2 2 11	0:58.43	53	-	-	+ 1	CP/TT	-	跑馬地	2.69							
2019/9/25	6	第三班	1000米	(80-60)	好地至快地	草地 - "A" 賽道	12	4	帖木兒(B001)	潘頓	方嘉柏	130	1106	1	7-1/2	5 4 12	0:58.62	7.4	-	-	+ 1	TT1	5	跑馬地	2.69							
2019/9/25	7	第三班	1200米	(80-60)	好地至快地	草地 - "A" 賽道	1	2	電訊驫馬(C181)	史卓豐	丁冠豪	133	1125	3	-	2 2 1	1:10.12	9.1	-	-	* 1	TT	5	跑馬地	2.69	24.0			289.5	108.5	73.5	
2019/9/25	7	第三班	1200米	(80-60)	好地至快地	草地 - "A" 賽道	2	3	劍追風(B261)	利敬國	約翰摩亞	131	1161	12	頭位	3 5 2	1:10.16	6.4	-	-	* 1	TT	6	跑馬地	2.69		27.0		289.5	108.5		82.0
2019/9/25	7	第三班	1200米	(80-60)	好地至快地	草地 - "A" 賽道	3	4	成才(B085)	潘頓	方嘉柏	130	1166	1	1/2	4 3 3	1:10.19	4.2	2nd Hot	-	* 1	XB	6	跑馬地	2.69			16.0			73.5	82.0
2019/9/25	7	第三班	1200米	(80-60)	好地至快地	草地 - "A" 賽道	4	10	赤水神駒(V364)	陳嘉熙	葉楚航	107	1175	10	3/4	1 1 4	1:10.24	13	-	-	* 1	 	6	跑馬地	2.69							
2019/9/25	7	第三班	1200米	(80-60)	好地至快地	草地 - "A" 賽道	5	7	公証福將(A148)	貝力斯	鄭俊偉	125	1196	7	1-3/4	9 8 5	1:10.39	32	-	-	* 1	XB/TT	7	跑馬地	2.69							
2019/9/25	7	第三班	1200米	(80-60)	好地至快地	草地 - "A" 賽道	6	9	轉數高(C007)	何澤堯	賀賢	120	1170	6	2-1/4	11 10 6	1:10.47	3.9	1st Hot	-	+ 1	B/XB	5	跑馬地	2.69							
2019/9/25	7	第三班	1200米	(80-60)	好地至快地	草地 - "A" 賽道	7	1	神舟寶駒(C269)	沈拿	徐雨石	133	1177	5	2-1/2	8 9 7	1:10.50	168	-	-	1	TT2	6	跑馬地	2.69							
2019/9/25	7	第三班	1200米	(80-60)	好地至快地	草地 - "A" 賽道	8	5	醒目勇駒(B456)	莫雷拉	告東尼	130	1145	4	3-1/4	5 4 8	1:10.63	4.4	-	-	+ 1	B/TT	5	跑馬地	2.69							
2019/9/25	7	第三班	1200米	(80-60)	好地至快地	草地 - "A" 賽道	9	6	光速之星(C478)	黎海榮	沈集成	125	1061	9	3-1/2	7 6 9	1:10.67	64	-	-	2	TT1	4	跑馬地	2.69							
2019/9/25	7	第三班	1200米	(80-60)	好地至快地	草地 - "A" 賽道	10	8	雙天至尊(C293)	黃皓楠	呂健威	119	1231	8	3-1/2	12 12 10	1:10.70	224	-	-	* 1	TT	5	跑馬地	2.69							
2019/9/25	7	第三班	1200米	(80-60)	好地至快地	草地 - "A" 賽道	11	12	銀亮之星(B027)	潘明輝	何良	114	1086	2	4-1/4	6 7 11	1:10.78	11	-	-	* 2	H	6	跑馬地	2.69							
2019/9/25	7	第三班	1200米	(80-60)	好地至快地	草地 - "A" 賽道	12	11	問鼎高峰(A009)	田泰安	高伯新	117	1146	11	7-1/2	10 11 12	1:11.30	79	-	-	* 1	B	-	跑馬地	2.69							
2019/9/25	8	第三班	1650米	(80-60)	好地至快地	草地 - "A" 賽道	1	10	文武傳奇(B137)	利敬國	沈集成	118	1110	3	-	4 5 4 1	1:39.66	21	-	-	* 1	B/TT	5	跑馬地	2.69	54.5			684.0	172.5	600.5	
2019/9/25	8	第三班	1650米	(80-60)	好地至快地	草地 - "A" 賽道	2	9	綠野先駒(C302)	莫雷拉	方嘉柏	119	1173	6	1-1/4	5 4 5 2	1:39.85	6	-	-	+ 1	 	5	跑馬地	2.69		19.0		684.0	172.5		266.5
2019/9/25	8	第三班	1650米	(80-60)	好地至快地	草地 - "A" 賽道	3	11	鴻圖巨星(C163)	陳嘉熙	羅富全	107	1046	8	1-1/2	3 3 2 3	1:39.89	28	-	-	+ 1	H	5	跑馬地	2.69			75.0			600.5	266.5
2019/9/25	8	第三班	1650米	(80-60)	好地至快地	草地 - "A" 賽道	4	7	鑲白旗(B336)	郭能	霍利時	125	1011	7	1-1/2	6 6 6 4	1:39.90	7.3	-	-	* 1	 	6	跑馬地	2.69							
2019/9/25	8	第三班	1650米	(80-60)	好地至快地	草地 - "A" 賽道	5	2	福威勝(B223)	何澤堯	呂健威	132	1109	4	1-1/2	8 8 8 5	1:39.91	9.6	-	-	* 1	 	6	跑馬地	2.69							
2019/9/25	8	第三班	1650米	(80-60)	好地至快地	草地 - "A" 賽道	6	5	興爾(B203)	沈拿	韋達	125	1025	2	2-1/4	1 1 1 6	1:40.02	3.2	1st Hot	-	+ 1	XB	-	跑馬地	2.69							
2019/9/25	8	第三班	1650米	(80-60)	好地至快地	草地 - "A" 賽道	7	6	幸運時代(A045)	潘明輝	賀賢	123	1059	5	3-1/4	7 7 7 7	1:40.19	10	-	-	+ 1	B	-	跑馬地	2.69							
2019/9/25	8	第三班	1650米	(80-60)	好地至快地	草地 - "A" 賽道	8	3	長長友(B472)	潘頓	容天鵬	128	1146	10	4-1/4	11 11 10 8	1:40.34	5.1	2nd Hot	-	+ 1	B	4	跑馬地	2.69							
2019/9/25	8	第三班	1650米	(80-60)	好地至快地	草地 - "A" 賽道	9	12	可愛寶(T029)	巫顯東	葉楚航	113	1176	9	5	12 12 12 9	1:40.48	131	-	-	* 1	H/XB	-	跑馬地	2.69							
2019/9/25	8	第三班	1650米	(80-60)	好地至快地	草地 - "A" 賽道	10	1	川河寶駒(T375)	田泰安	苗禮德	133	991	1	6-1/4	10 9 9 10	1:40.66	14	-	-	* 1	TT	-	跑馬地	2.69							
2019/9/25	8	第三班	1650米	(80-60)	好地至快地	草地 - "A" 賽道	11	8	靚紫荊(A135)	希威森	徐雨石	120	1077	12	9-3/4	9 10 11 11	1:41.24	99	-	-	+ 1	B	7	跑馬地	2.69							
2019/9/25	8	第三班	1650米	(80-60)	好地至快地	草地 - "A" 賽道	12	4	心中有您(B283)	李寶利	何良	126	1067	11	10-1/2	2 2 3 12	1:41.32	23	-	-	+ 1	H/V	5	跑馬地	2.69							
2019/9/25	9	第三班	1200米	(80-60)	好地至快地	草地 - "A" 賽道	1	12	天地人(B403)	莫雷拉	何良	116	1102	1	-	1 1 1	1:09.64	4.1	2nd Hot	-	* 1	CP/H/XB	4	跑馬地	2.69	13.5			195.0	58.0	59.5	
2019/9/25	9	第三班	1200米	(80-60)	好地至快地	草地 - "A" 賽道	2	4	安喜(V338)	郭能	約翰摩亞	128	1106	2	2-3/4	4 4 2	1:10.10	12	-	-	2	B/TT	-	跑馬地	2.69		25.0		195.0	58.0		131.0
2019/9/25	9	第三班	1200米	(80-60)	好地至快地	草地 - "A" 賽道	3	11	明駿之星(C229)	田泰安	蔡約翰	117	1142	4	3-3/4	3 3 3	1:10.25	11	-	-	1	B	4	跑馬地	2.69			28.0			59.5	131.0
2019/9/25	9	第三班	1200米	(80-60)	好地至快地	草地 - "A" 賽道	4	1	永同歡欣(C232)	梁家俊	容天鵬	133	1077	12	4	8 8 4	1:10.29	33	-	-	* 1	 	5	跑馬地	2.69							
2019/9/25	9	第三班	1200米	(80-60)	好地至快地	草地 - "A" 賽道	5	6	精神威(C345)	潘頓	羅富全	124	1112	10	4-1/4	2 2 5	1:10.33	1.9	1st Hot	-	* 1	 	4	跑馬地	2.69							
2019/9/25	9	第三班	1200米	(80-60)	好地至快地	草地 - "A" 賽道	6	10	索先生(T330)	何澤堯	賀賢	117	1138	8	5-1/2	10 9 6	1:10.51	70	-	-	* 2	B	-	跑馬地	2.69							
2019/9/25	9	第三班	1200米	(80-60)	好地至快地	草地 - "A" 賽道	7	9	英之星(C058)	貝力斯	姚本輝	119	1155	7	5-3/4	7 6 7	1:10.57	27	-	-	+ 1	CP1	4	跑馬地	2.69							
2019/9/25	9	第三班	1200米	(80-60)	好地至快地	草地 - "A" 賽道	8	7	夢幻仙子(V222)	潘明輝	蘇偉賢	118	1165	3	5-3/4	6 7 8	1:10.58	63	-	-	* 1	TT	7	跑馬地	2.69							
2019/9/25	9	第三班	1200米	(80-60)	好地至快地	草地 - "A" 賽道	9	2	越感(T273)	希威森	霍利時	132	1213	11	6	11 11 9	1:10.62	67	-	-	+ * 1	 	8	跑馬地	2.69							
2019/9/25	9	第三班	1200米	(80-60)	好地至快地	草地 - "A" 賽道	10	3	最驫(A022)	巫顯東	沈集成	129	1165	6	8-3/4	9 10 10	1:11.05	35	-	-	* 1	B/TT	7	跑馬地	2.69							
2019/9/25	9	第三班	1200米	(80-60)	好地至快地	草地 - "A" 賽道	11	5	騰龍超影(T372)	蔡明紹	蘇保羅	124	1138	9	8-3/4	12 12 11	1:11.06	39	-	-	* 1	V/TT	8	跑馬地	2.69							
2019/9/25	9	第三班	1200米	(80-60)	好地至快地	草地 - "A" 賽道	12	8	紅粉彩影(C284)	史卓豐	韋達	119	1070	5	9-3/4	5 5 12	1:11.20	8.4	-	-	* 1	H/XB	5	跑馬地	2.69							
2019/10/1	1	第四班	1200米	(60-40)	好地至快地	草地 - "A+3" 賽道	1	1	電子群星(C132)	梁家俊	文家良	131	1029	8	-	5 5 1	1:09.12	8.2	-	-	1	H	4	沙田	2.71	21.0			84.0	33.5	119.5	
2019/10/1	1	第四班	1200米	(60-40)	好地至快地	草地 - "A+3" 賽道	2	8	八卦(C102)	潘頓	賀賢	127	1114	7	1-1/4	3 3 2	1:09.30	2.2	1st Hot	-	1	XB	4	沙田	2.71		12.5		84.0	33.5		60.0
2019/10/1	1	第四班	1200米	(60-40)	好地至快地	草地 - "A+3" 賽道	3	14	餘皇(B155)	蔡明紹	韋達	116	1071	2	2-1/2	4 4 3	1:09.48	13	-	-	+ * 1	 	6	沙田	2.71			32.0			119.5	60.0
2019/10/1	1	第四班	1200米	(60-40)	好地至快地	草地 - "A+3" 賽道	4	12	馬功臣(A296)	田泰安	蘇偉賢	123	1120	12	2-3/4	13 8 4	1:09.53	8.6	-	-	1	B/E/TT	6	沙田	2.71							
2019/10/1	1	第四班	1200米	(60-40)	好地至快地	草地 - "A+3" 賽道	5	10	好友利(C223)	利敬國	徐雨石	125	994	9	4-1/2	6 6 5	1:09.84	23	-	-	* 2	H-/B	4	沙田	2.71							
2019/10/1	1	第四班	1200米	(60-40)	好地至快地	草地 - "A+3" 賽道	6	3	佳景福星(C454)	薛恩	葉楚航	128	1149	4	4-3/4	2 1 6	1:09.89	5.5	2nd Hot	-	+ 2	 	3	沙田	2.71							
2019/10/1	1	第四班	1200米	(60-40)	好地至快地	草地 - "A+3" 賽道	7	9	金剛石(C106)	史卓豐	高伯新	127	1131	13	5-3/4	14 13 7	1:10.02	37	-	-	+ 1	B1/TT1	4	沙田	2.71							
2019/10/1	1	第四班	1200米	(60-40)	好地至快地	草地 - "A+3" 賽道	8	5	惜多福(A323)	杜美爾	苗禮德	128	1209	3	5-3/4	12 12 8	1:10.02	7.4	-	-	2	B	6	沙田	2.71							
2019/10/1	1	第四班	1200米	(60-40)	好地至快地	草地 - "A+3" 賽道	9	6	飛帥(C455)	黎海榮	何良	128	1154	1	5-3/4	7 9 9	1:10.03	170	-	-	2	H1	4	沙田	2.71							
2019/10/1	1	第四班	1200米	(60-40)	好地至快地	草地 - "A+3" 賽道	10	4	開心一號(C486)	蘇狄雄	葉楚航	126	1123	10	6-1/2	9 11 10	1:10.15	106	-	-	4	 	4	沙田	2.71							
2019/10/1	1	第四班	1200米	(60-40)	好地至快地	草地 - "A+3" 賽道	11	11	槍槍中(C092)	黃皓楠	蘇偉賢	120	1077	14	7-1/2	10 7 11	1:10.32	166	-	-	5	TT	5	沙田	2.71							
2019/10/1	1	第四班	1200米	(60-40)	好地至快地	草地 - "A+3" 賽道	12	13	彪形鐵漢(C012)	巫顯東	蘇偉賢	114	1119	5	12-1/4	8 10 12	1:11.06	139	-	-	3	TT	-	沙田	2.71							
2019/10/1	1	第四班	1200米	(60-40)	好地至快地	草地 - "A+3" 賽道	13	2	又夠威(C467)	莫雷拉	沈集成	128	1112	11	13-1/2	1 2 13	1:11.29	41	-	-	1	B1/TT1	4	沙田	2.71							
2019/10/1	1	第四班	1200米	(60-40)	好地至快地	草地 - "A+3" 賽道	14	7	衝關王(C378)	貝力斯	鄭俊偉	128	1110	6	多個馬位	11 14 14	2:30.78	196	-	-	+ 1	H1/TT1	4	沙田	2.71							
2019/10/1	2	第四班	1200米	(60-40)	好地至快地	草地 - "A+3" 賽道	1	9	合衷共濟(B250)	潘明輝	賀賢	125	1099	10	-	2 2 1	1:08.85	4.5	2nd Hot	-	2	 	4	沙田	2.71	15.5			2407.5	600.5	52.0	
2019/10/1	2	第四班	1200米	(60-40)	好地至快地	草地 - "A+3" 賽道	2	8	木火同明(C460)	利敬國	何良	128	1073	12	2	11 10 2	1:09.17	107	-	-	1	H1	4	沙田	2.71		192.5		2407.5	600.5		940.5
2019/10/1	2	第四班	1200米	(60-40)	好地至快地	草地 - "A+3" 賽道	3	10	一路順風(C453)	杜美爾	苗禮德	126	1108	2	2-1/2	4 4 3	1:09.24	8	-	-	1	 	4	沙田	2.71			19.5			52.0	940.5
2019/10/1	2	第四班	1200米	(60-40)	好地至快地	草地 - "A+3" 賽道	4	2	猴王駒(A336)	田泰安	約翰摩亞	131	1062	13	2-3/4	12 8 4	1:09.30	7.3	-	-	* 1	B	-	沙田	2.71							
2019/10/1	2	第四班	1200米	(60-40)	好地至快地	草地 - "A+3" 賽道	5	1	乘勢歡心(C423)	梁家俊	容天鵬	133	1102	8	4	9 12 5	1:09.51	13	-	-	1	 	4	沙田	2.71							
2019/10/1	2	第四班	1200米	(60-40)	好地至快地	草地 - "A+3" 賽道	6	12	為食格格(C312)	蘇狄雄	蘇偉賢	123	1254	3	4-1/4	5 5 6	1:09.52	12	-	-	4	TT	4	沙田	2.71							
2019/10/1	2	第四班	1200米	(60-40)	好地至快地	草地 - "A+3" 賽道	7	14	安定繁盛(C064)	黃皓楠	羅富全	114	1124	11	4-1/2	10 11 7	1:09.58	40	-	-	* 1	V-/TT	4	沙田	2.71							
2019/10/1	2	第四班	1200米	(60-40)	好地至快地	草地 - "A+3" 賽道	8	4	總統之星(C170)	黎海榮	沈集成	128	1051	1	6-1/2	7 7 8	1:09.88	185	-	-	2	B1/TT1	4	沙田	2.71							
2019/10/1	2	第四班	1200米	(60-40)	好地至快地	草地 - "A+3" 賽道	9	13	勇冠多(V376)	李寶利	丁冠豪	120	1108	5	7-1/4	6 9 9	1:10.00	52	-	-	+ 1	SR	6	沙田	2.71							
2019/10/1	2	第四班	1200米	(60-40)	好地至快地	草地 - "A+3" 賽道	10	6	紅旺(C341)	潘頓	葉楚航	128	1174	7	8	1 1 10	1:10.14	2.1	1st Hot	-	+ 1	 	4	沙田	2.71							
2019/10/1	2	第四班	1200米	(60-40)	好地至快地	草地 - "A+3" 賽道	11	11	豹子膽(C389)	希威森	徐雨石	126	1123	4	8	8 6 11	1:10.14	60	-	-	+ 1	 	3	沙田	2.71							
2019/10/1	2	第四班	1200米	(60-40)	好地至快地	草地 - "A+3" 賽道	12	3	勝者(C315)	郭能	高伯新	128	1077	9	8-1/2	3 3 12	1:10.19	30	-	-	+ 2	 	-	沙田	2.71							
2019/10/1	2	第四班	1200米	(60-40)	好地至快地	草地 - "A+3" 賽道	13	7	驃騎飛(C456)	貝力斯	蘇偉賢	128	1128	6	8-1/2	13 13 13	1:10.19	419	-	-	* 2	 	4	沙田	2.71							
2019/10/1	2	第四班	1200米	(60-40)	好地至快地	草地 - "A+3" 賽道	14	5	拖板精英(C362)	巫顯東	葉楚航	125	1025	14	8-1/2	14 14 14	1:10.23	248	-	-	3	 	4	沙田	2.71							
2019/10/1	3	國際三級賽	1000米 		好地至快地	草地 - "A+3" 賽道	1	5	美麗滿載(C003)	莫雷拉	蔡約翰	115	1163	1	-	6 3 1	0:55.16	2.4	1st Hot	-		 	5	沙田	2.71	13.5			165.0	51.0	36.5	
2019/10/1	3	國際三級賽	1000米 		好地至快地	草地 - "A+3" 賽道	2	6	旌暉(V077)	潘明輝	姚本輝	113	1073	6	頸位	7 7 2	0:55.20	11	-	-		B	8	沙田	2.71		25.5		165.0	51.0		92.5
2019/10/1	3	國際三級賽	1000米 		好地至快地	草地 - "A+3" 賽道	3	3	有理共想(B180)	薛恩	高伯新	126	1179	7	頸位	4 5 3	0:55.22	6.9	-	-		B	6	沙田	2.71			18.5			36.5	92.5
2019/10/1	3	國際三級賽	1000米 		好地至快地	草地 - "A+3" 賽道	4	4	激賞(A377)	田泰安	蔡約翰	113	1008	2	1-1/2	2 2 4	0:55.38	27	-	-		 	5	沙田	2.71							
2019/10/1	3	國際三級賽	1000米 		好地至快地	草地 - "A+3" 賽道	5	1	小巨人(V342)	潘頓	賀賢	133	1054	4	1-1/2	3 4 5	0:55.38	3.7	2nd Hot	-		 	-	沙田	2.71							
2019/10/1	3	國際三級賽	1000米 		好地至快地	草地 - "A+3" 賽道	6	2	大籐王(A061)	史卓豐	高伯新	132	1141	3	2-1/4	1 1 6	0:55.51	4.8	-	-		B	6	沙田	2.71							
2019/10/1	3	國際三級賽	1000米 		好地至快地	草地 - "A+3" 賽道	7	7	樂滿家(A293)	利敬國	鄭俊偉	114	1117	5	3	5 6 7	0:55.64	16	-	-		B/H	6	沙田	2.71							
2019/10/1	4	第四班	1600米	(60-40)	好地至快地	草地 - "A+3" 賽道	1	1	錶之皇者(B398)	莫雷拉	文家良	133	1214	11	-	10 9 8 1	1:34.11	8.6	-	-	+ 1	B	5	沙田	2.71	28.0			125.5	50.0	140.5	
2019/10/1	4	第四班	1600米	(60-40)	好地至快地	草地 - "A+3" 賽道	2	8	加州明雋(B363)	田泰安	告東尼	122	1110	5	2	1 1 1 2	1:34.44	2.7	1st Hot	-	1	TT	5	沙田	2.71		13.5		125.5	50.0		66.5
2019/10/1	4	第四班	1600米	(60-40)	好地至快地	草地 - "A+3" 賽道	3	14	七寶(B314)	蔡明紹	約翰摩亞	114	1087	13	2-1/2	12 12 11 3	1:34.52	9.2	-	-	+ 1	B/TT	-	沙田	2.71			29.5			140.5	66.5
2019/10/1	4	第四班	1600米	(60-40)	好地至快地	草地 - "A+3" 賽道	4	12	活力寶駒(B279)	希威森	賀賢	115	1157	7	2-3/4	4 2 2 4	1:34.56	10	-	-	* 1	B	5	沙田	2.71							
2019/10/1	4	第四班	1600米	(60-40)	好地至快地	草地 - "A+3" 賽道	5	5	捉金皇(B460)	潘頓	方嘉柏	126	1108	10	5	9 10 10 5	1:34.91	6.7	-	-	+ 1	H/P	4	沙田	2.71							
2019/10/1	4	第四班	1600米	(60-40)	好地至快地	草地 - "A+3" 賽道	6	2	福善(C426)	李寶利	高伯新	130	1066	9	5	11 11 12 6	1:34.92	179	-	-	* 1	XB1	4	沙田	2.71							
2019/10/1	4	第四班	1600米	(60-40)	好地至快地	草地 - "A+3" 賽道	7	10	喜盈運(V337)	巫顯東	何良	118	1119	12	5	13 13 14 7	1:34.92	72	-	-	1	P-/H/TT	7	沙田	2.71							
2019/10/1	4	第四班	1600米	(60-40)	好地至快地	草地 - "A+3" 賽道	8	9	奔馳寶馬(V038)	史卓豐	蘇保羅	121	1178	3	5-3/4	14 14 13 8	1:35.03	27	-	-	* 1	B/TT	-	沙田	2.71							
2019/10/1	4	第四班	1600米	(60-40)	好地至快地	草地 - "A+3" 賽道	9	3	數糊勇士(B421)	薛恩	羅富全	129	1215	8	6-1/4	7 8 7 9	1:35.11	5.8	2nd Hot	-	+ 1	B-/SR	4	沙田	2.71							
2019/10/1	4	第四班	1600米	(60-40)	好地至快地	草地 - "A+3" 賽道	10	4	快閃的(A189)	郭能	霍利時	126	1051	4	6-1/4	5 6 6 10	1:35.13	18	-	-	1	B/TT	6	沙田	2.71							
2019/10/1	4	第四班	1600米	(60-40)	好地至快地	草地 - "A+3" 賽道	11	13	港林福星(A307)	黎海榮	沈集成	114	1124	1	8-1/2	3 4 5 11	1:35.46	115	-	-	* 1	B	-	沙田	2.71							
2019/10/1	4	第四班	1600米	(60-40)	好地至快地	草地 - "A+3" 賽道	12	11	盛勢(V243)	蘇狄雄	葉楚航	118	1067	14	8-3/4	6 5 3 12	1:35.50	145	-	-	* 1	 	7	沙田	2.71							
2019/10/1	4	第四班	1600米	(60-40)	好地至快地	草地 - "A+3" 賽道	13	6	潮州小子(T412)	杜美爾	容天鵬	124	1168	2	11-1/4	8 7 9 13	1:35.93	12	-	-	+ 1	TT	8	沙田	2.71							
2019/10/1	4	第四班	1600米	(60-40)	好地至快地	草地 - "A+3" 賽道	14	7	閃電烈馬(C201)	沈拿	徐雨石	124	1136	6	16-3/4	2 3 4 14	1:36.80	181	-	-	* 1	 	4	沙田	2.71							
2019/10/1	5	第四班	1400米	(60-40)	好地至快地	草地 - "A+3" 賽道	1	5	翡翠綠(C056)	杜美爾	苗禮德	126	1102	3	-	6 4 3 1	1:21.52	3.7	1st Hot	-	+ 1	B/XB	4	沙田	2.71	15.0			101.0	38.5	37.5	
2019/10/1	5	第四班	1400米	(60-40)	好地至快地	草地 - "A+3" 賽道	2	8	天意(V417)	田泰安	蘇保羅	123	1162	6	3-1/4	3 1 2 2	1:22.03	5.1	-	-	+ 1	B	6	沙田	2.71		16.5		101.0	38.5		42.5
2019/10/1	5	第四班	1400米	(60-40)	好地至快地	草地 - "A+3" 賽道	3	2	發財寶(B220)	沈拿	韋達	133	1039	1	3-1/4	1 2 1 3	1:22.05	4.1	2nd Hot	-	+ 1	B	5	沙田	2.71			16.5			37.5	42.5
2019/10/1	5	第四班	1400米	(60-40)	好地至快地	草地 - "A+3" 賽道	4	3	鑽得旺(C144)	莫雷拉	姚本輝	133	1187	8	3-3/4	7 7 8 4	1:22.13	5.8	-	-	+ 1	V-/CP1/TT	5	沙田	2.71							
2019/10/1	5	第四班	1400米	(60-40)	好地至快地	草地 - "A+3" 賽道	5	7	七十七十(B191)	薛恩	賀賢	128	1099	4	4-1/4	4 6 5 5	1:22.18	6.7	-	-	1	 	-	沙田	2.71							
2019/10/1	5	第四班	1400米	(60-40)	好地至快地	草地 - "A+3" 賽道	6	1	韻妙星(A363)	黃皓楠	霍利時	130	1264	9	4-3/4	13 11 9 6	1:22.28	26	-	-	* 1	B	6	沙田	2.71							
2019/10/1	5	第四班	1400米	(60-40)	好地至快地	草地 - "A+3" 賽道	7	4	從頭越(B073)	潘頓	徐雨石	127	1167	14	5	10 10 10 7	1:22.31	29	-	-	+ 1	B	6	沙田	2.71							
2019/10/1	5	第四班	1400米	(60-40)	好地至快地	草地 - "A+3" 賽道	8	9	威力琦(C155)	貝力斯	方嘉柏	123	989	10	5-1/4	9 8 7 8	1:22.37	359	-	-	1	P	5	沙田	2.71							
2019/10/1	5	第四班	1400米	(60-40)	好地至快地	草地 - "A+3" 賽道	9	11	贏多多(C004)	李寶利	丁冠豪	122	1062	12	5-1/2	11 12 11 9	1:22.38	37	-	-	+ 1	CP/H	5	沙田	2.71							
2019/10/1	5	第四班	1400米	(60-40)	好地至快地	草地 - "A+3" 賽道	10	13	話晒事(B239)	潘明輝	告東尼	112	991	7	5-1/2	5 5 6 10	1:22.41	26	-	-	+ 1	B/TT	-	沙田	2.71							
2019/10/1	5	第四班	1400米	(60-40)	好地至快地	草地 - "A+3" 賽道	11	10	好友無敵(A217)	黎海榮	文家良	122	1055	2	7	2 3 4 11	1:22.63	94	-	-	1	B	6	沙田	2.71							
2019/10/1	5	第四班	1400米	(60-40)	好地至快地	草地 - "A+3" 賽道	12	6	奮鬥揚威(C354)	巫顯東	何良	114	1107	11	14-1/4	14 14 14 12	1:23.80	219	-	-	1	H	5	沙田	2.71							
2019/10/1	5	第四班	1400米	(60-40)	好地至快地	草地 - "A+3" 賽道	13	12	精彩千里(C331)	利敬國	約翰摩亞	121	1180	13	14-1/4	12 13 13 13	1:23.81	37	-	-	+ 1	B-/H-/XB1	3	沙田	2.71							
2019/10/1	5	第四班	1400米	(60-40)	好地至快地	草地 - "A+3" 賽道	14	14	搶攻威威(B346)	蘇狄雄	蘇偉賢	111	1069	5	28-3/4	8 9 12 14	1:26.12	436	-	-	1	CP-/H1	-	沙田	2.71							
2019/10/1	5	第四班	1400米	(60-40)	好地至快地	草地 - "A+3" 賽道	WV		都市神話(A086)	梁家俊	容天鵬	125	---	---	---	---	---	---	-	-	-	-	6	沙田	2.71							
2019/10/1	5	第四班	1400米	(60-40)	好地至快地	草地 - "A+3" 賽道	WV		丹山玉(C020)	希威森	沈集成	123	---	---	---	---	---	---	-	-	-	-	-	沙田	2.71							
2019/10/1	6	第三班	1800米	(80-60)	好地至快地	草地 - "A+3" 賽道	1	8	悅裕(B189)	田泰安	告東尼	125	1180	8	-	14 14 14 12 1	1:46.75	4.5	2nd Hot	-	1	PC-/B2/TT	5	沙田	2.71	16.0			2247.5	604.5	37.0	
2019/10/1	6	第三班	1800米	(80-60)	好地至快地	草地 - "A+3" 賽道	2	3	川河寶駒(T375)	沈拿	苗禮德	130	980	1	3/4	9 7 6 6 2	1:46.86	108	-	-	1	B2/TT-	-	沙田	2.71		208.0		2247.5	604.5		498.0
2019/10/1	6	第三班	1800米	(80-60)	好地至快地	草地 - "A+3" 賽道	3	11	我𢥧意(C038)	潘頓	蘇偉賢	121	1117	10	3/4	6 8 8 9 3	1:46.88	3.5	1st Hot	-	+ 1	B/H/TT	5	沙田	2.71			16.0			37.0	498.0
2019/10/1	6	第三班	1800米	(80-60)	好地至快地	草地 - "A+3" 賽道	4	1	任我行(C297)	薛恩	約翰摩亞	133	1023	14	1-3/4	13 12 12 13 4	1:47.02	12	-	-	1	CP	5	沙田	2.71							
2019/10/1	6	第三班	1800米	(80-60)	好地至快地	草地 - "A+3" 賽道	5	10	超班福星(C183)	史卓豐	丁冠豪	122	1080	3	2	7 6 7 5 5	1:47.07	7.4	-	-	* 1	CP/TT	5	沙田	2.71							
2019/10/1	6	第三班	1800米	(80-60)	好地至快地	草地 - "A+3" 賽道	6	12	萬利高(V396)	黃皓楠	蘇保羅	116	1117	11	2-3/4	8 13 13 11 6	1:47.17	293	-	-	1	B	7	沙田	2.71							
2019/10/1	6	第三班	1800米	(80-60)	好地至快地	草地 - "A+3" 賽道	7	4	神亮金剛(C029)	莫雷拉	葉楚航	129	1040	6	3-1/4	11 9 10 10 7	1:47.28	5.1	-	-	1	 	5	沙田	2.71							
2019/10/1	6	第三班	1800米	(80-60)	好地至快地	草地 - "A+3" 賽道	8	2	快益善(B478)	利敬國	沈集成	132	1039	9	3-3/4	10 11 11 14 8	1:47.36	14	-	W P Big(PQ)	+ 1	SR	5	沙田	2.71							
2019/10/1	6	第三班	1800米	(80-60)	好地至快地	草地 - "A+3" 賽道	9	9	馬索爾(B094)	貝力斯	蔡約翰	124	970	4	8	3 4 4 2 9	1:48.03	60	-	-	1	P	-	沙田	2.71							
2019/10/1	6	第三班	1800米	(80-60)	好地至快地	草地 - "A+3" 賽道	10	14	盈嘉輝(C080)	蘇狄雄	徐雨石	116	1034	2	9-1/4	4 3 3 4 10	1:48.23	48	-	-	* 1	B/TT	5	沙田	2.71							
2019/10/1	6	第三班	1800米	(80-60)	好地至快地	草地 - "A+3" 賽道	11	5	翡翠福星(V020)	梁家俊	文家良	127	1105	7	9-1/4	5 5 5 7 11	1:48.25	132	-	-	* 1	H-/B	7	沙田	2.71							
2019/10/1	6	第三班	1800米	(80-60)	好地至快地	草地 - "A+3" 賽道	12	13	皇龍司令(C208)	希威森	霍利時	118	1089	5	12	12 10 9 8 12	1:48.69	96	-	-	* 1	B	5	沙田	2.71							
2019/10/1	6	第三班	1800米	(80-60)	好地至快地	草地 - "A+3" 賽道	13	7	活力名駒(B260)	潘明輝	呂健威	125	1024	12	17-1/4	1 1 1 1 13	1:49.50	6.8	-	Big(PQ)	+ 1	H/XB/TT	-	沙田	2.71							
2019/10/1	6	第三班	1800米	(80-60)	好地至快地	草地 - "A+3" 賽道	14	6	共創歡樂(C210)	黎海榮	何良	127	1043	13	17-3/4	2 2 2 3 14	1:49.61	117	-	-	* 1	H/SR	5	沙田	2.71							
2019/10/1	7	國際三級賽	1400米 		好地至快地	草地 - "A+3" 賽道	1	1	美麗傳承(V380)	潘頓	約翰摩亞	133	1161	3	-	2 2 1 1	1:20.05	1.4	1st Hot	-		B/TT	7	沙田	2.71	10.5			76.0	30.5	20.0	
2019/10/1	7	國際三級賽	1400米 		好地至快地	草地 - "A+3" 賽道	2	5	嘉應之星(C198)	田泰安	告東尼	113	1115	9	1-1/4	1 1 2 2	1:20.21	13	-	-		CP/TT	5	沙田	2.71		24.0		76.0	30.5		64.0
2019/10/1	7	國際三級賽	1400米 		好地至快地	草地 - "A+3" 賽道	3	7	夏威夷(C150)	莫雷拉	蔡約翰	115	1114	5	1-3/4	6 5 5 3	1:20.31	5.8	2nd Hot	-		 	5	沙田	2.71			15.0			20.0	64.0
2019/10/1	7	國際三級賽	1400米 		好地至快地	草地 - "A+3" 賽道	4	2	川河尊駒(A252)	沈拿	方嘉柏	119	1159	6	2	5 4 4 4	1:20.36	48	-	-		V	7	沙田	2.71							
2019/10/1	7	國際三級賽	1400米 		好地至快地	草地 - "A+3" 賽道	5	4	添滿意(C079)	利敬國	羅富全	113	1091	1	3	3 3 3 5	1:20.53	5.9	-	-		B	5	沙田	2.71							
2019/10/1	7	國際三級賽	1400米 		好地至快地	草地 - "A+3" 賽道	6	6	當家精選(V388)	蔡明紹	蔡約翰	113	1166	2	4	4 6 6 6	1:20.70	21	-	-		B	-	沙田	2.71							
2019/10/1	7	國際三級賽	1400米 		好地至快地	草地 - "A+3" 賽道	7	3	龍船鼓響(T286)	潘明輝	姚本輝	113	1033	10	4	10 9 9 7	1:20.70	65	-	-		H/XB	8	沙田	2.71							
2019/10/1	7	國際三級賽	1400米 		好地至快地	草地 - "A+3" 賽道	8	9	幸福分享(A409)	希威森	呂健威	115	995	8	5-3/4	8 8 7 8	1:20.96	53	-	-		H	6	沙田	2.71							
2019/10/1	7	國際三級賽	1400米 		好地至快地	草地 - "A+3" 賽道	9	8	勝得威(A025)	巫顯東	告東尼	113	1096	7	9-1/2	9 10 10 9	1:21.56	128	-	-		CP/TT	-	沙田	2.71							
2019/10/1	7	國際三級賽	1400米 		好地至快地	草地 - "A+3" 賽道	10	10	皇龍大將(T400)	蘇狄雄	徐雨石	113	1102	4	10-1/2	7 7 8 10	1:21.74	177	-	-		B/TT	8	沙田	2.71							
2019/10/1	8	第三班	1200米	(80-60)	好地至快地	草地 - "A+3" 賽道	1	2	牛角仔(C234)	潘頓	蘇偉賢	127	1094	10	-	1 2 1	1:08.34	1.8	1st Hot	-	+ 1	CP1	4	沙田	2.71	11.5			90.0	35.0	26.0	
2019/10/1	8	第三班	1200米	(80-60)	好地至快地	草地 - "A+3" 賽道	2	12	獎進(C283)	巫顯東	方嘉柏	113	1150	2	頸位	4 3 2	1:08.40	9.8	-	-	* 1	TT1	-	沙田	2.71		27.5		90.0	35.0		78.0
2019/10/1	8	第三班	1200米	(80-60)	好地至快地	草地 - "A+3" 賽道	3	6	一片光明(T268)	杜美爾	徐雨石	123	987	5	1-1/2	5 5 3	1:08.58	6.1	2nd Hot	-	1	 	-	沙田	2.71			17.5			26.0	78.0
2019/10/1	8	第三班	1200米	(80-60)	好地至快地	草地 - "A+3" 賽道	4	11	威武再現(A308)	潘明輝	賀賢	114	1110	4	3	6 7 4	1:08.81	10	-	-	+ 1	 	-	沙田	2.71							
2019/10/1	8	第三班	1200米	(80-60)	好地至快地	草地 - "A+3" 賽道	5	9	首飾大聖(B378)	莫雷拉	蔡約翰	119	1073	12	3-1/4	7 6 5	1:08.84	7.7	-	-	+ 1	 	5	沙田	2.71							
2019/10/1	8	第三班	1200米	(80-60)	好地至快地	草地 - "A+3" 賽道	6	4	嘜誰嘜誰(C323)	田泰安	告東尼	123	1183	9	4	11 11 6	1:08.98	59	-	-	1	B/TT	4	沙田	2.71							
2019/10/1	8	第三班	1200米	(80-60)	好地至快地	草地 - "A+3" 賽道	7	8	快樂凱旋(B195)	梁家俊	容天鵬	119	1096	7	4-1/2	2 4 7	1:09.06	79	-	-	+ 1	 	5	沙田	2.71							
2019/10/1	8	第三班	1200米	(80-60)	好地至快地	草地 - "A+3" 賽道	8	5	南莊之歌(C480)	希威森	沈集成	123	1206	14	5-3/4	3 1 8	1:09.24	72	-	-	+ 1	TT1	4	沙田	2.71							
2019/10/1	8	第三班	1200米	(80-60)	好地至快地	草地 - "A+3" 賽道	9	13	小威人(C217)	史卓豐	羅富全	118	1021	11	6	13 14 9	1:09.30	34	-	-	* 1	 	4	沙田	2.71							
2019/10/1	8	第三班	1200米	(80-60)	好地至快地	草地 - "A+3" 賽道	10	7	快樂健康(C447)	利敬國	苗禮德	122	1079	3	6-1/4	8 8 10	1:09.33	42	-	-	* 1	 	-	沙田	2.71							
2019/10/1	8	第三班	1200米	(80-60)	好地至快地	草地 - "A+3" 賽道	11	1	怡威(C496)	李寶利	霍利時	133	1015	8	7-1/4	10 9 11	1:09.48	113	-	-	+ 1	 	5	沙田	2.71							
2019/10/1	8	第三班	1200米	(80-60)	好地至快地	草地 - "A+3" 賽道	12	3	元朗之星(C303)	蔡明紹	文家良	125	1106	6	7-1/4	14 13 12	1:09.51	13	-	-	+ 1	 	4	沙田	2.71							
2019/10/1	8	第三班	1200米	(80-60)	好地至快地	草地 - "A+3" 賽道	13	10	龍之英(C206)	黃皓楠	呂健威	115	1112	13	9-1/4	12 12 13	1:09.82	451	-	-	+ 1	H/TT	4	沙田	2.71							
2019/10/1	8	第三班	1200米	(80-60)	好地至快地	草地 - "A+3" 賽道	14	14	志聰明(C319)	黎海榮	何良	114	1191	1	18-1/4	9 10 14	1:11.25	482	-	-	+ 1	B	4	沙田	2.71							
2019/10/1	9	第三班	1400米	(80-60)	好地至快地	草地 - "A+3" 賽道	1	4	超新星(B380)	莫雷拉	苗禮德	125	1055	10	-	12 12 8 1	1:21.32	3	1st Hot	-	+ 1	 	5	沙田	2.71	14.5			73.5	29.5	68.5	
2019/10/1	9	第三班	1400米	(80-60)	好地至快地	草地 - "A+3" 賽道	2	3	聰明導彈(C037)	潘頓	蘇偉賢	129	1087	8	1/2	8 8 9 2	1:21.40	6	-	-	1	B/TT	4	沙田	2.71		16.5		73.5	29.5		128.0
2019/10/1	9	第三班	1400米	(80-60)	好地至快地	草地 - "A+3" 賽道	3	5	魅影揚飛(A354)	利敬國	姚本輝	123	1209	11	1	10 11 12 3	1:21.49	13	-	-	+ 1	B	5	沙田	2.71			39.0			68.5	128.0
2019/10/1	9	第三班	1400米	(80-60)	好地至快地	草地 - "A+3" 賽道	4	6	忠心美麗(B383)	杜美爾	告東尼	120	1095	12	2-1/4	13 13 11 4	1:21.68	6.8	-	-	+ 1	B/TT	5	沙田	2.71							
2019/10/1	9	第三班	1400米	(80-60)	好地至快地	草地 - "A+3" 賽道	5	2	心多多(B264)	薛恩	蘇保羅	130	1011	3	2-1/4	6 7 5 5	1:21.69	4.8	2nd Hot	-	+ 1	CP	6	沙田	2.71							
2019/10/1	9	第三班	1400米	(80-60)	好地至快地	草地 - "A+3" 賽道	6	10	神威敖翔(V150)	蔡明紹	方嘉柏	118	1176	6	3	2 2 1 6	1:21.79	12	-	-	1	PC/TT	-	沙田	2.71							
2019/10/1	9	第三班	1400米	(80-60)	好地至快地	草地 - "A+3" 賽道	7	7	明欣賞(C327)	潘明輝	賀賢	118	1054	2	3	3 4 3 7	1:21.80	19	-	-	+ 1	 	4	沙田	2.71							
2019/10/1	9	第三班	1400米	(80-60)	好地至快地	草地 - "A+3" 賽道	8	8	自在人生(B169)	田泰安	羅富全	120	1163	7	5-3/4	5 5 6 8	1:22.23	47	-	-	+ 1	XB/TT	6	沙田	2.71							
2019/10/1	9	第三班	1400米	(80-60)	好地至快地	草地 - "A+3" 賽道	9	1	馬友冠(C299)	郭能	霍利時	133	1066	4	6-1/4	4 6 4 9	1:22.31	9.3	-	-	+ 1	 	5	沙田	2.71							
2019/10/1	9	第三班	1400米	(80-60)	好地至快地	草地 - "A+3" 賽道	10	13	放眼量(A140)	梁家俊	何良	117	1025	9	7-1/4	11 10 7 10	1:22.47	196	-	-	+ 1	V-/H	6	沙田	2.71							
2019/10/1	9	第三班	1400米	(80-60)	好地至快地	草地 - "A+3" 賽道	11	14	駿王(V423)	黃皓楠	鄭俊偉	113	1228	14	7-1/2	14 14 14 11	1:22.54	111	-	-	+ 1	B/TT	-	沙田	2.71							
2019/10/1	9	第三班	1400米	(80-60)	好地至快地	草地 - "A+3" 賽道	12	12	原班人馬(C164)	巫顯東	葉楚航	113	1058	5	8-1/4	7 9 10 12	1:22.63	356	-	-	* 1	TT	5	沙田	2.71							
2019/10/1	9	第三班	1400米	(80-60)	好地至快地	草地 - "A+3" 賽道	13	11	豪霸(C204)	黎海榮	沈集成	117	1106	1	17-1/2	1 1 2 13	1:24.12	198	-	-	* 1	TT	-	沙田	2.71							
2019/10/1	9	第三班	1400米	(80-60)	好地至快地	草地 - "A+3" 賽道	14	9	漫畫(C182)	蘇狄雄	徐雨石	116	1165	13	103-1/2	9 3 13 14	1:37.87	349	-	-	* 1	 	-	沙田	2.71							
2019/10/1	10	第二班	1200米	(100-80)	好地至快地	草地 - "A+3" 賽道	1	7	載譽歸來(C215)	莫雷拉	羅富全	119	1143	1	-	4 3 1	1:08.39	3.5	2nd Hot	-	1	B	5	沙田	2.71	11.0			214.0	60.0	14.0	
2019/10/1	10	第二班	1200米	(100-80)	好地至快地	草地 - "A+3" 賽道	2	1	加州議長(A114)	巫顯東	告東尼	130	1158	13	3	12 14 2	1:08.88	21	-	-	1	B/H/TT	7	沙田	2.71		34.0		214.0	60.0		46.5
2019/10/1	10	第二班	1200米	(100-80)	好地至快地	草地 - "A+3" 賽道	3	4	忠心勇士(C336)	潘頓	約翰摩亞	122	1254	5	4	7 7 3	1:09.02	1.5	1st Hot	-	1	 	3	沙田	2.71			11.5			14.0	46.5
2019/10/1	10	第二班	1200米	(100-80)	好地至快地	草地 - "A+3" 賽道	4	10	精彩輝煌(B411)	黃皓楠	方嘉柏	113	1084	11	4	13 13 4	1:09.03	69	-	-	+ 1	 	5	沙田	2.71							
2019/10/1	10	第二班	1200米	(100-80)	好地至快地	草地 - "A+3" 賽道	5	3	精算閃擊(B147)	李寶利	蔡約翰	126	1102	8	4-1/4	8 6 5	1:09.07	111	-	-	3	H	6	沙田	2.71							
2019/10/1	10	第二班	1200米	(100-80)	好地至快地	草地 - "A+3" 賽道	6	14	團結精神(B230)	蘇狄雄	蘇偉賢	112	1187	3	4-1/2	2 2 6	1:09.12	110	-	-	* 1	B/TT	5	沙田	2.71							
2019/10/1	10	第二班	1200米	(100-80)	好地至快地	草地 - "A+3" 賽道	7	9	美麗滿紛(C475)	田泰安	蔡約翰	116	1171	6	5-3/4	9 11 7	1:09.30	15	-	-	* 1	B1	4	沙田	2.71							
2019/10/1	10	第二班	1200米	(100-80)	好地至快地	草地 - "A+3" 賽道	8	8	春花秋月(C267)	梁家俊	約翰摩亞	117	1047	12	5-3/4	14 12 8	1:09.30	27	-	-	2	H/XB	4	沙田	2.71							
2019/10/1	10	第二班	1200米	(100-80)	好地至快地	草地 - "A+3" 賽道	9	11	順勢寶(V310)	蔡明紹	賀賢	116	1053	7	5-3/4	11 10 9	1:09.31	126	-	-	* 1	B	-	沙田	2.71							
2019/10/1	10	第二班	1200米	(100-80)	好地至快地	草地 - "A+3" 賽道	10	2	精算風暴(B173)	史卓豐	蔡約翰	128	1153	10	6	10 9 10	1:09.36	28	-	-	2	PC	5	沙田	2.71							
2019/10/1	10	第二班	1200米	(100-80)	好地至快地	草地 - "A+3" 賽道	11	13	大武士(B216)	黎海榮	沈集成	114	1154	4	6-3/4	3 4 11	1:09.48	217	-	-	* 1	B-/TT	6	沙田	2.71							
2019/10/1	10	第二班	1200米	(100-80)	好地至快地	草地 - "A+3" 賽道	12	5	開心神駒(T200)	利敬國	苗禮德	122	1102	9	7-1/2	6 8 12	1:09.59	34	-	-	* 1	 	8	沙田	2.71							
2019/10/1	10	第二班	1200米	(100-80)	好地至快地	草地 - "A+3" 賽道	13	12	加州神箭(A417)	希威森	告東尼	115	1106	2	8-1/2	5 5 13	1:09.75	67	-	-	2	H/TT	6	沙田	2.71							
2019/10/1	10	第二班	1200米	(100-80)	好地至快地	草地 - "A+3" 賽道	14	6	極速駿馬(B211)	沈拿	羅富全	121	1187	14	12	1 1 14	1:10.32	237	-	-	2	B/TT	5	沙田	2.71							
2019/10/6	1	第五班	1800米	(40-0)	好地	草地 - "B+2" 賽道	1	2	埼豐(A083)	巫顯東	徐雨石	129	1040	6	-	1 1 1 1 1	1:48.21	22	-	-	1	 	7	沙田	2.71	48.0			1778.0	396.5	118.5	
2019/10/6	1	第五班	1800米	(40-0)	好地	草地 - "B+2" 賽道	2	7	財帥(B134)	希威森	蘇保羅	115	1126	1	1/2	3 2 2 2 2	1:48.31	22	-	-	1	H-/B	5	沙田	2.71		51.0		1778.0	396.5		119.0
2019/10/6	1	第五班	1800米	(40-0)	好地	草地 - "B+2" 賽道	3	4	賞心星(C251)	莫雷拉	方嘉柏	130	1196	9	1	2 3 3 3 3	1:48.38	4.2	2nd Hot	-	1	 	4	沙田	2.71			17.5			118.5	119.0
2019/10/6	1	第五班	1800米	(40-0)	好地	草地 - "B+2" 賽道	4	6	火天大有(V406)	田泰安	何良	120	1049	3	1-1/4	8 6 6 5 4	1:48.42	6.6	-	-	+ 1	V	7	沙田	2.71							
2019/10/6	1	第五班	1800米	(40-0)	好地	草地 - "B+2" 賽道	5	3	帝豪寶駒(C035)	潘頓	蘇偉賢	130	1181	2	1-1/2	5 4 4 4 5	1:48.45	2.4	1st Hot	-	1	B-/PC1/TT	5	沙田	2.71							
2019/10/6	1	第五班	1800米	(40-0)	好地	草地 - "B+2" 賽道	6	8	競駿飛鷹(B292)	黃皓楠	霍利時	113	1223	8	2-1/4	10 9 9 9 6	1:48.56	31	-	-	1	B	5	沙田	2.71							
2019/10/6	1	第五班	1800米	(40-0)	好地	草地 - "B+2" 賽道	7	5	靚籐王(B425)	郭能	高伯新	122	1126	4	2-1/4	4 5 5 7 7	1:48.57	8.8	-	-	+ 1	B	4	沙田	2.71							
2019/10/6	1	第五班	1800米	(40-0)	好地	草地 - "B+2" 賽道	8	1	鴻圖機會(A284)	薛恩	容天鵬	133	1082	7	4-1/4	7 8 8 6 8	1:48.90	9.3	-	-	1	V-/CP2	-	沙田	2.71							
2019/10/6	1	第五班	1800米	(40-0)	好地	草地 - "B+2" 賽道	9	9	醒目快駒(B107)	楊明綸	鄭俊偉	113	1097	10	5-1/2	9 10 10 8 9	1:49.08	16	-	-	1	H/TT-	6	沙田	2.71							
2019/10/6	1	第五班	1800米	(40-0)	好地	草地 - "B+2" 賽道	10	10	易勝相吸(B275)	蘇狄雄	鄭俊偉	111	1140	5	12-1/2	6 7 7 10 10	1:50.19	94	-	-	2	PC-/B2/TT	-	沙田	2.71							
2019/10/6	2	第四班	1800米	(60-40)	好地	草地 - "B+2" 賽道	1	2	榮冠大道(V378)	潘頓	葉楚航	130	1177	5	-	3 1 1 1 1	1:47.38	2.2	1st Hot	-	1	V	7	沙田	2.71	12.0			63.5	31.5	41.0	
2019/10/6	2	第四班	1800米	(60-40)	好地	草地 - "B+2" 賽道	2	4	水箭龜(C450)	田泰安	霍利時	121	1027	4	1/2	2 3 3 3 2	1:47.48	4.3	2nd Hot	-	1	 	4	沙田	2.71		17.0		63.5	31.5		62.5
2019/10/6	2	第四班	1800米	(60-40)	好地	草地 - "B+2" 賽道	3	9	牛精輝煌(A118)	潘明輝	鄭俊偉	114	1110	1	1-3/4	4 5 5 7 3	1:47.65	9.7	-	-	1	H	7	沙田	2.71			23.5			41.0	62.5
2019/10/6	2	第四班	1800米	(60-40)	好地	草地 - "B+2" 賽道	4	6	君臨大地(V192)	黎海榮	何良	119	984	7	2-3/4	8 8 8 8 4	1:47.82	32	-	-	1	SR/TT	8	沙田	2.71							
2019/10/6	2	第四班	1800米	(60-40)	好地	草地 - "B+2" 賽道	5	8	蒜頭爺爺(V039)	巫顯東	葉楚航	115	1005	3	3-1/4	7 7 7 6 5	1:47.89	49	-	-	2	 	7	沙田	2.71							
2019/10/6	2	第四班	1800米	(60-40)	好地	草地 - "B+2" 賽道	6	7	新界之星(A081)	蔡明紹	姚本輝	119	1052	9	5	9 9 9 9 6	1:48.19	12	-	-	1	 	6	沙田	2.71							
2019/10/6	2	第四班	1800米	(60-40)	好地	草地 - "B+2" 賽道	7	3	陽光(A371)	李寶利	呂健威	128	1125	8	5-1/4	1 2 2 2 7	1:48.21	13	-	-	1	V	6	沙田	2.71							
2019/10/6	2	第四班	1800米	(60-40)	好地	草地 - "B+2" 賽道	8	1	大眾精英(A416)	薛恩	羅富全	133	1068	2	5-3/4	5 4 4 4 8	1:48.31	9.5	-	-	1	XB	-	沙田	2.71							
2019/10/6	2	第四班	1800米	(60-40)	好地	草地 - "B+2" 賽道	9	5	華麗再現(V326)	莫雷拉	沈集成	120	1094	6	6-1/2	6 6 6 5 9	1:48.43	8.3	-	-	+ 1	B/H/TT	-	沙田	2.71							
2019/10/6	3	第五班	1650米	(40-0)	濕慢地	全天候跑道	1	8	執到笑(B130)	田泰安	蘇保羅	121	1148	9	-	11 11 7 1	1:40.61	5.1	2nd Hot	-	1	B/TT	5	沙田	2.71	18.0			168.5	66.0	72.0	
2019/10/6	3	第五班	1650米	(40-0)	濕慢地	全天候跑道	2	14	神乎其技(A174)	莫雷拉	苗禮德	115	1050	13	1-1/4	13 12 6 2	1:40.79	6	-	-	+ 1	B	6	沙田	2.71		22.5		168.5	66.0		88.5
2019/10/6	3	第五班	1650米	(40-0)	濕慢地	全天候跑道	3	10	金獅雷將(A325)	沈拿	韋達	119	1018	3	2-1/2	4 4 4 3	1:40.99	5.6	-	-	+ 1	H/XB/B2	-	沙田	2.71			23.5			72.0	88.5
2019/10/6	3	第五班	1650米	(40-0)	濕慢地	全天候跑道	4	9	萬霸駒(A186)	史卓豐	蘇保羅	120	1107	11	4-3/4	10 10 9 4	1:41.39	9.5	-	-	2	B/TT	-	沙田	2.71							
2019/10/6	3	第五班	1650米	(40-0)	濕慢地	全天候跑道	5	5	向前看(B331)	梁家俊	鄭俊偉	126	1134	1	5-3/4	5 6 5 5	1:41.54	9.1	-	-	1	TT	6	沙田	2.71							
2019/10/6	3	第五班	1650米	(40-0)	濕慢地	全天候跑道	6	7	東山再起(B367)	潘頓	方嘉柏	125	1152	2	8-1/2	2 3 3 6	1:41.96	4.7	1st Hot	-	+ 1	CP/TT	-	沙田	2.71							
2019/10/6	3	第五班	1650米	(40-0)	濕慢地	全天候跑道	7	6	中華主將(B298)	黃皓楠	霍利時	123	1153	7	9	6 2 1 7	1:42.05	159	-	-	1	B/TT-	-	沙田	2.71							
2019/10/6	3	第五班	1650米	(40-0)	濕慢地	全天候跑道	8	13	黃埔之星(B146)	希威森	徐雨石	116	1154	4	10	8 8 8 8	1:42.23	12	-	-	+ 1	PC1	-	沙田	2.71							
2019/10/6	3	第五班	1650米	(40-0)	濕慢地	全天候跑道	9	11	頌賞(B007)	貝力斯	文家良	119	1039	14	11-3/4	14 14 14 9	1:42.51	219	-	-	1	B-	5	沙田	2.71							
2019/10/6	3	第五班	1650米	(40-0)	濕慢地	全天候跑道	10	4	蜜運(B341)	蘇狄雄	葉楚航	125	1033	10	15-1/2	12 13 13 10	1:43.10	44	-	-	1	B/TT	-	沙田	2.71							
2019/10/6	3	第五班	1650米	(40-0)	濕慢地	全天候跑道	11	12	堅離地(A235)	楊明綸	蘇偉賢	115	1085	6	15-3/4	1 1 2 11	1:43.12	31	-	-	+ 1	H/XB/TT	6	沙田	2.71							
2019/10/6	3	第五班	1650米	(40-0)	濕慢地	全天候跑道	12	2	駿協精英(V207)	蔡明紹	何良	128	1160	8	17-1/2	9 9 12 12	1:43.41	12	-	-	1	CP-/H/SR	7	沙田	2.71							
2019/10/6	3	第五班	1650米	(40-0)	濕慢地	全天候跑道	13	3	新獵狐者(B389)	薛恩	呂健威	128	1182	5	32-3/4	3 5 10 13	1:45.84	98	-	-	1	B	5	沙田	2.71							
2019/10/6	3	第五班	1650米	(40-0)	濕慢地	全天候跑道	14	1	玩斗財星(C243)	郭能	高伯新	133	1116	12	35-1/2	7 7 11 14	1:46.30	104	-	-	1	B	4	沙田	2.71							
2019/10/6	4	第四班	1200米	(60-40)	好地	草地 - "B+2" 賽道	1	9	精進百樂(C177)	莫雷拉	高伯新	125	1209	3	-	6 5 1	1:10.09	3.3	2nd Hot	-	+ 1	 	4	沙田	2.71	14.5			138.5	51.0	78.5	
2019/10/6	4	第四班	1200米	(60-40)	好地	草地 - "B+2" 賽道	2	7	遨遊千里(C363)	楊明綸	容天鵬	125	1119	10	1-1/2	2 1 2	1:10.32	8.6	-	-	+ 1	TT	5	沙田	2.71		26.0		138.5	51.0		124.5
2019/10/6	4	第四班	1200米	(60-40)	好地	草地 - "B+2" 賽道	3	3	愛添勝(B362)	薛恩	何良	130	1104	11	2	13 14 3	1:10.42	11	-	-	+ 1	H1/XB1	5	沙田	2.71			27.0			78.5	124.5
2019/10/6	4	第四班	1200米	(60-40)	好地	草地 - "B+2" 賽道	4	4	清新動力(B067)	潘頓	徐雨石	128	1018	1	2-3/4	9 10 4	1:10.53	2.5	1st Hot	-	+ 1	TT	6	沙田	2.71							
2019/10/6	4	第四班	1200米	(60-40)	好地	草地 - "B+2" 賽道	5	1	正時機(C161)	沈拿	鄭俊偉	133	1310	5	3-1/4	11 11 5	1:10.62	16	-	-	+ 1	B	5	沙田	2.71							
2019/10/6	4	第四班	1200米	(60-40)	好地	草地 - "B+2" 賽道	6	14	濃有(C244)	梁家俊	文家良	118	1109	9	4-1/2	4 3 6	1:10.80	29	-	-	+ 1	 	4	沙田	2.71							
2019/10/6	4	第四班	1200米	(60-40)	好地	草地 - "B+2" 賽道	7	11	醫生雄星(C335)	蘇狄雄	賀賢	117	1054	2	7-1/4	14 13 7	1:11.24	85	-	-	+ 1	 	4	沙田	2.71							
2019/10/6	4	第四班	1200米	(60-40)	好地	草地 - "B+2" 賽道	8	5	肥仔(V071)	貝力斯	韋達	128	1166	12	7-1/2	10 12 8	1:11.27	20	-	-	1	B/XB	-	沙田	2.71							
2019/10/6	4	第四班	1200米	(60-40)	好地	草地 - "B+2" 賽道	9	10	星河戰駒(C245)	黃皓楠	丁冠豪	117	1094	4	7-3/4	12 9 9	1:11.34	295	-	-	1	 	4	沙田	2.71							
2019/10/6	4	第四班	1200米	(60-40)	好地	草地 - "B+2" 賽道	10	2	大四喜(A301)	潘明輝	約翰摩亞	129	1195	13	9	1 2 10	1:11.54	14	-	-	1	B/TT	-	沙田	2.71							
2019/10/6	4	第四班	1200米	(60-40)	好地	草地 - "B+2" 賽道	11	8	天天精彩(C414)	田泰安	告東尼	127	1113	7	10-3/4	7 7 11	1:11.80	31	-	-	+ 1	CP1/TT	4	沙田	2.71							
2019/10/6	4	第四班	1200米	(60-40)	好地	草地 - "B+2" 賽道	12	12	打鐵趁熱(C133)	巫顯東	葉楚航	116	1071	8	11-3/4	8 6 12	1:11.97	27	-	-	* 1	 	4	沙田	2.71							
2019/10/6	4	第四班	1200米	(60-40)	好地	草地 - "B+2" 賽道	13	13	紅旗福星(B417)	黎海榮	蘇偉賢	119	1147	6	22-1/2	5 4 13	1:13.69	331	-	-	* 1	TT	-	沙田	2.71							
2019/10/6	4	第四班	1200米	(60-40)	好地	草地 - "B+2" 賽道	14	6	幸運世界(C485)	希威森	沈集成	127	1129	14	26-1/4	3 8 14	1:14.29	132	-	-	1	TT1	4	沙田	2.71							
2019/10/6	5	第四班	1400米	(60-40)	好地	草地 - "B+2" 賽道	1	8	帶榮來(B197)	莫雷拉	高伯新	122	1134	13	-	11 13 11 1	1:22.73	5.2	-	-	* 1	B	5	沙田	2.71	17.5			79.0	36.0	37.0	
2019/10/6	5	第四班	1400米	(60-40)	好地	草地 - "B+2" 賽道	2	9	得益良多(C353)	潘頓	約翰摩亞	122	1118	5	1/2	2 2 2 2	1:22.82	2.8	1st Hot	-	+ 1	CP/XB/TT	4	沙田	2.71		13.5		79.0	36.0		27.0
2019/10/6	5	第四班	1400米	(60-40)	好地	草地 - "B+2" 賽道	3	3	熱血鬥士(C360)	杜美爾	告東尼	131	1132	7	1-1/2	10 9 5 3	1:22.98	3.4	2nd Hot	-	1	TT	5	沙田	2.71			14.5			37.0	27.0
2019/10/6	5	第四班	1400米	(60-40)	好地	草地 - "B+2" 賽道	4	4	精彩有你(C394)	蔡明紹	姚本輝	125	1057	1	1-3/4	4 4 3 4	1:22.99	138	-	-	1	XB1	4	沙田	2.71							
2019/10/6	5	第四班	1400米	(60-40)	好地	草地 - "B+2" 賽道	5	1	偉大勝利(C048)	沈拿	韋達	133	1033	12	3-1/4	13 12 7 5	1:23.27	10	-	-	+ 1	H	6	沙田	2.71							
2019/10/6	5	第四班	1400米	(60-40)	好地	草地 - "B+2" 賽道	6	7	老友威威(T349)	薛恩	葉楚航	124	1224	4	3-1/2	9 8 6 6	1:23.29	12	-	-	+ 1	TT	8	沙田	2.71							
2019/10/6	5	第四班	1400米	(60-40)	好地	草地 - "B+2" 賽道	7	2	太空戰士(C339)	蘇狄雄	徐雨石	129	1105	9	4-1/4	1 1 1 7	1:23.42	294	-	-	1	B	4	沙田	2.71							
2019/10/6	5	第四班	1400米	(60-40)	好地	草地 - "B+2" 賽道	8	13	輝煌巨星(C046)	田泰安	蘇保羅	118	1065	6	5-3/4	12 10 8 8	1:23.66	41	-	-	1	 	5	沙田	2.71							
2019/10/6	5	第四班	1400米	(60-40)	好地	草地 - "B+2" 賽道	9	5	繽紛駿驥(A292)	郭能	呂健威	125	1142	2	11	3 5 4 9	1:24.48	12	-	-	1	CP/TT	6	沙田	2.71							
2019/10/6	5	第四班	1400米	(60-40)	好地	草地 - "B+2" 賽道	10	12	出奇寶(B471)	希威森	苗禮德	119	1011	3	11-1/2	6 7 12 10	1:24.55	49	-	-	1	B	-	沙田	2.71							
2019/10/6	5	第四班	1400米	(60-40)	好地	草地 - "B+2" 賽道	11	10	嘉應風采(B115)	楊明綸	容天鵬	119	1151	11	11-1/2	7 6 9 11	1:24.58	39	-	-	+ 1	H/V/XB	5	沙田	2.71							
2019/10/6	5	第四班	1400米	(60-40)	好地	草地 - "B+2" 賽道	12	6	表表馬(C233)	李寶利	丁冠豪	125	1142	8	11-3/4	8 11 13 12	1:24.60	44	-	-	+ 1	H/TT1	4	沙田	2.71							
2019/10/6	5	第四班	1400米	(60-40)	好地	草地 - "B+2" 賽道	13	14	凱旋戰士(C185)	黎海榮	文家良	114	1089	10	29-1/4	5 3 10 13	1:27.42	322	-	-	1	H	4	沙田	2.71							
2019/10/6	5	第四班	1400米	(60-40)	好地	草地 - "B+2" 賽道	14	11	真跑得(A220)	潘明輝	方嘉柏	117	1103	14	多個馬位	14 14 14 14	1:59.37	138	-	-	1	H/PC/XB	5	沙田	2.71							
2019/10/6	6	第四班	1650米	(60-40)	濕慢地	全天候跑道	1	12	跑得威(C127)	莫雷拉	沈集成	115	1077	9	-	4 3 3 1	1:40.22	6.6	-	-	1	B/TT	5	沙田	2.71	23.0			117.0	44.5	82.5	
2019/10/6	6	第四班	1650米	(60-40)	濕慢地	全天候跑道	2	5	安賦(B353)	潘頓	方嘉柏	128	1089	7	1/2	6 6 6 2	1:40.31	3.3	1st Hot	-	1	V1	6	沙田	2.71		14.5		117.0	44.5		62.5
2019/10/6	6	第四班	1650米	(60-40)	濕慢地	全天候跑道	3	11	南莊瑞寶(B428)	楊明綸	呂健威	115	1162	12	1/2	12 12 12 3	1:40.33	6.1	-	-	+ 1	B/H	5	沙田	2.71			23.5			82.5	62.5
2019/10/6	6	第四班	1650米	(60-40)	濕慢地	全天候跑道	4	3	好腳頭(S131)	郭能	羅富全	130	1162	11	1-3/4	11 11 11 4	1:40.50	29	-	-	+ 1	PC/TT	9	沙田	2.71							
2019/10/6	6	第四班	1650米	(60-40)	濕慢地	全天候跑道	5	1	好運(B376)	杜美爾	約翰摩亞	133	1174	8	6-1/4	8 8 7 5	1:41.20	6.1	-	-	+ 1	PC	5	沙田	2.71							
2019/10/6	6	第四班	1650米	(60-40)	濕慢地	全天候跑道	6	10	心所欲(B017)	田泰安	苗禮德	120	1076	2	8	5 4 2 6	1:41.48	4.4	2nd Hot	-	+ 1	XB/TT	6	沙田	2.71							
2019/10/6	6	第四班	1650米	(60-40)	濕慢地	全天候跑道	7	2	藍海策略(A411)	潘明輝	葉楚航	130	1059	10	9-1/2	10 9 10 7	1:41.74	26	-	-	2	B	6	沙田	2.71							
2019/10/6	6	第四班	1650米	(60-40)	濕慢地	全天候跑道	8	6	君悅灣(P421)	黃皓楠	鄭俊偉	124	1226	3	9-3/4	1 1 1 8	1:41.79	16	-	-	* 1	B-/H2/TT	9	沙田	2.71							
2019/10/6	6	第四班	1650米	(60-40)	濕慢地	全天候跑道	9	8	放馬過來(V407)	蘇狄雄	葉楚航	118	1113	5	11-1/4	3 5 5 9	1:42.04	83	-	-	3	TT	7	沙田	2.71							
2019/10/6	6	第四班	1650米	(60-40)	濕慢地	全天候跑道	10	4	真妙星(C059)	希威森	高伯新	129	1194	4	13	7 7 8 10	1:42.32	66	-	-	1	B/H	5	沙田	2.71							
2019/10/6	6	第四班	1650米	(60-40)	濕慢地	全天候跑道	11	7	金剛仔(S146)	沈拿	鄭俊偉	123	1085	1	14-1/2	9 10 9 11	1:42.54	73	-	-	2	TT	-	沙田	2.71							
2019/10/6	6	第四班	1650米	(60-40)	濕慢地	全天候跑道	12	9	三圓䮭路(C149)	貝力斯	葉楚航	120	1118	6	22-1/4	2 2 4 12	1:43.78	27	-	-	+ 1	 	6	沙田	2.71							
2019/10/6	7	第三班	1650米	(80-60)	濕慢地	全天候跑道	1	5	英明神駒(V046)	潘明輝	苗禮德	123	1077	13	-	14 14 11 1	1:39.34	176	-	-	1	XB	8	沙田	2.71	327.0			13723.0	3109.0	702.5	
2019/10/6	7	第三班	1650米	(80-60)	濕慢地	全天候跑道	2	3	龍之星(B268)	蔡明紹	呂健威	129	1073	14	頸位	12 11 8 2	1:39.38	53	-	-	+ 1	B/TT	-	沙田	2.71		117.5		13723.0	3109.0		333.0
2019/10/6	7	第三班	1650米	(80-60)	濕慢地	全天候跑道	3	11	鵰神(B023)	史卓豐	丁冠豪	117	1144	8	2-3/4	3 4 3 3	1:39.80	2.9	1st Hot	-	1	H	6	沙田	2.71			15.0			702.5	333.0
2019/10/6	7	第三班	1650米	(80-60)	濕慢地	全天候跑道	4	4	滿冠熊(C143)	郭能	霍利時	125	1019	4	3-3/4	5 6 4 4	1:39.92	3	2nd Hot	-	+ 1	 	5	沙田	2.71							
2019/10/6	7	第三班	1650米	(80-60)	濕慢地	全天候跑道	5	2	黃山(C214)	杜美爾	約翰摩亞	129	1287	12	5-1/4	10 9 7 5	1:40.17	183	-	-	* 1	B-/PC1/TT1	-	沙田	2.71							
2019/10/6	7	第三班	1650米	(80-60)	濕慢地	全天候跑道	6	1	包裝才子(C069)	田泰安	告東尼	133	1177	7	5-1/2	4 3 2 6	1:40.24	12	-	-	* 1	B/TT	-	沙田	2.71							
2019/10/6	7	第三班	1650米	(80-60)	濕慢地	全天候跑道	7	8	兵貴神速(B299)	沈拿	羅富全	119	1129	10	6-3/4	9 10 13 7	1:40.41	26	-	-	1	CP	5	沙田	2.71							
2019/10/6	7	第三班	1650米	(80-60)	濕慢地	全天候跑道	8	14	可愛寶(T029)	蘇狄雄	葉楚航	113	1184	9	8	13 12 12 8	1:40.63	192	-	-	1	H/XB	-	沙田	2.71							
2019/10/6	7	第三班	1650米	(80-60)	濕慢地	全天候跑道	9	10	威利熱流(T281)	梁家俊	蘇保羅	118	1106	6	11-1/4	11 13 14 9	1:41.12	13	-	-	1	B	8	沙田	2.71							
2019/10/6	7	第三班	1650米	(80-60)	濕慢地	全天候跑道	10	12	歡樂小子(S235)	黎海榮	文家良	117	1277	2	11-3/4	6 5 6 10	1:41.22	65	-	-	+ 1	V	9	沙田	2.71							
2019/10/6	7	第三班	1650米	(80-60)	濕慢地	全天候跑道	11	6	金剛之星(A067)	黃皓楠	鄭俊偉	118	1201	11	15-1/2	1 1 1 11	1:41.80	69	-	-	1	B/TT	-	沙田	2.71							
2019/10/6	7	第三班	1650米	(80-60)	濕慢地	全天候跑道	12	9	八太子(A426)	莫雷拉	沈集成	118	1070	3	16-1/4	7 7 10 12	1:41.92	5.3	-	-	+ 1	B/TT	6	沙田	2.71							
2019/10/6	7	第三班	1650米	(80-60)	濕慢地	全天候跑道	13	13	獨角寶寶(C203)	希威森	高伯新	116	1132	1	17	2 2 5 13	1:42.04	65	-	-	* 1	B	5	沙田	2.71							
2019/10/6	7	第三班	1650米	(80-60)	濕慢地	全天候跑道	14	7	精彩飛動(B095)	潘頓	方嘉柏	120	1021	5	23-3/4	8 8 9 14	1:43.12	12	-	-	1	H/TT	6	沙田	2.71							
2019/10/6	8	第三班	1400米	(80-60)	好地至黏地	草地 - "B+2" 賽道	1	4	健快聯盟(C135)	潘頓	蘇保羅	131	1173	3	-	4 6 4 1	1:21.98	2.5	1st Hot	-	+ 1	 	5	沙田	2.71	13.5			100.0	40.5	63.5	
2019/10/6	8	第三班	1400米	(80-60)	好地至黏地	草地 - "B+2" 賽道	2	3	追風者(B414)	薛恩	丁冠豪	132	1109	4	頸位	8 9 8 2	1:22.02	7.5	-	-	+ 1	 	5	沙田	2.71		23.0		100.0	40.5		148.5
2019/10/6	8	第三班	1400米	(80-60)	好地至黏地	草地 - "B+2" 賽道	3	7	健康美麗(B384)	杜美爾	約翰摩亞	130	1033	1	1-3/4	6 5 5 3	1:22.24	12	-	-	1	CP/TT	5	沙田	2.71			33.0			63.5	148.5
2019/10/6	8	第三班	1400米	(80-60)	好地至黏地	草地 - "B+2" 賽道	4	6	酷比仔(A297)	楊明綸	容天鵬	128	1191	5	1-3/4	10 12 12 4	1:22.25	29	-	-	* 1	B	-	沙田	2.71							
2019/10/6	8	第三班	1400米	(80-60)	好地至黏地	草地 - "B+2" 賽道	5	14	機智神駒(B289)	貝力斯	姚本輝	118	1191	13	2-1/4	14 14 14 5	1:22.36	8.8	-	-	+ 1	B	5	沙田	2.71							
2019/10/6	8	第三班	1400米	(80-60)	好地至黏地	草地 - "B+2" 賽道	6	10	龍船(V186)	沈拿	鄭俊偉	126	1094	8	3	7 7 7 6	1:22.45	99	-	-	+ 1	TT	7	沙田	2.71							
2019/10/6	8	第三班	1400米	(80-60)	好地至黏地	草地 - "B+2" 賽道	7	9	全民佳知(C288)	田泰安	告東尼	128	1121	7	3	3 4 6 7	1:22.47	11	-	-	+ 1	CP/H/TT	4	沙田	2.71							
2019/10/6	8	第三班	1400米	(80-60)	好地至黏地	草地 - "B+2" 賽道	8	1	請跟我來(B440)	莫雷拉	蔡約翰	133	1086	2	3	9 8 9 8	1:22.48	4.4	2nd Hot	-	+ 1	TT	4	沙田	2.71							
2019/10/6	8	第三班	1400米	(80-60)	好地至黏地	草地 - "B+2" 賽道	9	11	勁加加(B319)	潘明輝	賀賢	122	1035	12	3-1/4	12 11 10 9	1:22.50	55	-	-	+ 1	H/PC1/TT-	5	沙田	2.71							
2019/10/6	8	第三班	1400米	(80-60)	好地至黏地	草地 - "B+2" 賽道	10	13	博愛友威(C152)	希威森	葉楚航	120	1080	9	4-1/2	13 13 13 10	1:22.69	163	-	-	1	 	4	沙田	2.71							
2019/10/6	8	第三班	1400米	(80-60)	好地至黏地	草地 - "B+2" 賽道	11	5	太陽威威(C111)	李寶利	羅富全	131	1027	10	4-1/2	1 3 2 11	1:22.71	12	-	-	+ 1	 	4	沙田	2.71							
2019/10/6	8	第三班	1400米	(80-60)	好地至黏地	草地 - "B+2" 賽道	12	12	超趣(C285)	史卓豐	霍利時	124	1071	14	6	11 10 11 12	1:22.93	129	-	-	* 1	H	5	沙田	2.71							
2019/10/6	8	第三班	1400米	(80-60)	好地至黏地	草地 - "B+2" 賽道	13	2	事勝意(T391)	巫顯東	苗禮德	130	1044	6	9-3/4	5 1 1 13	1:23.52	89	-	-	1	SR/TT	8	沙田	2.71							
2019/10/6	8	第三班	1400米	(80-60)	好地至黏地	草地 - "B+2" 賽道	14	8	盛大光輝(C121)	蘇狄雄	何良	126	1122	11	11-3/4	2 2 3 14	1:23.85	98	-	-	1	 	5	沙田	2.71							
2019/10/6	9	第三班	1200米	(80-60)	好地至黏地	草地 - "B+2" 賽道	1	13	閃電俠(C099)	田泰安	蘇保羅	117	1208	4	-	4 4 1	1:09.40	3.2	1st Hot	-	+ 1	 	4	沙田	2.71	15.5			62.0	28.0	38.0	
2019/10/6	9	第三班	1200米	(80-60)	好地至黏地	草地 - "B+2" 賽道	2	11	加州更好(B204)	莫雷拉	告東尼	119	1145	2	1-1/4	1 1 2	1:09.59	3.4	2nd Hot	-	1	B/TT	5	沙田	2.71		12.5		62.0	28.0		32.0
2019/10/6	9	第三班	1200米	(80-60)	好地至黏地	草地 - "B+2" 賽道	3	4	鑽飛鷹(B309)	薛恩	姚本輝	131	1203	3	1-1/4	5 5 3	1:09.59	4.6	-	-	+ 1	XB2	-	沙田	2.71			15.5			38.0	32.0
2019/10/6	9	第三班	1200米	(80-60)	好地至黏地	草地 - "B+2" 賽道	4	12	翠湖飛鷹(B391)	梁家俊	蘇偉賢	119	1058	5	1-3/4	8 7 4	1:09.68	9.3	-	-	+ 1	 	5	沙田	2.71							
2019/10/6	9	第三班	1200米	(80-60)	好地至黏地	草地 - "B+2" 賽道	5	6	利害了(C367)	沈拿	韋達	128	1075	1	2	3 3 5	1:09.73	24	-	-	1	B/XB1	4	沙田	2.71							
2019/10/6	9	第三班	1200米	(80-60)	好地至黏地	草地 - "B+2" 賽道	6	14	英明勇將(T348)	黎海榮	呂健威	114	1085	14	3	14 13 6	1:09.88	56	-	-	1	H	8	沙田	2.71							
2019/10/6	9	第三班	1200米	(80-60)	好地至黏地	草地 - "B+2" 賽道	7	5	安喜(V338)	郭能	約翰摩亞	128	1129	9	3	6 6 7	1:09.88	24	-	-	1	B/TT	-	沙田	2.71							
2019/10/6	9	第三班	1200米	(80-60)	好地至黏地	草地 - "B+2" 賽道	8	2	朝五晚九(B330)	潘頓	羅富全	133	1048	6	3-1/2	7 8 8	1:09.96	10	-	-	1	CP/XB	-	沙田	2.71							
2019/10/6	9	第三班	1200米	(80-60)	好地至黏地	草地 - "B+2" 賽道	9	1	無限商機(C432)	史卓豐	丁冠豪	133	1164	10	3-3/4	2 2 9	1:10.01	57	-	-	1	H	4	沙田	2.71							
2019/10/6	9	第三班	1200米	(80-60)	好地至黏地	草地 - "B+2" 賽道	10	9	心中有您(B283)	蘇狄雄	何良	120	1061	8	4-1/2	10 11 10	1:10.13	129	-	-	1	H/V	5	沙田	2.71							
2019/10/6	9	第三班	1200米	(80-60)	好地至黏地	草地 - "B+2" 賽道	11	8	翹軍(B424)	楊明綸	容天鵬	121	1112	13	5-1/2	13 12 11	1:10.30	177	-	-	* 1	 	6	沙田	2.71							
2019/10/6	9	第三班	1200米	(80-60)	好地至黏地	草地 - "B+2" 賽道	12	7	老實人(B200)	李寶利	霍利時	126	1228	7	6	9 10 12	1:10.35	24	-	-	+ 1	 	5	沙田	2.71							
2019/10/6	9	第三班	1200米	(80-60)	好地至黏地	草地 - "B+2" 賽道	13	10	赤火神龍(A350)	潘明輝	賀賢	118	1136	12	7-1/2	12 14 13	1:10.59	85	-	-	1	B	6	沙田	2.71							
2019/10/6	9	第三班	1200米	(80-60)	好地至黏地	草地 - "B+2" 賽道	14	3	晉神(C476)	希威森	葉楚航	131	1045	11	7-3/4	11 9 14	1:10.62	207	-	-	* 1	 	4	沙田	2.71							
2019/10/6	9	第三班	1200米	(80-60)	好地至黏地	草地 - "B+2" 賽道			問鼎高峰(A009)	---	高伯新	113	---	---	---	---	---	---	-	-	-	-	-	沙田	2.71							
2019/10/6	10	第二班	1400米	(100-80)	好地至黏地	草地 - "B+2" 賽道	1	14	志在四方(C140)	沈拿	韋達	117	1104	7	-	4 4 4 1	1:21.06	7.6	-	-	1	H-/CP1	5	沙田	2.71	26.0			141.0	52.0	122.5	
2019/10/6	10	第二班	1400米	(100-80)	好地至黏地	草地 - "B+2" 賽道	2	3	志同道合(B287)	莫雷拉	蔡約翰	129	1134	1	3/4	5 5 5 2	1:21.19	3.2	1st Hot	-	+ 1	SR	5	沙田	2.71		15.5		141.0	52.0		68.0
2019/10/6	10	第二班	1400米	(100-80)	好地至黏地	草地 - "B+2" 賽道	3	7	力奇先鋒(B057)	杜美爾	沈集成	121	1175	4	2-1/2	6 6 6 3	1:21.45	8.5	-	-	1	B/TT	-	沙田	2.71			26.5			122.5	68.0
2019/10/6	10	第二班	1400米	(100-80)	好地至黏地	草地 - "B+2" 賽道	4	2	百步穿雲(A165)	潘頓	賀賢	132	1137	12	3	9 9 10 4	1:21.54	6	2nd Hot	W P	1	H	7	沙田	2.71							
2019/10/6	10	第二班	1400米	(100-80)	好地至黏地	草地 - "B+2" 賽道	5	10	紅心傾(C145)	田泰安	告東尼	118	1041	11	4-1/2	11 12 13 5	1:21.77	15	-	-	1	B/TT	5	沙田	2.71							
2019/10/6	10	第二班	1400米	(100-80)	好地至黏地	草地 - "B+2" 賽道	6	5	大金庫(C146)	梁家俊	高伯新	123	1092	8	5	2 2 2 6	1:21.87	11	-	-	1	TT	5	沙田	2.71							
2019/10/6	10	第二班	1400米	(100-80)	好地至黏地	草地 - "B+2" 賽道	7	9	美麗甜心(B410)	史卓豐	約翰摩亞	118	1168	5	5-1/4	8 8 9 7	1:21.88	20	-	-	1	B/TT	4	沙田	2.71							
2019/10/6	10	第二班	1400米	(100-80)	好地至黏地	草地 - "B+2" 賽道	8	11	蒙古王(A098)	黎海榮	徐雨石	118	1100	14	6-1/2	13 14 14 8	1:22.08	39	-	-	1	 	7	沙田	2.71							
2019/10/6	10	第二班	1400米	(100-80)	好地至黏地	草地 - "B+2" 賽道	9	8	威進駒(A326)	楊明綸	呂健威	118	1149	6	6-1/2	10 10 8 9	1:22.08	41	-	-	1	 	6	沙田	2.71							
2019/10/6	10	第二班	1400米	(100-80)	好地至黏地	草地 - "B+2" 賽道	10	13	一舖縱橫(B385)	蘇狄雄	丁冠豪	115	1038	2	7-1/4	3 3 3 10	1:22.23	42	-	-	1	H/TT	5	沙田	2.71							
2019/10/6	10	第二班	1400米	(100-80)	好地至黏地	草地 - "B+2" 賽道	11	6	美麗精神(B409)	巫顯東	告東尼	118	1281	3	7-3/4	7 7 7 11	1:22.29	9.4	-	-	2	CP/TT	5	沙田	2.71							
2019/10/6	10	第二班	1400米	(100-80)	好地至黏地	草地 - "B+2" 賽道	12	1	紅衣優駿(A039)	薛恩	羅富全	133	1194	9	8	1 1 1 12	1:22.34	28	-	-	1	B	6	沙田	2.71							
2019/10/6	10	第二班	1400米	(100-80)	好地至黏地	草地 - "B+2" 賽道	13	12	艮志騰雲(B119)	潘明輝	文家良	115	1183	10	9-1/4	12 11 11 13	1:22.54	25	-	-	1	CP	5	沙田	2.71							
2019/10/6	10	第二班	1400米	(100-80)	好地至黏地	草地 - "B+2" 賽道	14	4	壯思飛(V110)	李寶利	方嘉柏	126	1186	13	12-1/2	14 13 12 14	1:23.06	37	-	-	+ 1	 	-	沙田	2.71							
2019/10/9	1	第五班	1200米	(40-0)	好地	草地 - "B" 賽道	1	6	天皇巨星(V367)	潘頓	蘇保羅	127	1172	7	-	12 10 1	1:10.51	4.7	2nd Hot	-	+ 1	B	6	跑馬地	2.71	15.5			225.0	66.5	23.5	
2019/10/9	1	第五班	1200米	(40-0)	好地	草地 - "B" 賽道	2	12	勁皇子(V143)	蔡明紹	蔡約翰	113	1103	4	1/2	9 7 2	1:10.60	8.4	-	-	+ 1	P/TT	7	跑馬地	2.71		23.0		225.0	66.5		42.0
2019/10/9	1	第五班	1200米	(40-0)	好地	草地 - "B" 賽道	3	3	爪皇轟天(A291)	莫雷拉	霍利時	131	1107	1	3/4	2 2 3	1:10.65	2.2	1st Hot	-	+ 1	TT	6	跑馬地	2.71			12.0			23.5	42.0
2019/10/9	1	第五班	1200米	(40-0)	好地	草地 - "B" 賽道	4	11	印印腳(A277)	何澤堯	蘇偉賢	116	1189	11	2-1/2	3 1 4	1:10.92	8.7	-	-	+ 1	SR/TT	6	跑馬地	2.71							
2019/10/9	1	第五班	1200米	(40-0)	好地	草地 - "B" 賽道	5	9	神火金剛(B004)	薛恩	葉楚航	123	1044	8	4	11 11 5	1:11.13	71	-	-	+ 1	 	6	跑馬地	2.71							
2019/10/9	1	第五班	1200米	(40-0)	好地	草地 - "B" 賽道	6	5	紅磚勇士(C304)	潘明輝	沈集成	127	1059	12	5	5 5 6	1:11.32	54	-	-	+ 1	B/TT	4	跑馬地	2.71							
2019/10/9	1	第五班	1200米	(40-0)	好地	草地 - "B" 賽道	7	1	鋒仔(C282)	郭能	高伯新	133	1033	2	5-1/4	6 3 7	1:11.34	64	-	-	* 1	B	4	跑馬地	2.71							
2019/10/9	1	第五班	1200米	(40-0)	好地	草地 - "B" 賽道	8	7	獵狐章者(B187)	黎海榮	呂健威	126	987	5	5-1/4	10 12 8	1:11.36	46	-	-	+ 1	H1/B2/TT	5	跑馬地	2.71							
2019/10/9	1	第五班	1200米	(40-0)	好地	草地 - "B" 賽道	9	10	不忘初心(B231)	巫顯東	徐雨石	113	1056	6	7-1/4	4 6 9	1:11.68	14	-	-	* 1	B	5	跑馬地	2.71							
2019/10/9	1	第五班	1200米	(40-0)	好地	草地 - "B" 賽道	10	8	快樂魔王(A197)	梁家俊	賀賢	125	1042	3	7-1/2	7 9 10	1:11.71	11	-	-	* 1	B	-	跑馬地	2.71							
2019/10/9	1	第五班	1200米	(40-0)	好地	草地 - "B" 賽道	11	4	劍追聲(B445)	田泰安	告東尼	129	1037	10	7-3/4	8 8 11	1:11.75	42	-	-	+ 1	B-/TT	5	跑馬地	2.71							
2019/10/9	1	第五班	1200米	(40-0)	好地	草地 - "B" 賽道	12	2	喜奔騰(B143)	貝力斯	韋達	133	1077	9	11-3/4	1 4 12	1:12.38	15	-	-	+ 1	TT-	5	跑馬地	2.71							
2019/10/9	2	第四班	1650米	(60-40)	好地	草地 - "B" 賽道	1	8	火百合(B050)	莫雷拉	羅富全	119	1191	4	-	4 4 3 1	1:39.76	2.7	1st Hot	-	+ 1	TT	6	跑馬地	2.71	13.5			78.5	29.0	31.0	
2019/10/9	2	第四班	1650米	(60-40)	好地	草地 - "B" 賽道	2	9	事必獲利(T002)	杜美爾	方嘉柏	119	1154	1	3/4	6 7 5 2	1:39.87	5.9	-	-	1	TT	-	跑馬地	2.71		16.0		78.5	29.0		47.5
2019/10/9	2	第四班	1650米	(60-40)	好地	草地 - "B" 賽道	3	3	湛江最醒(B406)	潘頓	蘇偉賢	130	1030	3	1-3/4	8 9 7 3	1:40.03	4.4	2nd Hot	-	+ 1	H-/TT	5	跑馬地	2.71			17.5			31.0	47.5
2019/10/9	2	第四班	1650米	(60-40)	好地	草地 - "B" 賽道	4	11	醉醒神(B436)	何澤堯	呂健威	116	1040	6	2-1/2	12 11 9 4	1:40.17	6.5	-	-	2	H/XB	4	跑馬地	2.71							
2019/10/9	2	第四班	1650米	(60-40)	好地	草地 - "B" 賽道	5	2	悅目星光(A137)	黃皓楠	徐雨石	127	1100	10	6-1/4	10 5 1 5	1:40.77	17	-	-	* 2	 	7	跑馬地	2.71							
2019/10/9	2	第四班	1650米	(60-40)	好地	草地 - "B" 賽道	6	7	贏馬神器(A075)	潘明輝	葉楚航	118	1107	8	9-1/2	2 2 2 6	1:41.27	41	-	-	* 2	B	6	跑馬地	2.71							
2019/10/9	2	第四班	1650米	(60-40)	好地	草地 - "B" 賽道	7	1	神龍駒(B108)	田泰安	告東尼	133	1065	9	11	3 3 4 7	1:41.51	9.1	-	-	* 1	H/TT	5	跑馬地	2.71							
2019/10/9	2	第四班	1650米	(60-40)	好地	草地 - "B" 賽道	8	12	太陽多多(C171)	蘇狄雄	文家良	112	1113	2	13-1/4	5 6 8 8	1:41.87	68	-	-	1	B/TT	4	跑馬地	2.71							
2019/10/9	2	第四班	1650米	(60-40)	好地	草地 - "B" 賽道	9	10	龍城銳將(C055)	希威森	苗禮德	117	1190	11	13-3/4	11 12 12 9	1:41.94	239	-	-	* 2	B	-	跑馬地	2.71							
2019/10/9	2	第四班	1650米	(60-40)	好地	草地 - "B" 賽道	10	4	馬友寶寶(C085)	梁家俊	蘇保羅	122	1096	5	14-1/2	7 8 10 10	1:42.10	181	-	-	1	B	-	跑馬地	2.71							
2019/10/9	2	第四班	1650米	(60-40)	好地	草地 - "B" 賽道	11	5	爪皇烈焰(T353)	郭能	霍利時	122	1184	7	23-1/4	9 10 11 11	1:43.48	12	-	-	* 1	B1/TT	8	跑馬地	2.71							
2019/10/9	2	第四班	1650米	(60-40)	好地	草地 - "B" 賽道	12	6	飛虎英雄(C119)	貝力斯	韋達	120	1054	12	39-1/4	1 1 6 12	1:46.04	145	-	-	1	XB	-	跑馬地	2.71							
2019/10/9	3	第四班	1200米	(60-40)	好地	草地 - "B" 賽道	1	3	南莊加好(C025)	楊明綸	丁冠豪	128	1093	7	-	8 7 1	1:09.98	5.6	-	-	2	H	5	跑馬地	2.71	20.5			108.5	37.5	123.5	
2019/10/9	3	第四班	1200米	(60-40)	好地	草地 - "B" 賽道	2	9	旅遊拿督(V235)	郭能	高伯新	122	1084	1	頭位	4 3 2	1:10.02	3.2	1st Hot	-	* 3	B	7	跑馬地	2.71		13.5		108.5	37.5		62.5
2019/10/9	3	第四班	1200米	(60-40)	好地	草地 - "B" 賽道	3	10	醉翁意(C016)	莫雷拉	蔡約翰	121	1052	11	1-3/4	10 9 3	1:10.26	12	-	-	* 1	P	4	跑馬地	2.71			33.5			123.5	62.5
2019/10/9	3	第四班	1200米	(60-40)	好地	草地 - "B" 賽道	4	5	特醒(C060)	史卓豐	韋達	127	1147	3	2	5 4 4	1:10.29	4	2nd Hot	-	1	B/XB	5	跑馬地	2.71							
2019/10/9	3	第四班	1200米	(60-40)	好地	草地 - "B" 賽道	5	4	壽臣(C326)	潘頓	約翰摩亞	128	1133	8	2	1 1 5	1:10.31	8.4	-	-	1	B	4	跑馬地	2.71							
2019/10/9	3	第四班	1200米	(60-40)	好地	草地 - "B" 賽道	6	6	掌聲鼓勵(C518)	田泰安	沈集成	125	1124	2	2-1/2	7 6 6	1:10.38	63	-	-	2	TT1	-	跑馬地	2.71							
2019/10/9	3	第四班	1200米	(60-40)	好地	草地 - "B" 賽道	7	11	雄龍(C191)	蔡明紹	蘇偉賢	118	1148	6	4-1/2	9 10 7	1:10.69	40	-	-	2	H/TT	4	跑馬地	2.71							
2019/10/9	3	第四班	1200米	(60-40)	好地	草地 - "B" 賽道	8	2	寶得住(C125)	貝力斯	葉楚航	130	1035	12	5	12 11 8	1:10.76	171	-	-	* 2	TT	5	跑馬地	2.71							
2019/10/9	3	第四班	1200米	(60-40)	好地	草地 - "B" 賽道	9	1	清福(A364)	杜美爾	文家良	133	1222	4	5	3 2 9	1:10.78	6.3	-	-	1	 	6	跑馬地	2.71							
2019/10/9	3	第四班	1200米	(60-40)	好地	草地 - "B" 賽道	10	8	大運舞台(T256)	黃皓楠	鄭俊偉	120	1112	5	5-1/4	6 8 10	1:10.82	60	-	-	+ 1	B	9	跑馬地	2.71							
2019/10/9	3	第四班	1200米	(60-40)	好地	草地 - "B" 賽道	11	7	紅衣震撼(C366)	蘇狄雄	蘇保羅	123	1027	9	6-1/2	11 12 11	1:11.03	94	-	-	1	 	4	跑馬地	2.71							
2019/10/9	3	第四班	1200米	(60-40)	好地	草地 - "B" 賽道	12	12	萬事欣(T129)	黎海榮	何良	116	1181	10	14-1/2	2 5 12	1:12.31	20	-	-	+ 2	V/TT	8	跑馬地	2.71							
2019/10/9	4	第四班	1200米	(60-40)	好地	草地 - "B" 賽道	1	8	晨曦飛馬(C351)	潘頓	方嘉柏	124	1017	3	-	2 2 1	1:09.97	1.8	1st Hot	-	1	TT	5	跑馬地	2.71	11.5			60.0	28.0	25.5	
2019/10/9	4	第四班	1200米	(60-40)	好地	草地 - "B" 賽道	2	9	太陽戰馬(C212)	黃皓楠	徐雨石	116	1176	2	1/2	1 1 2	1:10.07	6	2nd Hot	-	+ 1	 	5	跑馬地	2.71		20.0		60.0	28.0		66.0
2019/10/9	4	第四班	1200米	(60-40)	好地	草地 - "B" 賽道	3	5	傳奇(V357)	何澤堯	呂健威	130	1102	8	3/4	7 6 3	1:10.09	6.6	-	-	* 1	B/TT	7	跑馬地	2.71			17.5			25.5	66.0
2019/10/9	4	第四班	1200米	(60-40)	好地	草地 - "B" 賽道	4	1	勇者勝(B010)	郭能	高伯新	133	1135	9	2-1/4	6 5 4	1:10.33	8.1	-	-	1	B/H/XB/TT	6	跑馬地	2.71							
2019/10/9	4	第四班	1200米	(60-40)	好地	草地 - "B" 賽道	5	2	精算八方(A221)	莫雷拉	蔡約翰	132	1127	5	4-1/2	5 3 5	1:10.68	8.4	-	-	* 2	P/XB	6	跑馬地	2.71							
2019/10/9	4	第四班	1200米	(60-40)	好地	草地 - "B" 賽道	6	11	漸信龍駒(C017)	潘明輝	葉楚航	115	1054	1	5-1/4	3 4 6	1:10.80	13	-	-	3	TT	5	跑馬地	2.71							
2019/10/9	4	第四班	1200米	(60-40)	好地	草地 - "B" 賽道	7	4	上捕先鋒(C300)	李寶利	霍利時	131	1182	11	5-1/2	11 7 7	1:10.85	67	-	-	1	B	5	跑馬地	2.71							
2019/10/9	4	第四班	1200米	(60-40)	好地	草地 - "B" 賽道	8	12	好醒神(C175)	巫顯東	姚本輝	113	1016	10	7	10 10 8	1:11.10	98	-	-	+ 2	B	4	跑馬地	2.71							
2019/10/9	4	第四班	1200米	(60-40)	好地	草地 - "B" 賽道	9	3	寶冠多(C156)	梁家俊	鄭俊偉	131	1024	4	10-3/4	8 9 9	1:11.69	145	-	-	2	B1	-	跑馬地	2.71							
2019/10/9	4	第四班	1200米	(60-40)	好地	草地 - "B" 賽道	10	6	環保時代(C355)	蘇狄雄	賀賢	124	1080	7	16-1/2	9 11 10	1:12.60	130	-	-	1	B1	5	跑馬地	2.71							
2019/10/9	4	第四班	1200米	(60-40)	好地	草地 - "B" 賽道	11	7	快樂森林(C347)	史卓豐	蘇偉賢	125	1091	6	26-3/4	4 8 11	1:14.26	127	-	-	3	TT	-	跑馬地	2.71							
2019/10/9	4	第四班	1200米	(60-40)	好地	草地 - "B" 賽道		10	八心之友(A007)	田泰安	韋達	117	---	---	---	---	---	---	-	-	-	-	-	跑馬地	2.71							
2019/10/9	5	第四班	1650米	(60-40)	好地	草地 - "B" 賽道	1	10	一舖成名(B162)	史卓豐	羅富全	118	1127	1	-	4 5 5 1	1:40.72	6	-	-	+ 2	B/TT	5	跑馬地	2.71	20.0			143.0	51.5	180.5	
2019/10/9	5	第四班	1650米	(60-40)	好地	草地 - "B" 賽道	2	9	陽明亮亮(A359)	何澤堯	呂健威	120	1026	5	1	8 7 6 2	1:40.88	4.2	2nd Hot	-	1	 	6	跑馬地	2.71		18.0		143.0	51.5		131.5
2019/10/9	5	第四班	1650米	(60-40)	好地	草地 - "B" 賽道	3	3	情趣(V114)	李寶利	霍利時	131	1137	7	3-1/4	10 11 11 3	1:41.24	15	-	-	* 2	B/TT	8	跑馬地	2.71			40.0			180.5	131.5
2019/10/9	5	第四班	1650米	(60-40)	好地	草地 - "B" 賽道	4	12	醉開心(B286)	潘明輝	葉楚航	112	1073	11	3-3/4	12 12 12 4	1:41.31	101	-	-	* 1	E/TT	5	跑馬地	2.71							
2019/10/9	5	第四班	1650米	(60-40)	好地	草地 - "B" 賽道	5	7	常拼常勝(V037)	杜美爾	苗禮德	124	1070	4	4	9 9 8 5	1:41.38	5.9	-	-	+ 1	V/TT	-	跑馬地	2.71							
2019/10/9	5	第四班	1650米	(60-40)	好地	草地 - "B" 賽道	6	2	其樂無窮(S147)	陳嘉熙	鄭俊偉	121	1111	6	4-1/2	11 10 10 6	1:41.45	87	-	-	* 1	B/TT	9	跑馬地	2.71							
2019/10/9	5	第四班	1650米	(60-40)	好地	草地 - "B" 賽道	7	11	神速寶(A087)	希威森	賀賢	116	1151	8	6-1/2	1 3 4 7	1:41.75	14	-	-	1	B	-	跑馬地	2.71							
2019/10/9	5	第四班	1650米	(60-40)	好地	草地 - "B" 賽道	8	4	電路一號(B373)	田泰安	告東尼	128	1080	2	7-1/2	5 6 7 8	1:41.93	22	-	-	* 2	P-/H/TT	5	跑馬地	2.71							
2019/10/9	5	第四班	1650米	(60-40)	好地	草地 - "B" 賽道	9	8	及時行樂(A125)	梁家俊	徐雨石	123	1119	10	8	2 1 1 9	1:42.01	70	-	-	+ 1	B	6	跑馬地	2.71							
2019/10/9	5	第四班	1650米	(60-40)	好地	草地 - "B" 賽道	10	1	贏科超影(A164)	郭能	高伯新	133	1028	12	15-1/4	3 2 3 10	1:43.18	29	-	-	1	H/P/TT	6	跑馬地	2.71							
2019/10/9	5	第四班	1650米	(60-40)	好地	草地 - "B" 賽道	11	5	肥仔威威(B366)	莫雷拉	方嘉柏	128	1038	3	17-1/2	7 8 9 11	1:43.51	3.4	1st Hot	W P	* 2	XB	5	跑馬地	2.71							
2019/10/9	5	第四班	1650米	(60-40)	好地	草地 - "B" 賽道	12	6	永益善(B003)	潘頓	沈集成	126	1115	9	19-1/2	6 4 2 12	1:43.85	9.8	-	-	1	B	6	跑馬地	2.71							
2019/10/9	6	第四班	1200米	(60-40)	好地	草地 - "B" 賽道	1	4	皆旺財(C278)	薛恩	沈集成	126	1132	11	-	2 2 1	1:10.81	11	-	-	1	TT	4	跑馬地	2.71	33.0			219.5	75.0	79.5	
2019/10/9	6	第四班	1200米	(60-40)	好地	草地 - "B" 賽道	2	2	無價寶(B254)	楊明綸	何良	130	1118	4	頭位	3 3 2	1:10.83	3.2	1st Hot	W P	+ 1	H/TT	5	跑馬地	2.71		14.0		219.5	75.0		24.5
2019/10/9	6	第四班	1200米	(60-40)	好地	草地 - "B" 賽道	3	3	喜勝駒(B167)	莫雷拉	方嘉柏	128	1082	8	1-1/4	7 5 3	1:11.00	3.3	2nd Hot	-	2	TT	5	跑馬地	2.71			14.0			79.5	24.5
2019/10/9	6	第四班	1200米	(60-40)	好地	草地 - "B" 賽道	4	6	牛精大哥(C034)	田泰安	告東尼	125	1119	9	1-1/2	1 1 4	1:11.03	10	-	-	* 1	B/TT	4	跑馬地	2.71							
2019/10/9	6	第四班	1200米	(60-40)	好地	草地 - "B" 賽道	5	1	四千金(V362)	潘頓	高伯新	133	1036	5	2-1/2	8 8 5	1:11.21	7.6	-	-	* 2	B/XB	-	跑馬地	2.71							
2019/10/9	6	第四班	1200米	(60-40)	好地	草地 - "B" 賽道	6	9	豹子膽(C389)	史卓豐	徐雨石	122	1111	1	2-1/2	5 6 6	1:11.21	34	-	-	2	 	3	跑馬地	2.71							
2019/10/9	6	第四班	1200米	(60-40)	好地	草地 - "B" 賽道	7	10	鼓浪威風(C088)	黎海榮	姚本輝	118	1232	6	3-3/4	4 4 7	1:11.39	11	-	-	+ 1	V-/CP1/TT	4	跑馬地	2.71							
2019/10/9	6	第四班	1200米	(60-40)	好地	草地 - "B" 賽道	8	7	功夫茶(C136)	何澤堯	賀賢	125	1124	3	4	6 7 8	1:11.44	8.3	-	-	2	XB	4	跑馬地	2.71							
2019/10/9	6	第四班	1200米	(60-40)	好地	草地 - "B" 賽道	9	8	勇勝神駒(B235)	蔡明紹	苗禮德	122	999	10	4-1/4	10 10 9	1:11.47	95	-	-	* 1	B	-	跑馬地	2.71							
2019/10/9	6	第四班	1200米	(60-40)	好地	草地 - "B" 賽道	10	11	錢途燦爛(C005)	黃皓楠	呂健威	114	1019	2	5-1/4	12 12 10	1:11.64	33	-	-	2	H/TT	5	跑馬地	2.71							
2019/10/9	6	第四班	1200米	(60-40)	好地	草地 - "B" 賽道	11	12	勁好玩(A408)	希威森	葉楚航	115	1037	12	7-1/4	11 11 11	1:11.97	67	-	-	+ 1	 	6	跑馬地	2.71							
2019/10/9	6	第四班	1200米	(60-40)	好地	草地 - "B" 賽道	12	5	橋津精彩(C468)	梁家俊	蘇偉賢	126	1120	7	13-1/2	9 9 12	1:12.96	243	-	-	1	 	4	跑馬地	2.71							
2019/10/9	7	第二班	1650米	(100-80)	好地	草地 - "B" 賽道	1	8	合拍威龍(B099)	蔡明紹	約翰摩亞	119	1172	4	-	5 6 6 1	1:39.40	29	-	-	+ 1	H	6	跑馬地	2.71	74.5			1753.5	449.5	567.0	
2019/10/9	7	第二班	1650米	(100-80)	好地	草地 - "B" 賽道	2	7	與龍共舞(B129)	杜美爾	何良	120	1091	7	1/2	7 8 7 2	1:39.49	13	-	-	1	H/P/TT	6	跑馬地	2.71		32.0		1753.5	449.5		463.5
2019/10/9	7	第二班	1650米	(100-80)	好地	草地 - "B" 賽道	3	2	都靈紅星(B092)	梁家俊	羅富全	131	1158	3	1-1/4	2 2 3 3	1:39.62	24	-	-	1	CP/TT	6	跑馬地	2.71			60.0			567.0	463.5
2019/10/9	7	第二班	1650米	(100-80)	好地	草地 - "B" 賽道	4	5	綫路光輝(A402)	陳嘉熙	告東尼	116	1044	6	1-1/2	1 1 2 4	1:39.64	5.1	-	-	+ 1	H/TT	6	跑馬地	2.71							
2019/10/9	7	第二班	1650米	(100-80)	好地	草地 - "B" 賽道	5	1	綠色有運(B413)	莫雷拉	方嘉柏	132	1073	5	2-1/2	6 7 8 5	1:39.80	2.7	1st Hot	-	+ 1	B/H	5	跑馬地	2.71							
2019/10/9	7	第二班	1650米	(100-80)	好地	草地 - "B" 賽道	6	9	協勝神駒(B217)	史卓豐	高伯新	119	1227	9	2-3/4	4 5 5 6	1:39.84	4.8	2nd Hot	-	+ 1	B/H2/TT	5	跑馬地	2.71							
2019/10/9	7	第二班	1650米	(100-80)	好地	草地 - "B" 賽道	7	10	幸福掌聲(C492)	田泰安	沈集成	118	1092	10	2-3/4	8 3 1 7	1:39.85	9.7	-	-	+ 1	SR/TT	4	跑馬地	2.71							
2019/10/9	7	第二班	1650米	(100-80)	好地	草地 - "B" 賽道	8	3	邊個邊個(B412)	李寶利	蔡約翰	128	1025	1	6-3/4	3 4 4 8	1:40.49	15	-	-	1	TT	5	跑馬地	2.71							
2019/10/9	7	第二班	1650米	(100-80)	好地	草地 - "B" 賽道	9	4	勝利仔(S355)	潘頓	賀賢	127	1251	2	9-1/2	10 10 10 9	1:40.92	14	-	-	1	B	-	跑馬地	2.71							
2019/10/9	7	第二班	1650米	(100-80)	好地	草地 - "B" 賽道	10	6	軍民歡(B208)	貝力斯	韋達	124	1061	8	16-3/4	9 9 9 10	1:42.09	18	-	-	1	V-/CP2	6	跑馬地	2.71							
2019/10/9	8	第三班	1200米	(80-60)	好地	草地 - "B" 賽道	1	7	極速王(C231)	杜美爾	丁冠豪	122	1102	9	-	6 6 1	1:10.12	4	2nd Hot	-	+ 1	 	5	跑馬地	2.71	15.5			58.5	28.0	228.5	
2019/10/9	8	第三班	1200米	(80-60)	好地	草地 - "B" 賽道	2	10	雪戰神駒(B371)	潘頓	高伯新	121	1091	10	3/4	7 8 2	1:10.23	2.8	1st Hot	-	+ 1	B	5	跑馬地	2.71		14.0		58.5	28.0		214.5
2019/10/9	8	第三班	1200米	(80-60)	好地	草地 - "B" 賽道	3	1	優悠皇(C399)	田泰安	苗禮德	133	1017	8	1-1/4	8 9 4	1:10.31	52	-	-	* 1	 	4	跑馬地	2.71			110.0			228.5	214.5
2019/10/9	8	第三班	1200米	(80-60)	好地	草地 - "B" 賽道	4	11	童話(B238)	黎海榮	徐雨石	115	1094	11	1	10 7 3	1:10.27	76	-	-	* 1	B	6	跑馬地	2.71							
2019/10/9	8	第三班	1200米	(80-60)	好地	草地 - "B" 賽道	5	12	索先生(T330)	潘明輝	賀賢	113	1141	5	1-1/2	5 3 5	1:10.36	16	-	-	+ 1	B	-	跑馬地	2.71							
2019/10/9	8	第三班	1200米	(80-60)	好地	草地 - "B" 賽道	6	5	財富超影(C392)	薛恩	蘇保羅	124	1086	3	2-3/4	9 10 6	1:10.54	8.4	-	-	+ 1	 	4	跑馬地	2.71							
2019/10/9	8	第三班	1200米	(80-60)	好地	草地 - "B" 賽道	7	9	公証揚鳴(V078)	楊明綸	鄭俊偉	119	1149	6	3	11 11 7	1:10.59	76	-	-	* 1	B	-	跑馬地	2.71							
2019/10/9	8	第三班	1200米	(80-60)	好地	草地 - "B" 賽道	8	2	真趣(C286)	希威森	霍利時	132	1071	1	4	1 1 8	1:10.74	45	-	-	+ 1	 	5	跑馬地	2.71							
2019/10/9	8	第三班	1200米	(80-60)	好地	草地 - "B" 賽道	9	4	會長之星(C205)	郭能	約翰摩亞	124	1148	7	4-1/4	2 2 9	1:10.81	5.3	-	-	+ 1	TT	4	跑馬地	2.71							
2019/10/9	8	第三班	1200米	(80-60)	好地	草地 - "B" 賽道	10	6	上海大師(A337)	何澤堯	呂健威	124	1160	4	6-1/4	4 4 10	1:11.10	13	-	-	+ 1	 	6	跑馬地	2.71							
2019/10/9	8	第三班	1200米	(80-60)	好地	草地 - "B" 賽道	11	8	嘉域騏(B110)	蔡明紹	容天鵬	122	1244	2	6-3/4	3 5 11	1:11.18	9.7	-	-	+ 1	TT	6	跑馬地	2.71							
2019/10/9	8	第三班	1200米	(80-60)	好地	草地 - "B" 賽道		3	好得威(B290)	莫雷拉	告東尼	129	---	---	---	---	---	---	-	-	-	-	-	跑馬地	2.71							
2019/10/9	9	第三班	1000米	(80-60)	好地	草地 - "B" 賽道	1	9	一拍即合(B402)	潘頓	方嘉柏	121	1195	5	-	4 5 1	0:57.10	1.7	1st Hot	-	+ 1	B/TT	5	跑馬地	2.71	12.5			43.0	21.5	104.5	
2019/10/9	9	第三班	1000米	(80-60)	好地	草地 - "B" 賽道	2	7	金匯昇(C010)	莫雷拉	蔡約翰	122	1084	1	頸位	6 6 2	0:57.15	5	2nd Hot	-	+ 1	 	4	跑馬地	2.71		16.0		43.0	21.5		191.0
2019/10/9	9	第三班	1000米	(80-60)	好地	草地 - "B" 賽道	3	6	美麗天驕(C274)	陳嘉熙	約翰摩亞	112	1060	6	1-3/4	2 2 3	0:57.38	40	-	-	1	CP/TT	-	跑馬地	2.71			69.5			104.5	191.0
2019/10/9	9	第三班	1000米	(80-60)	好地	草地 - "B" 賽道	4	3	豪情勇駿(C508)	巫顯東	何良	123	1150	7	2-1/4	5 3 4	0:57.47	82	-	-	1	 	4	跑馬地	2.71							
2019/10/9	9	第三班	1000米	(80-60)	好地	草地 - "B" 賽道	5	2	嶺寶峯(B333)	希威森	徐雨石	128	1043	10	2-1/2	1 1 5	0:57.52	12	-	-	* 1	 	6	跑馬地	2.71							
2019/10/9	9	第三班	1000米	(80-60)	好地	草地 - "B" 賽道	6	8	快樂健康(C447)	蔡明紹	苗禮德	121	1071	9	3-1/4	8 9 6	0:57.62	75	-	-	+ 1	 	-	跑馬地	2.71							
2019/10/9	9	第三班	1000米	(80-60)	好地	草地 - "B" 賽道	7	4	公証福將(A148)	貝力斯	鄭俊偉	124	1182	11	3-1/2	12 12 7	0:57.64	20	-	-	+ 1	XB/TT	7	跑馬地	2.71							
2019/10/9	9	第三班	1000米	(80-60)	好地	草地 - "B" 賽道	8	1	大武士(B216)	何澤堯	沈集成	133	1143	12	3-3/4	3 4 8	0:57.71	12	-	-	1	TT	6	跑馬地	2.71							
2019/10/9	9	第三班	1000米	(80-60)	好地	草地 - "B" 賽道	9	12	大聚會(V293)	黃皓楠	高伯新	114	1078	4	4	11 11 9	0:57.72	52	-	-	* 1	 	7	跑馬地	2.71							
2019/10/9	9	第三班	1000米	(80-60)	好地	草地 - "B" 賽道	10	5	維港奔流(D042)	史卓豐	韋達	124	1102	8	4-3/4	7 7 10	0:57.84	34	-	-	+ 1	 	4	跑馬地	2.71							
2019/10/9	9	第三班	1000米	(80-60)	好地	草地 - "B" 賽道	11	11	一見傾心(B401)	田泰安	蘇保羅	115	1182	2	5	9 8 11	0:57.91	8.1	-	-	* 1	SR-/B	5	跑馬地	2.71							
2019/10/9	9	第三班	1000米	(80-60)	好地	草地 - "B" 賽道	12	10	分到笑(C078)	蘇狄雄	賀賢	114	1069	3	9	10 10 12	0:58.54	175	-	-	+ 1	TT1	4	跑馬地	2.71							
2019/10/12	1	第五班	1600米	(40-0)	好地至快地	草地 - "C" 賽道	1	5	開心大師(B222)	莫雷拉	方嘉柏	131	1076	6	-	9 8 7 1	1:34.58	6.8	-	-	1	TT	5	沙田	2.71	20.5			226.5	72.5	39.5	
2019/10/12	1	第五班	1600米	(40-0)	好地至快地	草地 - "C" 賽道	2	4	乘勝追擊(V369)	利敬國	韋達	132	1082	11	1-1/4	8 9 9 2	1:34.75	5.9	2nd Hot	-	+ 1	B	-	沙田	2.71		19.5		226.5	72.5		35.5
2019/10/12	1	第五班	1600米	(40-0)	好地至快地	草地 - "C" 賽道	3	3	七寶(B314)	陳嘉熙	約翰摩亞	123	1086	2	2-3/4	6 6 4 3	1:34.96	2.6	1st Hot	-	+ 1	B/TT	-	沙田	2.71			13.5			39.5	35.5
2019/10/12	1	第五班	1600米	(40-0)	好地至快地	草地 - "C" 賽道	4	6	利之喜(A405)	田泰安	蘇保羅	130	1167	9	3-1/2	1 2 3 4	1:35.07	17	-	-	+ 1	 	5	沙田	2.71							
2019/10/12	1	第五班	1600米	(40-0)	好地至快地	草地 - "C" 賽道	5	2	金津輝煌(V400)	杜美爾	苗禮德	133	1163	7	3-1/2	3 5 6 5	1:35.09	6.1	-	-	+ 1	B	6	沙田	2.71							
2019/10/12	1	第五班	1600米	(40-0)	好地至快地	草地 - "C" 賽道	6	1	晴朗拍檔(B071)	希威森	霍利時	133	1098	4	3-1/2	5 3 2 6	1:35.10	14	-	-	1	 	6	沙田	2.71							
2019/10/12	1	第五班	1600米	(40-0)	好地至快地	草地 - "C" 賽道	7	7	得意(C174)	潘頓	葉楚航	130	1200	3	4-1/4	2 1 1 7	1:35.26	11	-	-	+ 1	B1/TT	4	沙田	2.71							
2019/10/12	1	第五班	1600米	(40-0)	好地至快地	草地 - "C" 賽道	8	11	好運齊來(B124)	潘明輝	高伯新	111	1144	10	5	10 11 11 8	1:35.38	22	-	-	1	CP-/XB-/TT-	-	沙田	2.71							
2019/10/12	1	第五班	1600米	(40-0)	好地至快地	草地 - "C" 賽道	9	9	南京之友(V140)	史卓豐	文家良	128	1201	5	7-1/2	7 7 5 9	1:35.78	14	-	-	1	CP2/TT	-	沙田	2.71							
2019/10/12	1	第五班	1600米	(40-0)	好地至快地	草地 - "C" 賽道	10	8	萬里威揚(A055)	巫顯東	徐雨石	126	1022	1	8-1/4	11 10 10 10	1:35.92	44	-	-	1	V	7	沙田	2.71							
2019/10/12	1	第五班	1600米	(40-0)	好地至快地	草地 - "C" 賽道	11	10	運來威力(B120)	楊明綸	容天鵬	113	1126	8	22-1/2	4 4 8 11	1:38.17	160	-	-	1	TT	5	沙田	2.71							
2019/10/12	2	第四班	1000米	(60-40)	好地至快地	草地 - "C" 賽道	1	3	奮鬥同心(C314)	何澤堯	姚本輝	132	1173	9	-	1 1 1	0:56.05	11	-	-	+ 1	CP-/H	4	沙田	2.71	27.0			96.0	41.5	85.5	
2019/10/12	2	第四班	1000米	(60-40)	好地至快地	草地 - "C" 賽道	2	6	超能量(B294)	潘頓	韋達	128	1105	1	1-3/4	3 2 2	0:56.35	1.7	1st Hot	-	+ 1	B/XB	5	沙田	2.71		11.5		96.0	41.5		22.0
2019/10/12	2	第四班	1000米	(60-40)	好地至快地	草地 - "C" 賽道	3	1	韋小寶(C188)	陳嘉熙	蘇保羅	123	1126	12	3	9 5 3	0:56.54	6	2nd Hot	-	1	 	4	沙田	2.71			18.0			85.5	22.0
2019/10/12	2	第四班	1000米	(60-40)	好地至快地	草地 - "C" 賽道	4	2	龍城勝將(B178)	田泰安	苗禮德	133	1084	2	5-1/4	10 6 4	0:56.89	11	-	-	1	 	-	沙田	2.71							
2019/10/12	2	第四班	1000米	(60-40)	好地至快地	草地 - "C" 賽道	5	7	影疾(C466)	利敬國	葉楚航	125	1072	11	5-1/4	8 8 5	0:56.89	47	-	-	2	TT1	4	沙田	2.71							
2019/10/12	2	第四班	1000米	(60-40)	好地至快地	草地 - "C" 賽道	6	13	勝利在手(C103)	希威森	呂健威	124	1082	10	5-3/4	4 3 6	0:56.96	23	-	-	+ 1	TT	4	沙田	2.71							
2019/10/12	2	第四班	1000米	(60-40)	好地至快地	草地 - "C" 賽道	7	10	逐夢時代(C408)	史卓豐	高伯新	125	1123	7	6-1/4	12 11 7	0:57.06	46	-	-	+ 1	 	-	沙田	2.71							
2019/10/12	2	第四班	1000米	(60-40)	好地至快地	草地 - "C" 賽道	8	8	至叻仔(D013)	梁家俊	蘇偉賢	125	1159	3	6-1/2	14 14 8	0:57.07	157	-	-	+ 1	 	4	沙田	2.71							
2019/10/12	2	第四班	1000米	(60-40)	好地至快地	草地 - "C" 賽道	9	11	開心一號(C486)	巫顯東	葉楚航	122	1117	14	7-3/4	5 7 9	0:57.29	44	-	-	* 1	 	4	沙田	2.71							
2019/10/12	2	第四班	1000米	(60-40)	好地至快地	草地 - "C" 賽道	10	14	酷比威(C382)	黃皓楠	沈集成	113	1111	6	9	6 10 10	0:57.48	242	-	-	+ 1	B/TT	-	沙田	2.71							
2019/10/12	2	第四班	1000米	(60-40)	好地至快地	草地 - "C" 賽道	11	12	旺旺寶駒(C418)	楊明綸	何良	125	1067	13	9-3/4	7 13 11	0:57.60	77	-	-	+ 1	TT	4	沙田	2.71							
2019/10/12	2	第四班	1000米	(60-40)	好地至快地	草地 - "C" 賽道	12	5	任意駒(C047)	蘇狄雄	徐雨石	128	1103	5	10	13 12 12	0:57.65	161	-	-	* 1	 	4	沙田	2.71							
2019/10/12	2	第四班	1000米	(60-40)	好地至快地	草地 - "C" 賽道	13	4	瑩之光(B080)	莫雷拉	方嘉柏	132	1191	4	10	11 9 13	0:57.67	6.7	-	-	+ 1	TT	5	沙田	2.71							
2019/10/12	2	第四班	1000米	(60-40)	好地至快地	草地 - "C" 賽道	14	9	胆大威猛(C338)	黎海榮	姚本輝	125	1171	8	13-1/2	2 4 14	0:58.21	91	-	-	2	 	3	沙田	2.71							
2019/10/12	3	第三班	1200米	(80-60)	好地	全天候跑道	1	5	鞍歌(A177)	田泰安	姚本輝	125	1158	10	-	4 4 1	1:08.49	12	-	-	* 1	CP-/B1	6	沙田	2.71	23.0			659.0	147.0	33.5	
2019/10/12	3	第三班	1200米	(80-60)	好地	全天候跑道	2	12	錶之銳(C193)	何澤堯	呂健威	116	1136	2	2-1/2	9 8 2	1:08.89	12	-	-	* 1	B-/XB-/H2/TT1	5	沙田	2.71		28.5		659.0	147.0		39.0
2019/10/12	3	第三班	1200米	(80-60)	好地	全天候跑道	3	2	銀紙(B025)	莫雷拉	苗禮德	132	1122	11	2-1/2	10 9 3	1:08.89	1.5	1st Hot	-	+ 1	 	5	沙田	2.71			11.0			33.5	39.0
2019/10/12	3	第三班	1200米	(80-60)	好地	全天候跑道	4	3	最驫(A022)	利敬國	沈集成	131	1163	12	3-1/2	11 10 4	1:09.07	60	-	-	* 1	B/TT	7	沙田	2.71							
2019/10/12	3	第三班	1200米	(80-60)	好地	全天候跑道	5	7	德勝門(C375)	楊明綸	容天鵬	120	1170	3	4	1 1 5	1:09.13	23	-	-	+ 1	B	4	沙田	2.71							
2019/10/12	3	第三班	1200米	(80-60)	好地	全天候跑道	6	11	雷公鑿(V279)	黎海榮	徐雨石	116	1172	8	5-1/2	8 7 6	1:09.36	56	-	-	* 1	B	7	沙田	2.71							
2019/10/12	3	第三班	1200米	(80-60)	好地	全天候跑道	7	10	香江穩勝(T254)	希威森	鄭俊偉	116	1314	9	6	2 2 7	1:09.43	73	-	-	+ 1	CP	8	沙田	2.71							
2019/10/12	3	第三班	1200米	(80-60)	好地	全天候跑道	8	8	星叻(C257)	陳嘉熙	羅富全	109	1039	5	6	6 6 8	1:09.47	7.5	2nd Hot	-	+ 1	 	4	沙田	2.71							
2019/10/12	3	第三班	1200米	(80-60)	好地	全天候跑道	9	4	軍力勁(B192)	潘頓	約翰摩亞	127	1222	4	7-1/2	3 3 9	1:09.69	8.2	-	-	+ 1	CP-/B2	5	沙田	2.71							
2019/10/12	3	第三班	1200米	(80-60)	好地	全天候跑道	10	1	真先生(S253)	薛恩	賀賢	133	1086	1	8	5 5 10	1:09.77	43	-	-	+ 1	B	-	沙田	2.71							
2019/10/12	3	第三班	1200米	(80-60)	好地	全天候跑道	11	9	上浦福滿(A193)	黃皓楠	霍利時	114	1058	6	10-1/4	12 12 11	1:10.14	88	-	-	* 1	B	6	沙田	2.71							
2019/10/12	3	第三班	1200米	(80-60)	好地	全天候跑道	12	6	旅英福星(C368)	梁家俊	韋達	125	1008	7	19-1/2	7 11 12	1:11.62	84	-	-	* 1	B1	4	沙田	2.71							
2019/10/12	4	第四班	1400米	(60-40)	好地至快地	草地 - "C" 賽道	1	7	皇帝賽(C249)	潘明輝	丁冠豪	124	1203	1	-	1 1 1 1	1:21.88	25	-	-	1	CP1/TT	4	沙田	2.71	55.5			472.5	146.0	160.5	
2019/10/12	4	第四班	1400米	(60-40)	好地至快地	草地 - "C" 賽道	2	9	有錢分(B079)	田泰安	苗禮德	122	1128	8	1	6 6 5 2	1:22.04	3.3	1st Hot	-	2	B	5	沙田	2.71		14.0		472.5	146.0		38.0
2019/10/12	4	第四班	1400米	(60-40)	好地至快地	草地 - "C" 賽道	3	12	陽明秋秋(A057)	何澤堯	呂健威	119	1145	6	1	4 3 3 3	1:22.05	6.2	-	-	1	TT	7	沙田	2.71			22.0			160.5	38.0
2019/10/12	4	第四班	1400米	(60-40)	好地至快地	草地 - "C" 賽道	4	6	舉世無雙(A310)	郭能	高伯新	127	1161	5	3-1/4	5 5 4 4	1:22.39	35	-	-	* 2	B/H	6	沙田	2.71							
2019/10/12	4	第四班	1400米	(60-40)	好地至快地	草地 - "C" 賽道	5	10	芙蓉莊(B339)	杜美爾	姚本輝	121	1009	12	3-1/2	10 7 8 5	1:22.45	8.7	-	-	2	B	5	沙田	2.71							
2019/10/12	4	第四班	1400米	(60-40)	好地至快地	草地 - "C" 賽道	6	2	中神通(C444)	莫雷拉	蔡約翰	131	1132	2	4	7 9 7 6	1:22.51	16	-	-	1	 	4	沙田	2.71							
2019/10/12	4	第四班	1400米	(60-40)	好地至快地	草地 - "C" 賽道	7	1	友誼之星(V379)	潘頓	蘇保羅	133	1159	3	4-3/4	12 12 10 7	1:22.66	4.5	2nd Hot	-	1	B	7	沙田	2.71							
2019/10/12	4	第四班	1400米	(60-40)	好地至快地	草地 - "C" 賽道	8	11	小福將(C096)	利敬國	沈集成	119	1056	13	5	13 14 12 8	1:22.67	6.3	-	-	2	CP	4	沙田	2.71							
2019/10/12	4	第四班	1400米	(60-40)	好地至快地	草地 - "C" 賽道	9	13	麯院風荷(T112)	史卓豐	蘇偉賢	118	1065	14	7-1/2	14 13 14 9	1:23.07	44	-	-	1	B/XB/TT	-	沙田	2.71							
2019/10/12	4	第四班	1400米	(60-40)	好地至快地	草地 - "C" 賽道	10	4	一代莊主(C419)	巫顯東	葉楚航	128	1103	10	7-1/2	9 10 11 10	1:23.08	250	-	-	+ 1	 	4	沙田	2.71							
2019/10/12	4	第四班	1400米	(60-40)	好地至快地	草地 - "C" 賽道	11	3	無限驚喜(B477)	梁家俊	文家良	131	1200	11	8-1/2	2 2 2 11	1:23.22	319	-	-	1	TT	5	沙田	2.71							
2019/10/12	4	第四班	1400米	(60-40)	好地至快地	草地 - "C" 賽道	12	8	金銀城(C279)	楊明綸	容天鵬	123	1120	4	9-3/4	8 8 9 12	1:23.45	275	-	-	2	H	4	沙田	2.71							
2019/10/12	4	第四班	1400米	(60-40)	好地至快地	草地 - "C" 賽道	13	14	天賦威力(B335)	蘇狄雄	賀賢	113	1057	7	11-1/4	3 4 6 13	1:23.68	210	-	-	1	B2/TT	5	沙田	2.71							
2019/10/12	4	第四班	1400米	(60-40)	好地至快地	草地 - "C" 賽道	14	5	活力飛彈(B322)	貝力斯	約翰摩亞	130	1183	9	12-1/2	11 11 13 14	1:23.89	10	-	-	1	CP	-	沙田	2.71							
2019/10/12	5	第四班	1400米	(60-40)	好地至快地	草地 - "C" 賽道	1	9	承你所願(A178)	莫雷拉	韋達	124	1157	4	-	4 4 3 1	1:21.12	2.4	1st Hot	-	1	B/XB	6	沙田	2.71	12.0			205.5	73.0	48.0	
2019/10/12	5	第四班	1400米	(60-40)	好地至快地	草地 - "C" 賽道	2	11	金碧科(B225)	李寶利	鄭俊偉	118	1024	3	短馬頭位	6 7 5 2	1:21.13	17	-	-	1	B-	5	沙田	2.71		40.5		205.5	73.0		222.0
2019/10/12	5	第四班	1400米	(60-40)	好地至快地	草地 - "C" 賽道	3	13	高瞻遠矚(B345)	田泰安	約翰摩亞	114	1013	8	3	11 12 12 3	1:21.58	9.1	-	-	2	B	4	沙田	2.71			27.0			48.0	222.0
2019/10/12	5	第四班	1400米	(60-40)	好地至快地	草地 - "C" 賽道	4	14	探險家(C008)	利敬國	徐雨石	114	1093	7	3-1/4	10 10 10 4	1:21.66	5.7	-	W P	1	 	4	沙田	2.71							
2019/10/12	5	第四班	1400米	(60-40)	好地至快地	草地 - "C" 賽道	5	4	陽光大地(A130)	梁家俊	高伯新	128	1094	5	3-1/2	8 9 7 5	1:21.70	13	-	-	1	B	6	沙田	2.71							
2019/10/12	5	第四班	1400米	(60-40)	好地至快地	草地 - "C" 賽道	6	8	大雁塔(C090)	薛恩	蔡約翰	125	1004	2	3-3/4	9 8 9 6	1:21.74	124	-	-	2	B1	-	沙田	2.71							
2019/10/12	5	第四班	1400米	(60-40)	好地至快地	草地 - "C" 賽道	7	10	創紀錄(C168)	巫顯東	沈集成	116	1100	12	4	14 14 13 7	1:21.76	172	-	-	1	B/TT	4	沙田	2.71							
2019/10/12	5	第四班	1400米	(60-40)	好地至快地	草地 - "C" 賽道	8	12	喜氣綿綿(C236)	潘明輝	丁冠豪	114	1057	1	4	7 6 6 8	1:21.76	71	-	-	2	H	4	沙田	2.71							
2019/10/12	5	第四班	1400米	(60-40)	好地至快地	草地 - "C" 賽道	9	3	龍騰摘星(A294)	希威森	苗禮德	129	1198	10	5-1/4	13 11 11 9	1:21.95	24	-	-	1	B	-	沙田	2.71							
2019/10/12	5	第四班	1400米	(60-40)	好地至快地	草地 - "C" 賽道	10	1	精簡最好(B464)	陳嘉熙	姚本輝	123	1073	11	5-1/4	1 1 1 10	1:21.97	4.2	2nd Hot	-	1	V	4	沙田	2.71							
2019/10/12	5	第四班	1400米	(60-40)	好地至快地	草地 - "C" 賽道	11	6	銀時(C216)	楊明綸	容天鵬	127	1138	9	6	2 2 2 11	1:22.07	44	-	-	1	B	5	沙田	2.71							
2019/10/12	5	第四班	1400米	(60-40)	好地至快地	草地 - "C" 賽道	12	7	軒轅齊飛(V250)	黃皓楠	葉楚航	124	1184	6	10-3/4	3 3 4 12	1:22.85	37	-	-	* 2	B/TT	7	沙田	2.71							
2019/10/12	5	第四班	1400米	(60-40)	好地至快地	草地 - "C" 賽道	13	5	瀟灑王子(V069)	何澤堯	文家良	127	1171	14	21	5 5 8 13	1:24.48	49	-	-	2	B	7	沙田	2.71							
2019/10/12	5	第四班	1400米	(60-40)	好地至快地	草地 - "C" 賽道	14	2	志聰明(C319)	黎海榮	何良	131	1193	13	30-1/2	12 13 14 14	1:26.01	406	-	-	1	B	4	沙田	2.71							
2019/10/12	6	第四班	1200米	(60-40)	好地	全天候跑道	1	7	理想回報(A305)	潘頓	沈集成	124	1076	8	-	10 9 1	1:09.09	10	-	-	* 1	P/TT	7	沙田	2.71	30.5			784.0	219.0	94.5	
2019/10/12	6	第四班	1200米	(60-40)	好地	全天候跑道	2	4	怪獸都市(A190)	巫顯東	何良	125	1135	12	1-1/4	2 2 2	1:09.29	17	-	-	+ 1	H-/V2	6	沙田	2.71		46.0		784.0	219.0		141.5
2019/10/12	6	第四班	1200米	(60-40)	好地	全天候跑道	3	12	超然(V255)	利敬國	鄭俊偉	114	1081	11	1-1/4	12 10 3	1:09.30	6.1	-	-	* 1	 	7	沙田	2.71			20.0			94.5	141.5
2019/10/12	6	第四班	1200米	(60-40)	好地	全天候跑道	4	9	威風駿馬(B437)	田泰安	蘇保羅	118	1100	5	1-1/2	4 8 4	1:09.33	4.6	2nd Hot	-	* 1	 	5	沙田	2.71							
2019/10/12	6	第四班	1200米	(60-40)	好地	全天候跑道	5	2	如真如假(C222)	郭能	方嘉柏	129	1116	1	2-1/2	5 3 5	1:09.47	4.5	1st Hot	-	+ 1	B	4	沙田	2.71							
2019/10/12	6	第四班	1200米	(60-40)	好地	全天候跑道	6	1	步履娛飛(C289)	杜美爾	告東尼	132	1199	2	3-3/4	3 4 6	1:09.67	6.9	-	-	+ 1	CP1	5	沙田	2.71							
2019/10/12	6	第四班	1200米	(60-40)	好地	全天候跑道	7	5	快利(A006)	史卓豐	高伯新	126	1193	10	4-3/4	11 5 7	1:09.85	15	-	-	+ 1	B/H	-	沙田	2.71							
2019/10/12	6	第四班	1200米	(60-40)	好地	全天候跑道	8	11	常山耆寶(A275)	何澤堯	文家良	116	1043	7	5-1/2	9 7 8	1:09.97	36	-	-	+ 1	P	6	沙田	2.71							
2019/10/12	6	第四班	1200米	(60-40)	好地	全天候跑道	9	3	同盟力量(C036)	陳嘉熙	姚本輝	118	1239	9	6-3/4	1 1 9	1:10.18	13	-	-	+ 1	CP-/B1	4	沙田	2.71							
2019/10/12	6	第四班	1200米	(60-40)	好地	全天候跑道	10	8	二話不說(C134)	潘明輝	葉楚航	118	1084	4	8-1/2	7 6 10	1:10.44	13	-	-	* 1	H	4	沙田	2.71							
2019/10/12	6	第四班	1200米	(60-40)	好地	全天候跑道	11	10	笑春風(A011)	楊明綸	丁冠豪	117	1109	6	8-3/4	6 12 11	1:10.50	20	-	-	* 1	B	6	沙田	2.71							
2019/10/12	6	第四班	1200米	(60-40)	好地	全天候跑道	12	6	金湶德(A427)	希威森	霍利時	125	1072	3	28-1/4	8 11 12	1:13.60	30	-	-	+ 1	B	-	沙田	2.71							
2019/10/12	7	第二班	1800米	(105-80)	好地至快地	草地 - "C" 賽道	1	7	陸寶(B153)	楊明綸	告東尼	118	972	2	-	8 8 7 5 1	1:45.98	12	-	-	3	H/PC/TT	6	沙田	2.71	33.5			601.5	156.5	78.0	
2019/10/12	7	第二班	1800米	(105-80)	好地至快地	草地 - "C" 賽道	2	8	天池怪俠(B350)	史卓豐	蘇偉賢	118	1140	5	1/2	10 10 9 7 2	1:46.06	11	-	-	1	H	5	沙田	2.71		27.0		601.5	156.5		59.0
2019/10/12	7	第二班	1800米	(105-80)	好地至快地	草地 - "C" 賽道	3	11	將耀(C429)	莫雷拉	告東尼	115	1075	6	1	2 3 3 3 3	1:46.13	4	2nd Hot	-	1	H/TT	4	沙田	2.71			16.0			78.0	59.0
2019/10/12	7	第二班	1800米	(105-80)	好地至快地	草地 - "C" 賽道	4	6	繽紛遊戲(C013)	李寶利	羅富全	118	1084	1	1-1/4	6 5 5 4 4	1:46.19	43	-	-	3	B	5	沙田	2.71							
2019/10/12	7	第二班	1800米	(105-80)	好地至快地	草地 - "C" 賽道	5	3	協霸神駒(B405)	潘頓	沈集成	130	1056	4	2	9 9 10 10 5	1:46.29	1.9	1st Hot	-	1	SR/TT	5	沙田	2.71							
2019/10/12	7	第二班	1800米	(105-80)	好地至快地	草地 - "C" 賽道	6	10	傑彩繽紛(B457)	希威森	蔡約翰	116	1035	8	2-1/4	11 11 11 11 6	1:46.35	42	-	-	1	B	5	沙田	2.71							
2019/10/12	7	第二班	1800米	(105-80)	好地至快地	草地 - "C" 賽道	7	1	幸福分享(A409)	何澤堯	呂健威	133	994	3	4-3/4	5 6 6 9 7	1:46.75	24	-	-	1	H	6	沙田	2.71							
2019/10/12	7	第二班	1800米	(105-80)	好地至快地	草地 - "C" 賽道	8	9	美麗經典(C049)	利敬國	約翰摩亞	117	1116	10	5	7 7 8 8 8	1:46.77	23	-	-	1	B	5	沙田	2.71							
2019/10/12	7	第二班	1800米	(105-80)	好地至快地	草地 - "C" 賽道	9	5	勁無比(B034)	田泰安	羅富全	120	1095	7	6-1/4	3 4 4 6 9	1:46.97	16	-	-	2	V	5	沙田	2.71							
2019/10/12	7	第二班	1800米	(105-80)	好地至快地	草地 - "C" 賽道	10	4	喜蓮騏星(C165)	巫顯東	告東尼	118	1039	11	7-1/4	4 1 1 1 10	1:47.13	23	-	-	2	XB/TT	5	沙田	2.71							
2019/10/12	7	第二班	1800米	(105-80)	好地至快地	草地 - "C" 賽道	11	2	妙算達人(B224)	薛恩	羅富全	131	1260	9	9-3/4	1 2 2 2 11	1:47.55	20	-	-	1	B-/V2/TT	5	沙田	2.71							
2019/10/12	8	第三班	1600米	(80-60)	好地至快地	草地 - "C" 賽道	1	11	美麗日子(B076)	莫雷拉	容天鵬	120	1146	13	-	2 3 2 1	1:33.87	2.4	1st Hot	-	1	B/H	6	沙田	2.71	12.5			57.0	26.0	55.5	
2019/10/12	8	第三班	1600米	(80-60)	好地至快地	草地 - "C" 賽道	2	3	全才(B213)	潘頓	羅富全	130	1060	1	1/2	6 8 7 2	1:33.97	4.4	2nd Hot	-	1	B/TT	6	沙田	2.71		16.5		57.0	26.0		79.5
2019/10/12	8	第三班	1600米	(80-60)	好地至快地	草地 - "C" 賽道	3	8	天外天(B435)	貝力斯	約翰摩亞	124	1058	7	3/4	10 10 9 3	1:34.00	10	-	-	1	B/TT	4	沙田	2.71			33.0			55.5	79.5
2019/10/12	8	第三班	1600米	(80-60)	好地至快地	草地 - "C" 賽道	4	6	興惑(B351)	田泰安	告東尼	127	1011	8	2-3/4	3 5 4 4	1:34.31	19	-	-	* 1	CP/TT	6	沙田	2.71							
2019/10/12	8	第三班	1600米	(80-60)	好地至快地	草地 - "C" 賽道	5	10	又係熊(C301)	希威森	霍利時	120	1064	6	2-3/4	5 1 1 5	1:34.32	90	-	-	+ 1	SR	5	沙田	2.71							
2019/10/12	8	第三班	1600米	(80-60)	好地至快地	草地 - "C" 賽道	6	12	關鍵時機(C159)	利敬國	方嘉柏	120	1137	3	3-1/4	9 11 11 6	1:34.39	7.3	-	-	* 1	B	5	沙田	2.71							
2019/10/12	8	第三班	1600米	(80-60)	好地至快地	草地 - "C" 賽道	7	7	首飾大帝(V333)	薛恩	蔡約翰	125	1120	9	4-3/4	4 6 6 7	1:34.61	75	-	-	1	B	-	沙田	2.71							
2019/10/12	8	第三班	1600米	(80-60)	好地至快地	草地 - "C" 賽道	8	9	勤德兼備(A071)	潘明輝	賀賢	121	1073	12	4-3/4	13 13 12 8	1:34.64	12	-	-	+ 1	B	7	沙田	2.71							
2019/10/12	8	第三班	1600米	(80-60)	好地至快地	草地 - "C" 賽道	9	1	龍鼓飛揚(C120)	杜美爾	苗禮德	133	1147	10	5	11 7 8 9	1:34.69	16	-	-	1	XB	5	沙田	2.71							
2019/10/12	8	第三班	1600米	(80-60)	好地至快地	草地 - "C" 賽道	10	2	飈驥(C160)	李寶利	丁冠豪	131	1103	14	5-3/4	8 4 5 10	1:34.81	10	-	-	+ 1	B/H/TT	5	沙田	2.71							
2019/10/12	8	第三班	1600米	(80-60)	好地至快地	草地 - "C" 賽道	11	5	尖子(C266)	梁家俊	徐雨石	127	1068	4	8-3/4	7 9 10 11	1:35.26	62	-	-	+ 1	B	5	沙田	2.71							
2019/10/12	8	第三班	1600米	(80-60)	好地至快地	草地 - "C" 賽道	12	13	開懷大少(A278)	史卓豐	文家良	119	1149	2	9-3/4	14 14 13 12	1:35.42	75	-	-	1	B/TT	6	沙田	2.71							
2019/10/12	8	第三班	1600米	(80-60)	好地至快地	草地 - "C" 賽道	13	4	中華之光(A168)	蘇狄雄	葉楚航	126	1080	11	18-1/4	12 12 14 13	1:36.81	221	-	-	1	P-/TT	6	沙田	2.71							
2019/10/12	8	第三班	1600米	(80-60)	好地至快地	草地 - "C" 賽道	14	14	豪霸(C204)	黎海榮	沈集成	117	1097	5	23	1 2 3 14	1:37.57	269	-	-	1	TT	-	沙田	2.71							
2019/10/12	9	第二班	1000米	(100-80)	好地至快地	草地 - "C" 賽道	1	7	忠心勇士(C336)	莫雷拉	約翰摩亞	122	1244	5	-	3 3 1	0:54.69	4.3	2nd Hot	-	1	 	3	沙田	2.71	14.5			2217.5	493.0	40.0	
2019/10/12	9	第二班	1000米	(100-80)	好地至快地	草地 - "C" 賽道	2	3	仁者荃心(A157)	梁家俊	文家良	125	1132	1	2-1/2	4 5 2	0:55.08	128	-	-	1	 	6	沙田	2.71		194.5		2217.5	493.0		847.5
2019/10/12	9	第二班	1000米	(100-80)	好地至快地	草地 - "C" 賽道	3	5	常感恩(B312)	史卓豐	約翰摩亞	125	1246	12	4-1/2	11 10 3	0:55.41	7.3	-	-	2	CP	4	沙田	2.71			19.5			40.0	847.5
2019/10/12	9	第二班	1000米	(100-80)	好地至快地	草地 - "C" 賽道	4	10	凱旋來(C495)	希威森	霍利時	115	1162	14	5	5 4 4	0:55.48	110	-	-	1	 	4	沙田	2.71							
2019/10/12	9	第二班	1000米	(100-80)	好地至快地	草地 - "C" 賽道	5	8	萬事叻(C022)	陳嘉熙	告東尼	109	1132	6	5	2 1 5	0:55.50	26	-	-	+ 1	B/TT	5	沙田	2.71							
2019/10/12	9	第二班	1000米	(100-80)	好地至快地	草地 - "C" 賽道	6	6	遨遊戰士(C247)	潘頓	姚本輝	125	1124	7	5-1/4	1 2 6	0:55.53	1.7	1st Hot	-	1	TT1	4	沙田	2.71							
2019/10/12	9	第二班	1000米	(100-80)	好地至快地	草地 - "C" 賽道	7	14	團結精神(B230)	蘇狄雄	蘇偉賢	111	1181	3	5-1/2	7 8 7	0:55.58	224	-	-	1	B/TT	5	沙田	2.71							
2019/10/12	9	第二班	1000米	(100-80)	好地至快地	草地 - "C" 賽道	8	11	精彩輝煌(B411)	黃皓楠	方嘉柏	113	1088	13	6-1/2	13 13 8	0:55.73	135	-	-	2	 	5	沙田	2.71							
2019/10/12	9	第二班	1000米	(100-80)	好地至快地	草地 - "C" 賽道	9	2	皇龍大將(T400)	巫顯東	徐雨石	125	1109	2	6-3/4	10 14 9	0:55.78	132	-	-	1	B-/TT	8	沙田	2.71							
2019/10/12	9	第二班	1000米	(100-80)	好地至快地	草地 - "C" 賽道	10	4	新強勇駿(B065)	杜美爾	苗禮德	125	1051	9	6-3/4	14 12 10	0:55.78	13	-	-	1	XB	5	沙田	2.71							
2019/10/12	9	第二班	1000米	(100-80)	好地至快地	草地 - "C" 賽道	11	13	帆哥兒(B089)	楊明綸	方嘉柏	114	1085	10	7	12 9 11	0:55.81	18	-	-	1	B/H/TT	6	沙田	2.71							
2019/10/12	9	第二班	1000米	(100-80)	好地至快地	草地 - "C" 賽道	12	9	大風暴(B055)	何澤堯	韋達	116	1186	8	7-1/4	6 7 12	0:55.86	36	-	-	* 1	B/XB/TT-	-	沙田	2.71							
2019/10/12	9	第二班	1000米	(100-80)	好地至快地	草地 - "C" 賽道	13	1	樂滿家(A293)	田泰安	鄭俊偉	133	1114	11	8	8 11 13	0:55.97	61	-	-	1	B/H	6	沙田	2.71							
2019/10/12	9	第二班	1000米	(100-80)	好地至快地	草地 - "C" 賽道	14	12	紅運大師(C287)	潘明輝	蔡約翰	112	1053	4	9-1/2	9 6 14	0:56.22	68	-	-	+ 1	 	4	沙田	2.71							
2019/10/12	10	第三班	1400米	(80-60)	好地至快地	草地 - "C" 賽道	1	6	紀利雄星(C041)	莫雷拉	沈集成	121	1238	5	-	4 4 3 1	1:21.41	3.1	1st Hot	-	+ 1	B	4	沙田	2.71	14.0			114.0	45.0	88.5	
2019/10/12	10	第三班	1400米	(80-60)	好地至快地	草地 - "C" 賽道	2	3	魅影揚飛(A354)	杜美爾	姚本輝	124	1213	1	1/2	8 7 8 2	1:21.50	7.3	-	-	1	B	5	沙田	2.71		22.0		114.0	45.0		143.0
2019/10/12	10	第三班	1400米	(80-60)	好地至快地	草地 - "C" 賽道	3	8	凱旋駿驥(B430)	何澤堯	丁冠豪	117	1098	3	3/4	5 5 6 3	1:21.52	16	-	-	+ 1	B/H	5	沙田	2.71			43.0			88.5	143.0
2019/10/12	10	第三班	1400米	(80-60)	好地至快地	草地 - "C" 賽道	4	7	智力寶(B311)	李寶利	蔡約翰	121	1190	7	1	7 8 5 4	1:21.58	31	-	-	+ 1	 	5	沙田	2.71							
2019/10/12	10	第三班	1400米	(80-60)	好地至快地	草地 - "C" 賽道	5	14	健康在望(C172)	田泰安	苗禮德	113	1004	9	1-1/4	9 9 9 5	1:21.61	4.5	2nd Hot	-	1	B	4	沙田	2.71							
2019/10/12	10	第三班	1400米	(80-60)	好地至快地	草地 - "C" 賽道	6	9	綫路勇駒(A041)	希威森	告東尼	116	1172	8	1-1/2	3 2 2 6	1:21.66	16	-	-	* 1	B/H/TT	7	沙田	2.71							
2019/10/12	10	第三班	1400米	(80-60)	好地至快地	草地 - "C" 賽道	7	13	快馬飛馳(C277)	利敬國	羅富全	115	1131	6	2-1/2	6 6 7 7	1:21.83	19	-	-	+ 1	H/TT	4	沙田	2.71							
2019/10/12	10	第三班	1400米	(80-60)	好地至快地	草地 - "C" 賽道	8	4	喜佳龍(B377)	潘頓	蘇偉賢	124	1156	10	2-3/4	12 10 10 8	1:21.85	5.2	-	-	+ 1	XB/TT	5	沙田	2.71							
2019/10/12	10	第三班	1400米	(80-60)	好地至快地	草地 - "C" 賽道	9	2	劍斷浪(V142)	楊明綸	容天鵬	131	1188	4	3-1/2	2 3 4 9	1:21.99	9	-	-	+ 1	 	-	沙田	2.71							
2019/10/12	10	第三班	1400米	(80-60)	好地至快地	草地 - "C" 賽道	10	11	靚紫荊(A135)	黃皓楠	徐雨石	113	1076	2	4-1/2	10 13 13 10	1:22.11	262	-	-	+ 1	B-	7	沙田	2.71							
2019/10/12	10	第三班	1400米	(80-60)	好地至快地	草地 - "C" 賽道	11	5	家家勝意(C510)	史卓豐	鄭俊偉	124	1080	13	4-1/2	13 12 12 11	1:22.12	164	-	-	+ 1	B1	4	沙田	2.71							
2019/10/12	10	第三班	1400米	(80-60)	好地至快地	草地 - "C" 賽道	12	10	赤水神駒(V364)	陳嘉熙	葉楚航	108	1184	12	5-1/2	1 1 1 12	1:22.29	86	-	-	1	 	6	沙田	2.71							
2019/10/12	10	第三班	1400米	(80-60)	好地至快地	草地 - "C" 賽道	13	12	龍之英(C206)	潘明輝	呂健威	113	1118	11	12	11 11 11 13	1:23.34	231	-	-	+ 1	H/TT	4	沙田	2.71							
2019/10/12	10	第三班	1400米	(80-60)	好地至快地	草地 - "C" 賽道		1	白鷺飛翔(A127)	薛恩	蘇保羅	132	---	---	---	---	---	---	-	-	-	-	6	沙田	2.71							
2019/10/16	1	第五班	1800米	(40-0)	好地	草地 - "C" 賽道	1	5	駿協精英(V207)	梁家俊	何良	129	1165	5	-	3 4 3 2 1	1:50.32	9.3	-	-	1	H/SR	7	跑馬地	2.7	32.5			809.5	262.0	89.5	
2019/10/16	1	第五班	1800米	(40-0)	好地	草地 - "C" 賽道	2	11	醒目快駒(B107)	楊明綸	鄭俊偉	113	1093	11	短馬頭位	11 11 7 5 2	1:50.33	21	-	-	+ 1	H/TT2	6	跑馬地	2.7		44.0		809.5	262.0		154.0
2019/10/16	1	第五班	1800米	(40-0)	好地	草地 - "C" 賽道	3	3	金童(V232)	沈拿	呂健威	131	1063	4	3/4	10 10 11 7 3	1:50.46	5.4	2nd Hot	-	1	V	8	跑馬地	2.7			17.5			89.5	154.0
2019/10/16	1	第五班	1800米	(40-0)	好地	草地 - "C" 賽道	4	2	賞心星(C251)	莫雷拉	方嘉柏	133	1171	2	1	6 5 5 6 4	1:50.48	2.4	1st Hot	-	1	 	4	跑馬地	2.7							
2019/10/16	1	第五班	1800米	(40-0)	好地	草地 - "C" 賽道	5	1	龍騰馬躍(V202)	史卓豐	丁冠豪	133	1209	9	1-1/2	7 7 8 8 5	1:50.58	17	-	-	+ 1	B/XB	7	跑馬地	2.7							
2019/10/16	1	第五班	1800米	(40-0)	好地	草地 - "C" 賽道	6	10	競駿飛鷹(B292)	黃皓楠	霍利時	114	1229	1	1-3/4	8 8 9 11 6	1:50.60	12	-	-	1	B	5	跑馬地	2.7							
2019/10/16	1	第五班	1800米	(40-0)	好地	草地 - "C" 賽道	7	4	威震天(V119)	陳嘉熙	姚本輝	121	1118	10	2-1/4	1 1 1 1 7	1:50.67	11	-	-	1	B/TT	8	跑馬地	2.7							
2019/10/16	1	第五班	1800米	(40-0)	好地	草地 - "C" 賽道	8	9	不忘初心(B231)	黎海榮	徐雨石	117	1024	6	3-1/2	5 6 6 9 8	1:50.88	52	-	-	1	B-/H1/P2	5	跑馬地	2.7							
2019/10/16	1	第五班	1800米	(40-0)	好地	草地 - "C" 賽道	9	8	財帥(B134)	希威森	蘇保羅	119	1121	3	4-1/4	4 3 4 4 9	1:51.02	8	-	-	1	B	5	跑馬地	2.7							
2019/10/16	1	第五班	1800米	(40-0)	好地	草地 - "C" 賽道	10	7	上旺財上(A285)	何澤堯	文家良	126	1039	7	4-3/4	2 2 2 3 10	1:51.09	16	-	-	1	 	-	跑馬地	2.7							
2019/10/16	1	第五班	1800米	(40-0)	好地	草地 - "C" 賽道	11	6	綠駿精英(B448)	薛恩	葉楚航	127	1208	8	6-1/2	9 9 10 10 11	1:51.34	36	-	-	1	B2	5	跑馬地	2.7							
2019/10/16	2	第四班	1000米	(60-40)	好地	草地 - "C" 賽道	1	7	萬眾之力(C329)	利敬國	約翰摩亞	121	1036	7	-	3 3 1	0:57.18	18	-	-	+ 1	 	3	跑馬地	2.7	48.0			1136.0	276.0	736.0	
2019/10/16	2	第四班	1000米	(60-40)	好地	草地 - "C" 賽道	2	9	孖寶(C239)	蔡明紹	蘇保羅	118	1193	5	1/2	8 8 2	0:57.26	13	-	-	+ 1	XB1	4	跑馬地	2.7		32.5		1136.0	276.0		714.0
2019/10/16	2	第四班	1000米	(60-40)	好地	草地 - "C" 賽道	3	11	開心好友(B466)	潘明輝	姚本輝	113	1116	11	3/4	4 5 3	0:57.33	59	-	-	+ 1	B	4	跑馬地	2.7			120.5			736.0	714.0
2019/10/16	2	第四班	1000米	(60-40)	好地	草地 - "C" 賽道	4	10	八進(B263)	何澤堯	賀賢	116	1047	10	1-1/2	11 10 4	0:57.41	18	-	-	* 1	CP-	5	跑馬地	2.7							
2019/10/16	2	第四班	1000米	(60-40)	好地	草地 - "C" 賽道	5	6	奇妙日(B332)	田泰安	苗禮德	123	1206	12	2-1/4	7 7 5	0:57.55	12	-	-	+ 1	B/TT	6	跑馬地	2.7							
2019/10/16	2	第四班	1000米	(60-40)	好地	草地 - "C" 賽道	6	1	自由喜(B359)	潘頓	蘇偉賢	133	1169	6	2-3/4	1 2 6	0:57.64	1.9	1st Hot	-	+ 1	H/TT	5	跑馬地	2.7							
2019/10/16	2	第四班	1000米	(60-40)	好地	草地 - "C" 賽道	7	12	哈蝦王旺(B381)	史卓豐	高伯新	116	1154	2	3-3/4	5 4 7	0:57.79	6.4	-	-	1	B/TT	5	跑馬地	2.7							
2019/10/16	2	第四班	1000米	(60-40)	好地	草地 - "C" 賽道	8	3	電子傳承(C322)	梁家俊	文家良	128	1091	3	4	6 6 8	0:57.83	54	-	-	+ 1	 	4	跑馬地	2.7							
2019/10/16	2	第四班	1000米	(60-40)	好地	草地 - "C" 賽道	9	2	阿凡達(V123)	莫雷拉	徐雨石	130	1050	9	4-1/2	2 1 9	0:57.88	6.3	2nd Hot	-	* 1	V	7	跑馬地	2.7							
2019/10/16	2	第四班	1000米	(60-40)	好地	草地 - "C" 賽道	10	4	深愛(A088)	巫顯東	葉楚航	124	1033	1	6-1/4	10 11 10	0:58.17	13	-	-	* 1	 	6	跑馬地	2.7							
2019/10/16	2	第四班	1000米	(60-40)	好地	草地 - "C" 賽道	11	5	飛帥(C455)	黎海榮	何良	125	1154	4	6-3/4	12 12 11	0:58.24	93	-	-	1	H	4	跑馬地	2.7							
2019/10/16	2	第四班	1000米	(60-40)	好地	草地 - "C" 賽道	12	8	盛唐文心(C390)	希威森	霍利時	121	1026	8	7	9 9 12	0:58.30	91	-	-	* 1	TT1	3	跑馬地	2.7							
2019/10/16	3	第四班	1650米	(60-40)	好地	草地 - "C" 賽道	1	11	鑽飾神聖(A419)	田泰安	苗禮德	116	1182	7	-	8 5 7 1	1:40.28	14	-	-	1	 	6	跑馬地	2.7	37.0				805.0	224.0	40.0	27.0			
2019/10/16	3	第四班	1650米	(60-40)	好地	草地 - "C" 賽道	2	3	奇真(T093)	沈拿	霍利時	130	1136	2	2-1/4	3 3 5 2	1:40.63	11	-	-	1	 	9	跑馬地	2.7		26.0			805.0	224.0			41.0	29.5	
2019/10/16	3	第四班	1650米	(60-40)	好地	草地 - "C" 賽道	3 平頭馬	6	捉金皇(B460)	潘頓	方嘉柏	125	1123	10	2-1/4	9 10 2 3	1:40.66	5.1	-	-	+ 1	H/P	4	跑馬地	2.7			10.1				40.0		41.0		11.5
2019/10/16	3	第四班	1650米	(60-40)	好地	草地 - "C" 賽道	3 平頭馬	12	活力寶駒(B279)	莫雷拉	賀賢	115	1154	9	2-1/4	7 9 9 3	1:40.66	2.6	1st Hot	-	1	B	5	跑馬地	2.7				10.1				27.0		29.5	11.5
2019/10/16	3	第四班	1650米	(60-40)	好地	草地 - "C" 賽道	5	8	其利斷金(B426)	潘明輝	葉楚航	119	1059	6	2-3/4	2 4 6 5	1:40.71	18	-	-	+ 1	 	4	跑馬地	2.7											
2019/10/16	3	第四班	1650米	(60-40)	好地	草地 - "C" 賽道	6	1	可愛寶(T029)	蘇狄雄	葉楚航	130	1174	4	3-1/4	12 11 11 6	1:40.82	46	-	-	2	H/XB	-	跑馬地	2.7											
2019/10/16	3	第四班	1650米	(60-40)	好地	草地 - "C" 賽道	7	2	福善(C426)	李寶利	高伯新	131	1064	5	4	10 8 10 7	1:40.90	22	-	-	2	XB	4	跑馬地	2.7											
2019/10/16	3	第四班	1650米	(60-40)	好地	草地 - "C" 賽道	8	9	鑽石達人(V341)	何澤堯	告東尼	119	1145	12	4	6 7 3 8	1:40.93	21	-	-	* 1	V/TT	7	跑馬地	2.7											
2019/10/16	3	第四班	1650米	(60-40)	好地	草地 - "C" 賽道	9	10	埼豐(A083)	巫顯東	徐雨石	115	1029	1	5	1 1 1 9	1:41.07	5	2nd Hot	-	1	 	7	跑馬地	2.7											
2019/10/16	3	第四班	1650米	(60-40)	好地	草地 - "C" 賽道	10	5	快閃的(A189)	希威森	霍利時	125	1067	11	5-1/4	11 12 12 10	1:41.10	50	-	-	2	B/TT	6	跑馬地	2.7											
2019/10/16	3	第四班	1650米	(60-40)	好地	草地 - "C" 賽道	11	4	鵲橋飛渡(A247)	郭能	高伯新	129	1082	8	5-1/4	4 2 4 11	1:41.13	12	-	-	* 1	H/P/TT	6	跑馬地	2.7											
2019/10/16	3	第四班	1650米	(60-40)	好地	草地 - "C" 賽道	12	7	馬驕雄(B455)	梁家俊	蘇偉賢	122	956	3	8	5 6 8 12	1:41.55	61	-	-	* 1	 	5	跑馬地	2.7											
2019/10/16	4	第四班	1800米	(60-40)	好地	草地 - "C" 賽道	1	5	王者再現(V156)	莫雷拉	姚本輝	126	1125	11	-	4 7 7 8 1	1:49.05	11	-	-	1	V	7	跑馬地	2.7	30.5			458.0	139.0	237.0	
2019/10/16	4	第四班	1800米	(60-40)	好地	草地 - "C" 賽道	2	8	牛精輝煌(A118)	史卓豐	鄭俊偉	120	1119	9	頸位	11 10 9 3 2	1:49.10	9.3	-	-	2	H	7	跑馬地	2.7		28.0		458.0	139.0		256.0
2019/10/16	4	第四班	1800米	(60-40)	好地	草地 - "C" 賽道	3	9	蒜頭爺爺(V039)	何澤堯	葉楚航	120	1007	8	1-3/4	10 11 11 11 3	1:49.35	23	-	-	1	 	7	跑馬地	2.7			71.0			237.0	256.0
2019/10/16	4	第四班	1800米	(60-40)	好地	草地 - "C" 賽道	4	6	神州福星(B326)	希威森	羅富全	124	1023	2	2-3/4	7 5 5 5 4	1:49.47	14	-	-	1	SR-/TT	6	跑馬地	2.7							
2019/10/16	4	第四班	1800米	(60-40)	好地	草地 - "C" 賽道	5	10	劍聶風(A201)	陳嘉熙	鄭俊偉	110	1072	1	3-1/4	1 2 2 2 5	1:49.58	5.7	2nd Hot	-	1	CP	6	跑馬地	2.7							
2019/10/16	4	第四班	1800米	(60-40)	好地	草地 - "C" 賽道	6	1	開心日子(A333)	薛恩	沈集成	133	1102	3	4-3/4	9 9 10 9 6	1:49.83	15	-	-	1	B/TT	6	跑馬地	2.7							
2019/10/16	4	第四班	1800米	(60-40)	好地	草地 - "C" 賽道	7	11	神速寶(A087)	蘇狄雄	賀賢	116	1138	6	6-1/4	8 8 8 10 7	1:50.06	21	-	-	1	B	-	跑馬地	2.7							
2019/10/16	4	第四班	1800米	(60-40)	好地	草地 - "C" 賽道	8	4	力王(A065)	李寶利	霍利時	127	1055	5	6-1/4	5 6 6 7 8	1:50.07	6.5	-	-	1	 	7	跑馬地	2.7							
2019/10/16	4	第四班	1800米	(60-40)	好地	草地 - "C" 賽道	9	2	夢幻戰士(C280)	田泰安	告東尼	131	1117	7	7-1/2	3 1 1 1 9	1:50.24	6.3	-	-	+ 1	CP/H/TT	4	跑馬地	2.7							
2019/10/16	4	第四班	1800米	(60-40)	好地	草地 - "C" 賽道	10	7	盛勢(V243)	黃皓楠	葉楚航	119	1078	4	15-3/4	6 4 4 6 10	1:51.58	90	-	-	2	 	7	跑馬地	2.7							
2019/10/16	4	第四班	1800米	(60-40)	好地	草地 - "C" 賽道	11	3	自然君子(C089)	潘頓	方嘉柏	130	1163	10	23-1/2	2 3 3 4 11	1:52.80	3.4	1st Hot	-	1	B/H	5	跑馬地	2.7							
2019/10/16	5	第三班	1800米	(80-60)	好地	草地 - "C" 賽道	1	8	馬主星輝(B427)	郭能	沈集成	121	1045	7	-	2 4 5 5 1	1:49.46	20	-	-	1	B/TT	5	跑馬地	2.7	52.0			939.0	249.5	511.0	
2019/10/16	5	第三班	1800米	(80-60)	好地	草地 - "C" 賽道	2	9	榮冠大道(V378)	何澤堯	葉楚航	119	1168	3	1/2	5 6 3 1 2	1:49.57	9.4	-	-	1	V	7	跑馬地	2.7		27.0		939.0	249.5		381.0
2019/10/16	5	第三班	1800米	(80-60)	好地	草地 - "C" 賽道	3	7	金如意(A172)	蘇狄雄	蘇保羅	121	1056	2	1	8 8 9 10 3	1:49.64	45	-	-	1	 	7	跑馬地	2.7			84.5			511.0	381.0
2019/10/16	5	第三班	1800米	(80-60)	好地	草地 - "C" 賽道	4	3	黃山(C214)	利敬國	約翰摩亞	128	1254	6	1	6 9 7 6 4	1:49.64	11	-	-	2	PC-/B2/TT	-	跑馬地	2.7							
2019/10/16	5	第三班	1800米	(80-60)	好地	草地 - "C" 賽道	5	1	事勝意(T391)	杜美爾	苗禮德	130	1041	10	1-1/2	3 1 1 2 5	1:49.71	61	-	-	1	SR/TT	8	跑馬地	2.7							
2019/10/16	5	第三班	1800米	(80-60)	好地	草地 - "C" 賽道	6	2	扎西德勒(C084)	潘頓	約翰摩亞	129	1118	4	2	9 7 8 8 6	1:49.77	2.8	1st Hot	-	* 1	CP/TT	5	跑馬地	2.7							
2019/10/16	5	第三班	1800米	(80-60)	好地	草地 - "C" 賽道	7	4	鑲白旗(B336)	莫雷拉	霍利時	126	1027	1	2-1/4	4 5 6 7 7	1:49.83	3.1	2nd Hot	-	+ 1	 	6	跑馬地	2.7							
2019/10/16	5	第三班	1800米	(80-60)	好地	草地 - "C" 賽道	8	11	鴻圖巨星(C163)	陳嘉熙	羅富全	108	1052	5	2-1/2	1 2 4 3 8	1:49.85	12	-	-	1	H	5	跑馬地	2.7							
2019/10/16	5	第三班	1800米	(80-60)	好地	草地 - "C" 賽道	9	12	好計(B432)	田泰安	方嘉柏	118	1062	9	2-3/4	10 11 10 9 9	1:49.89	10	-	-	* 1	V/XB	5	跑馬地	2.7							
2019/10/16	5	第三班	1800米	(80-60)	好地	草地 - "C" 賽道	10	5	關鍵時機(C159)	貝力斯	方嘉柏	121	1124	12	3-1/4	12 12 12 12 10	1:50.00	18	-	-	2	B	5	跑馬地	2.7							
2019/10/16	5	第三班	1800米	(80-60)	好地	草地 - "C" 賽道	11	6	馬索爾(B094)	薛恩	蔡約翰	124	980	11	7-1/4	7 3 2 4 11	1:50.63	65	-	-	+ 1	P	-	跑馬地	2.7							
2019/10/16	5	第三班	1800米	(80-60)	好地	草地 - "C" 賽道	12	10	皇龍司令(C208)	希威森	霍利時	118	1098	8	15-1/4	11 10 11 11 12	1:51.92	120	-	-	2	B	5	跑馬地	2.7							
2019/10/16	5	第三班	1800米	(80-60)	好地	草地 - "C" 賽道			非常堅(T146)	巫顯東	告東尼	121	---	---	---	---	---	---	-	-	-	-	-	跑馬地	2.7							
2019/10/16	6	第四班	1200米	(60-40)	好地	草地 - "C" 賽道	1	3	活力勇士(A313)	郭能	約翰摩亞	129	1104	11	-	12 11 1	1:10.10	28	-	-	* 1	CP	6	跑馬地	2.7	76.0			1899.0	520.0	346.5	
2019/10/16	6	第四班	1200米	(60-40)	好地	草地 - "C" 賽道	2	12	全心全意(C254)	利敬國	姚本輝	116	1104	2	3/4	9 10 2	1:10.22	11	-	-	+ 1	 	4	跑馬地	2.7		36.0		1899.0	520.0		141.5
2019/10/16	6	第四班	1200米	(60-40)	好地	草地 - "C" 賽道	3	9	好利錢(A332)	田泰安	苗禮德	119	1042	4	3/4	4 3 3	1:10.23	6	2nd Hot	-	+ 1	 	-	跑馬地	2.7			20.5			346.5	141.5
2019/10/16	6	第四班	1200米	(60-40)	好地	草地 - "C" 賽道	4	1	愛馬劍(B013)	潘頓	丁冠豪	133	1023	9	3/4	10 7 4	1:10.25	4.3	1st Hot	-	+ 1	TT	6	跑馬地	2.7							
2019/10/16	6	第四班	1200米	(60-40)	好地	草地 - "C" 賽道	5	2	紅褲日(C272)	莫雷拉	鄭俊偉	131	1152	12	3/4	1 1 5	1:10.26	7.8	-	-	+ 1	B/TT	5	跑馬地	2.7							
2019/10/16	6	第四班	1200米	(60-40)	好地	草地 - "C" 賽道	6	8	旋風腿(B002)	黃皓楠	蔡約翰	118	1100	1	1-1/4	7 9 6	1:10.30	26	-	-	+ 1	PC	-	跑馬地	2.7							
2019/10/16	6	第四班	1200米	(60-40)	好地	草地 - "C" 賽道	7	11	善傳千里(A121)	蔡明紹	文家良	118	1095	10	1-1/4	6 5 7	1:10.32	8.1	-	-	+ 1	 	6	跑馬地	2.7							
2019/10/16	6	第四班	1200米	(60-40)	好地	草地 - "C" 賽道	8	5	友享友賞(A142)	何澤堯	蘇偉賢	122	1177	5	1-3/4	2 4 8	1:10.39	26	-	-	+ 1	V-/B1	6	跑馬地	2.7							
2019/10/16	6	第四班	1200米	(60-40)	好地	草地 - "C" 賽道	9	10	飛雲騅(B274)	杜美爾	方嘉柏	119	1099	3	2-1/4	5 6 9	1:10.45	8.4	-	-	* 1	SR	5	跑馬地	2.7							
2019/10/16	6	第四班	1200米	(60-40)	好地	草地 - "C" 賽道	10	7	叫座力(B267)	潘明輝	沈集成	120	1101	7	3-1/4	3 2 10	1:10.62	11	-	-	+ 1	H/TT	5	跑馬地	2.7							
2019/10/16	6	第四班	1200米	(60-40)	好地	草地 - "C" 賽道	11	6	八駿雄風(C449)	希威森	徐雨石	122	1155	6	4-1/2	8 8 11	1:10.81	48	-	-	+ 1	P-	4	跑馬地	2.7							
2019/10/16	6	第四班	1200米	(60-40)	好地	草地 - "C" 賽道	12	4	心慷慨(V394)	薛恩	葉楚航	125	1109	8	4-3/4	11 12 12	1:10.88	7.1	-	-	+ 1	XB/H2/V2	-	跑馬地	2.7							
2019/10/16	7	第三班	1200米	(80-60)	好地	草地 - "C" 賽道	1	12	明駿之星(C229)	田泰安	蔡約翰	117	1139	1	-	3 4 1	1:09.56	4.9	2nd Hot	-	* 1	B	4	跑馬地	2.7	16.5			142.0	49.5	52.0	
2019/10/16	7	第三班	1200米	(80-60)	好地	草地 - "C" 賽道	2	1	舞士精神(C180)	莫雷拉	方嘉柏	117	1142	10	3/4	4 3 2	1:09.67	5.2	-	-	+ 1	SR/TT	4	跑馬地	2.7		19.5		142.0	49.5		73.0
2019/10/16	7	第三班	1200米	(80-60)	好地	草地 - "C" 賽道	3	8	盡開顏(A317)	何澤堯	文家良	123	1039	5	1-1/4	7 7 3	1:09.76	6.6	-	-	* 1	TT	-	跑馬地	2.7			19.5			52.0	73.0
2019/10/16	7	第三班	1200米	(80-60)	好地	草地 - "C" 賽道	4	10	天生一對(C027)	史卓豐	蘇偉賢	119	1088	9	2	9 9 4	1:09.90	36	-	-	* 1	 	5	跑馬地	2.7							
2019/10/16	7	第三班	1200米	(80-60)	好地	草地 - "C" 賽道	5	11	育馬新星(C162)	黃皓楠	高伯新	114	1071	4	2-3/4	2 2 5	1:09.98	40	-	-	+ 1	CP	5	跑馬地	2.7							
2019/10/16	7	第三班	1200米	(80-60)	好地	草地 - "C" 賽道	6	2	劍追風(B261)	潘頓	約翰摩亞	132	1152	7	3	1 1 6	1:10.04	2.8	1st Hot	Big(PQ)	+ 1	TT	6	跑馬地	2.7							
2019/10/16	7	第三班	1200米	(80-60)	好地	草地 - "C" 賽道	7	7	紅星(V273)	巫顯東	葉楚航	122	1077	6	3-1/4	8 8 7	1:10.09	29	-	-	* 1	P-	7	跑馬地	2.7							
2019/10/16	7	第三班	1200米	(80-60)	好地	草地 - "C" 賽道	8	4	競駿天驕(B097)	薛恩	沈集成	129	1029	3	3-3/4	6 6 8	1:10.16	7.6	-	W P Big(PQ)	+ 1	H/TT	6	跑馬地	2.7							
2019/10/16	7	第三班	1200米	(80-60)	好地	草地 - "C" 賽道	9	3	地大大(B352)	陳嘉熙	羅富全	119	1021	2	4-1/2	5 5 9	1:10.29	22	-	-	+ 1	XB	5	跑馬地	2.7							
2019/10/16	7	第三班	1200米	(80-60)	好地	草地 - "C" 賽道	10	9	銀河飛馬(C275)	梁家俊	丁冠豪	120	1014	11	5-3/4	10 10 10	1:10.47	30	-	-	* 1	H/P	4	跑馬地	2.7							
2019/10/16	7	第三班	1200米	(80-60)	好地	草地 - "C" 賽道	11	6	真精采(C270)	希威森	呂健威	125	1176	12	8	12 12 11	1:10.86	171	-	-	+ 1	TT1	4	跑馬地	2.7							
2019/10/16	7	第三班	1200米	(80-60)	好地	草地 - "C" 賽道	12	5	家有喜事(C116)	蘇狄雄	何良	126	1076	8	8-1/2	11 11 12	1:10.92	143	-	-	* 1	H/P	5	跑馬地	2.7							
2019/10/16	7	第三班	1200米	(80-60)	好地	草地 - "C" 賽道			永同歡欣(C232)	楊明綸	容天鵬	133	---	---	---	---	---	---	-	-	-	-	5	跑馬地	2.7							
2019/10/16	8	第三班	1650米	(80-60)	好地	草地 - "C" 賽道	1	7	轉數高(C007)	潘頓	賀賢	120	1175	5	-	9 9 6 1	1:39.87	1.7	1st Hot	-	+ 1	B/XB	5	跑馬地	2.7	10.5			53.0	23.5	103.5	
2019/10/16	8	第三班	1650米	(80-60)	好地	草地 - "C" 賽道	2	9	陽明高高(B132)	何澤堯	呂健威	119	1106	10	3-1/4	10 10 8 2	1:40.40	6.7	2nd Hot	-	+ 1	 	5	跑馬地	2.7		16.5		53.0	23.5		264.0
2019/10/16	8	第三班	1650米	(80-60)	好地	草地 - "C" 賽道	3	4	歡喜心(A224)	貝力斯	蔡約翰	126	1122	3	4	5 6 3 3	1:40.50	35	-	-	* 1	 	6	跑馬地	2.7			66.0			103.5	264.0
2019/10/16	8	第三班	1650米	(80-60)	好地	草地 - "C" 賽道	4	5	共創歡樂(C210)	黎海榮	何良	125	1046	12	4-1/2	7 5 2 4	1:40.59	127	-	-	+ 1	H-/SR-	5	跑馬地	2.7							
2019/10/16	8	第三班	1650米	(80-60)	好地	草地 - "C" 賽道	5	8	快利寶(A320)	史卓豐	高伯新	119	1076	11	4-1/2	8 8 10 5	1:40.61	14	-	-	+ 1	B/H/TT	6	跑馬地	2.7							
2019/10/16	8	第三班	1650米	(80-60)	好地	草地 - "C" 賽道	6	11	大師級(C271)	楊明綸	丁冠豪	118	1116	6	4-3/4	1 1 1 6	1:40.63	35	-	-	* 1	B	4	跑馬地	2.7							
2019/10/16	8	第三班	1650米	(80-60)	好地	草地 - "C" 賽道	7	6	路路通(B256)	利敬國	羅富全	121	1165	8	6-1/4	2 4 7 7	1:40.89	12	-	-	+ 1	B	-	跑馬地	2.7							
2019/10/16	8	第三班	1650米	(80-60)	好地	草地 - "C" 賽道	8	12	雷公鑿(V279)	黃皓楠	徐雨石	115	1170	4	6-3/4	3 3 5 8	1:40.93	17	-	-	+ 1	B	7	跑馬地	2.7							
2019/10/16	8	第三班	1650米	(80-60)	好地	草地 - "C" 賽道	9	10	明月光(T369)	蔡明紹	蘇保羅	118	1045	2	10	6 7 9 9	1:41.49	10	-	-	* 1	B	8	跑馬地	2.7							
2019/10/16	8	第三班	1650米	(80-60)	好地	草地 - "C" 賽道	10	3	水火風(C211)	郭能	約翰摩亞	127	1076	7	21-1/4	4 2 4 10	1:43.27	8	-	-	* 1	XB	5	跑馬地	2.7							
2019/10/16	8	第三班	1650米	(80-60)	好地	草地 - "C" 賽道		1	有備而來(A240)	陳嘉熙	苗禮德	121	---	---	---	---	---	---	-	-	-	-	-	跑馬地	2.7							
2019/10/16	8	第三班	1650米	(80-60)	好地	草地 - "C" 賽道		2	長長友(B472)	薛恩	容天鵬	128	---	---	---	---	---	---	-	-	-	-	4	跑馬地	2.7							
2019/10/20	1	第五班	1400米	(40-0)	好地	草地 - "A" 賽道	1	9	晴朗拍檔(B071)	李寶利	霍利時	127	1086	11	-	14 13 11 1	1:21.87	7.8	-	-	+ 1	 	6	沙田	2.71	27.5			195.0	72.5	447.5	
2019/10/20	1	第五班	1400米	(40-0)	好地	草地 - "A" 賽道	2	14	得賞(B288)	潘頓	葉楚航	120	1018	1	頸位	8 6 5 2	1:21.94	3.4	1st Hot	-	+ 1	 	5	沙田	2.71		15.0		195.0	72.5		160.0
2019/10/20	1	第五班	1400米	(40-0)	好地	草地 - "A" 賽道	3	5	大眾勁駒(B074)	史卓豐	文家良	128	1152	3	1-1/4	12 8 9 3	1:22.07	24	-	-	* 1	B	5	沙田	2.71			72.0			447.5	160.0
2019/10/20	1	第五班	1400米	(40-0)	好地	草地 - "A" 賽道	4	1	安定繁盛(C064)	莫雷拉	羅富全	129	1122	7	2-3/4	4 4 3 4	1:22.33	5.8	2nd Hot	-	+ 1	CP1/TT	4	沙田	2.71							
2019/10/20	1	第五班	1400米	(40-0)	好地	草地 - "A" 賽道	5	11	依斯堅(B028)	郭能	賀賢	125	1155	9	3-1/4	5 9 7 5	1:22.39	8.4	-	-	+ 1	B	5	沙田	2.71							
2019/10/20	1	第五班	1400米	(40-0)	好地	草地 - "A" 賽道	6	4	葵涌精英(C173)	薛恩	高伯新	129	1128	5	3-1/2	10 10 10 6	1:22.42	11	-	-	+ 1	 	4	沙田	2.71							
2019/10/20	1	第五班	1400米	(40-0)	好地	草地 - "A" 賽道	7	12	領闖者(A399)	杜美爾	方嘉柏	123	1174	8	3-3/4	2 1 1 7	1:22.46	20	-	-	+ 1	XB2	-	沙田	2.71							
2019/10/20	1	第五班	1400米	(40-0)	好地	草地 - "A" 賽道	8	6	餘皇(B155)	蔡明紹	韋達	128	1074	12	4-1/4	6 5 4 8	1:22.57	10	-	-	1	 	6	沙田	2.71							
2019/10/20	1	第五班	1400米	(40-0)	好地	草地 - "A" 賽道	9	10	香江世億(A407)	利敬國	鄭俊偉	126	1176	10	5-3/4	13 12 12 9	1:22.80	18	-	-	+ 1	B/TT	-	沙田	2.71							
2019/10/20	1	第五班	1400米	(40-0)	好地	草地 - "A" 賽道	10	3	勁飛寶寶(A267)	楊明綸	容天鵬	129	1215	13	7-1/4	1 2 2 10	1:23.04	15	-	-	1	CP	6	沙田	2.71							
2019/10/20	1	第五班	1400米	(40-0)	好地	草地 - "A" 賽道	11	2	紅磚勇士(C304)	何澤堯	沈集成	123	1057	4	8	3 3 6 11	1:23.17	45	-	-	1	B/TT	4	沙田	2.71							
2019/10/20	1	第五班	1400米	(40-0)	好地	草地 - "A" 賽道	12	13	砂漿邦(A097)	蘇狄雄	何良	117	1140	2	10-1/4	7 7 8 12	1:23.50	66	-	-	1	V	-	沙田	2.71							
2019/10/20	1	第五班	1400米	(40-0)	好地	草地 - "A" 賽道	13	8	至尊大師(A357)	田泰安	告東尼	128	1270	14	11-3/4	11 14 14 13	1:23.75	13	-	-	+ 1	B/TT	6	沙田	2.71							
2019/10/20	1	第五班	1400米	(40-0)	好地	草地 - "A" 賽道	14	7	彪形鐵漢(C012)	潘明輝	蘇偉賢	126	1114	6	15-1/2	9 11 13 14	1:24.35	125	-	-	1	CP1/TT	-	沙田	2.71							
2019/10/20	1	第五班	1400米	(40-0)	好地	草地 - "A" 賽道			好醒神(C175)	巫顯東	姚本輝	126	---	---	---	---	---	---	-	-	-	-	4	沙田	2.71							
2019/10/20	2	第四班	1200米	(60-40)	好地至快地	草地 - "A" 賽道	1	1	發財寶(B220)	陳嘉熙	韋達	123	1049	2	-	2 2 1	1:08.46	4.6	2nd Hot	-	1	B/XB1	5	沙田	2.71	17.5			61.5	31.0	92.0	
2019/10/20	2	第四班	1200米	(60-40)	好地至快地	草地 - "A" 賽道	2	3	合衷共濟(B250)	薛恩	賀賢	131	1104	1	3/4	1 1 2	1:08.59	3	1st Hot	-	1	 	4	沙田	2.71		13.0		61.5	31.0		77.0
2019/10/20	2	第四班	1200米	(60-40)	好地至快地	草地 - "A" 賽道	3	9	特駒聯盟(C472)	李寶利	蔡約翰	125	1027	4	2-1/2	4 3 3	1:08.86	14	-	-	1	 	3	沙田	2.71			37.5			92.0	77.0
2019/10/20	2	第四班	1200米	(60-40)	好地至快地	草地 - "A" 賽道	4	13	馬功臣(A296)	田泰安	蘇偉賢	119	1129	11	2-3/4	5 5 4	1:08.91	17	-	-	+ 1	B/E/TT	6	沙田	2.71							
2019/10/20	2	第四班	1200米	(60-40)	好地至快地	草地 - "A" 賽道	5	2	英明勇將(T348)	何澤堯	呂健威	133	1085	3	3	7 6 5	1:08.95	7.2	-	-	+ 1	H	8	沙田	2.71							
2019/10/20	2	第四班	1200米	(60-40)	好地至快地	草地 - "A" 賽道	6	6	宜春之星(C026)	莫雷拉	丁冠豪	126	1169	14	5-1/2	6 7 6	1:09.34	5.9	-	-	+ 1	B	5	沙田	2.71							
2019/10/20	2	第四班	1200米	(60-40)	好地至快地	草地 - "A" 賽道	7	5	荷花福星(C311)	潘頓	蘇保羅	126	1112	9	6-1/2	12 11 7	1:09.50	6.9	-	-	+ 1	B	3	沙田	2.71							
2019/10/20	2	第四班	1200米	(60-40)	好地至快地	草地 - "A" 賽道	8	10	活力長勝(C498)	楊明綸	容天鵬	125	1024	13	7-3/4	13 13 8	1:09.68	257	-	-	1	 	4	沙田	2.71							
2019/10/20	2	第四班	1200米	(60-40)	好地至快地	草地 - "A" 賽道	9	14	福嘉旺旺(B302)	蘇狄雄	方嘉柏	111	1078	5	7-3/4	8 8 9	1:09.71	75	-	-	1	B-/TT-	-	沙田	2.71							
2019/10/20	2	第四班	1200米	(60-40)	好地至快地	草地 - "A" 賽道	10	4	發財福星(C413)	巫顯東	何良	127	1063	7	8-1/4	10 9 10	1:09.77	41	-	-	+ 1	H1	4	沙田	2.71							
2019/10/20	2	第四班	1200米	(60-40)	好地至快地	草地 - "A" 賽道	11	7	機智之星(D021)	沈拿	姚本輝	125	967	8	8-1/2	11 10 11	1:09.83	118	-	-	1	 	4	沙田	2.71							
2019/10/20	2	第四班	1200米	(60-40)	好地至快地	草地 - "A" 賽道	12	12	靈光八號(C154)	郭能	鄭俊偉	123	1062	10	15-1/2	9 12 12	1:10.92	285	-	-	* 1	H/XB2	4	沙田	2.71							
2019/10/20	2	第四班	1200米	(60-40)	好地至快地	草地 - "A" 賽道	13	8	海豚星(C332)	希威森	徐雨石	125	1133	6	16-3/4	3 4 13	1:11.12	112	-	-	+ 1	 	3	沙田	2.71							
2019/10/20	2	第四班	1200米	(60-40)	好地至快地	草地 - "A" 賽道	14	11	惜多福(A323)	潘明輝	苗禮德	121	1215	12	44-1/2	14 14 14	1:15.56	39	-	-	1	B	6	沙田	2.71							
2019/10/20	3	國際二級賽	1200米 		好地至快地	草地 - "A" 賽道	1	5	四季旺(V410)	利敬國	沈集成	125	1045	7	-	8 7 1	1:08.83	8.3	-	-		TT	-	沙田	2.71	19.5			108.5	37.5	86.0	
2019/10/20	3	國際二級賽	1200米 		好地至快地	草地 - "A" 賽道	2	6	美麗滿載(C003)	莫雷拉	蔡約翰	120	1164	3	短馬頭位	4 4 2	1:08.85	2.3	1st Hot	-		 	5	沙田	2.71		13.5		108.5	37.5		40.0
2019/10/20	3	國際二級賽	1200米 		好地至快地	草地 - "A" 賽道	3	4	有理共想(B180)	何澤堯	高伯新	127	1191	2	頸位	5 6 3	1:08.87	15	-	-		B	6	沙田	2.71			25.5			86.0	40.0
2019/10/20	3	國際二級賽	1200米 		好地至快地	草地 - "A" 賽道	4	2	大籐王(A061)	史卓豐	高伯新	132	1145	8	3/4	1 1 4	1:08.95	9.6	-	-		B	6	沙田	2.71							
2019/10/20	3	國際二級賽	1200米 		好地至快地	草地 - "A" 賽道	5	3	巴基之星(V325)	潘頓	蘇保羅	131	1205	4	1-3/4	6 5 5	1:09.11	3	2nd Hot	-		 	-	沙田	2.71							
2019/10/20	3	國際二級賽	1200米 		好地至快地	草地 - "A" 賽道	6	7	信心保證(B105)	田泰安	約翰摩亞	116	1244	6	3-1/4	2 2 6	1:09.33	8.7	-	-		B/XB	6	沙田	2.71							
2019/10/20	3	國際二級賽	1200米 		好地至快地	草地 - "A" 賽道	7	8	激賞(A377)	蔡明紹	蔡約翰	113	1011	1	4-1/4	3 3 7	1:09.51	51	-	-		 	5	沙田	2.71							
2019/10/20	3	國際二級賽	1200米 		好地至快地	草地 - "A" 賽道	8	1	天下為攻(A257)	薛恩	蔡約翰	133	1082	5	5	7 8 8	1:09.64	34	-	-		B-/TT1	-	沙田	2.71							
2019/10/20	4	第三班	1000米	(80-60)	好地至快地	草地 - "A" 賽道	1	4	亮先生(B179)	陳嘉熙	賀賢	118	1128	6	-	1 1 1	0:55.47	40	-	-	1	 	6	沙田	2.71	51.0			742.0	147.5	308.0	
2019/10/20	4	第三班	1000米	(80-60)	好地至快地	草地 - "A" 賽道	2	10	高耀智星(C067)	莫雷拉	苗禮德	116	1127	7	頸位	5 2 2	0:55.54	5.2	2nd Hot	-	1	 	4	沙田	2.71		13.5		742.0	147.5		50.5
2019/10/20	4	第三班	1000米	(80-60)	好地至快地	草地 - "A" 賽道	3	6	好好學習(C458)	杜美爾	呂健威	124	1081	13	2-1/2	3 4 3	0:55.87	8.7	-	-	1	H1	4	沙田	2.71			25.0			308.0	50.5
2019/10/20	4	第三班	1000米	(80-60)	好地至快地	草地 - "A" 賽道	4	11	英之星(C058)	利敬國	姚本輝	116	1150	8	3-1/4	9 10 4	0:55.97	22	-	-	+ 1	CP	4	沙田	2.71							
2019/10/20	4	第三班	1000米	(80-60)	好地至快地	草地 - "A" 賽道	5	7	極速前進(V390)	梁家俊	容天鵬	122	1230	11	3-1/2	4 6 5	0:56.04	19	-	-	2	V/TT	6	沙田	2.71							
2019/10/20	4	第三班	1000米	(80-60)	好地至快地	草地 - "A" 賽道	6	5	經典之星(C343)	潘頓	蘇偉賢	125	1184	10	5-3/4	2 3 6	0:56.39	1.4	1st Hot	-	+ 1	TT	4	沙田	2.71							
2019/10/20	4	第三班	1000米	(80-60)	好地至快地	草地 - "A" 賽道	7	8	快樂凱旋(B195)	楊明綸	容天鵬	117	1114	1	6	10 8 7	0:56.42	117	-	-	1	 	5	沙田	2.71							
2019/10/20	4	第三班	1000米	(80-60)	好地至快地	草地 - "A" 賽道	8	1	加州神箭(A417)	田泰安	告東尼	133	1092	4	6-1/4	12 13 8	0:56.48	60	-	-	1	H/TT	6	沙田	2.71							
2019/10/20	4	第三班	1000米	(80-60)	好地至快地	草地 - "A" 賽道	9	2	大武士(B216)	何澤堯	沈集成	130	1145	3	7-1/2	13 12 9	0:56.67	44	-	-	1	TT	6	沙田	2.71							
2019/10/20	4	第三班	1000米	(80-60)	好地至快地	草地 - "A" 賽道	10	12	叫關健康(A064)	蔡明紹	文家良	115	1030	2	9	7 5 10	0:56.90	65	-	-	+ 1	XB-/B	6	沙田	2.71							
2019/10/20	4	第三班	1000米	(80-60)	好地至快地	草地 - "A" 賽道	11	9	勝感(C324)	希威森	霍利時	117	1321	9	11	11 9 11	0:57.23	119	-	-	* 1	 	4	沙田	2.71							
2019/10/20	4	第三班	1000米	(80-60)	好地至快地	草地 - "A" 賽道	12	13	威先生(T334)	蘇狄雄	何良	112	1255	12	11-3/4	6 11 12	0:57.35	282	-	-	1	H/P	-	沙田	2.71							
2019/10/20	4	第三班	1000米	(80-60)	好地至快地	草地 - "A" 賽道	13	3	陽剛武士(C328)	郭能	約翰摩亞	128	1190	5	13-1/4	8 7 13	0:57.58	82	-	-	1	CP1	4	沙田	2.71							
2019/10/20	5	第四班	1600米	(60-40)	好地至快地	草地 - "A" 賽道	1	3	快樂實在(A152)	潘頓	容天鵬	131	1172	4	-	8 8 6 1	1:34.38	5.9	-	-	1	 	6	沙田	2.71	21.0			284.0	93.5	58.0	
2019/10/20	5	第四班	1600米	(60-40)	好地至快地	草地 - "A" 賽道	2	6	水箭龜(C450)	李寶利	霍利時	124	1040	11	頸位	10 9 9 2	1:34.42	7.8	-	-	1	 	4	沙田	2.71		26.5		284.0	93.5		89.5
2019/10/20	5	第四班	1600米	(60-40)	好地至快地	草地 - "A" 賽道	3	10	芙蓉莊(B339)	杜美爾	姚本輝	120	1008	5	頸位	13 11 13 3	1:34.44	4.7	1st Hot	-	1	B	5	沙田	2.71			19.0			58.0	89.5
2019/10/20	5	第四班	1600米	(60-40)	好地至快地	草地 - "A" 賽道	4	14	七寶(B314)	莫雷拉	約翰摩亞	115	1080	13	1/2	14 14 12 4	1:34.47	5.8	2nd Hot	-	1	B/TT	-	沙田	2.71							
2019/10/20	5	第四班	1600米	(60-40)	好地至快地	草地 - "A" 賽道	5	12	小福將(C096)	利敬國	沈集成	117	1050	12	1-1/2	7 7 10 5	1:34.64	7.2	-	-	1	CP	-	沙田	2.71							
2019/10/20	5	第四班	1600米	(60-40)	好地至快地	草地 - "A" 賽道	6	2	福多寶(B026)	何澤堯	賀賢	132	1117	3	2-3/4	11 12 5 6	1:34.80	9.5	-	-	* 1	B	5	沙田	2.71							
2019/10/20	5	第四班	1600米	(60-40)	好地至快地	草地 - "A" 賽道	7	11	贏馬神器(A075)	黃皓楠	葉楚航	116	1104	1	3-1/2	4 3 2 7	1:34.93	34	-	-	2	B	6	沙田	2.71							
2019/10/20	5	第四班	1600米	(60-40)	好地至快地	草地 - "A" 賽道	8	13	千里駿駒(C253)	潘明輝	葉楚航	115	1200	10	4-1/2	3 4 4 8	1:35.11	34	-	-	1	 	4	沙田	2.71							
2019/10/20	5	第四班	1600米	(60-40)	好地至快地	草地 - "A" 賽道	9	7	加州明雋(B363)	田泰安	告東尼	123	1120	14	4-3/4	2 2 1 9	1:35.14	7.1	-	-	1	TT	5	沙田	2.71							
2019/10/20	5	第四班	1600米	(60-40)	好地至快地	草地 - "A" 賽道	10	5	從頭越(B073)	史卓豐	徐雨石	126	1165	6	6-1/4	6 5 7 10	1:35.38	58	-	-	1	B	6	沙田	2.71							
2019/10/20	5	第四班	1600米	(60-40)	好地至快地	草地 - "A" 賽道	11	8	奔馳寶馬(V038)	沈拿	蘇保羅	121	1171	7	6-1/2	12 13 14 11	1:35.41	86	-	-	1	B/TT	-	沙田	2.71							
2019/10/20	5	第四班	1600米	(60-40)	好地至快地	草地 - "A" 賽道	12	1	型酒杯(A160)	郭能	方嘉柏	133	1275	9	6-3/4	9 10 11 12	1:35.48	118	-	-	* 1	V	-	沙田	2.71							
2019/10/20	5	第四班	1600米	(60-40)	好地至快地	草地 - "A" 賽道	13	4	數糊勇士(B421)	梁家俊	羅富全	129	1220	8	8-3/4	5 6 8 13	1:35.78	20	-	-	1	SR/B2	4	沙田	2.71							
2019/10/20	5	第四班	1600米	(60-40)	好地至快地	草地 - "A" 賽道	14	9	首賞(C255)	楊明綸	丁冠豪	119	1114	2	11-1/2	1 1 3 14	1:36.22	239	-	-	+ 1	H-/B/TT	4	沙田	2.71							
2019/10/20	6	第四班	1400米	(60-40)	好地至快地	草地 - "A" 賽道	1	7	綠尚飛馳(B258)	利敬國	姚本輝	124	1167	14	-	12 11 9 1	1:21.67	7.9	-	-	1	CP/TT	5	沙田	2.71	24.0			379.0	120.0	69.5	
2019/10/20	6	第四班	1400米	(60-40)	好地至快地	草地 - "A" 賽道	2	3	熱血鬥士(C360)	杜美爾	告東尼	131	1124	12	3/4	10 8 4 2	1:21.81	8.8	-	-	1	CP1/TT	5	沙田	2.71		31.0		379.0	120.0		76.0
2019/10/20	6	第四班	1400米	(60-40)	好地至快地	草地 - "A" 賽道	3	12	電訊火箭(C137)	何澤堯	徐雨石	116	1074	4	1-3/4	4 3 5 3	1:21.96	4.6	2nd Hot	W P	* 1	 	5	沙田	2.71			18.0			69.5	76.0
2019/10/20	6	第四班	1400米	(60-40)	好地至快地	草地 - "A" 賽道	4	9	金剛石(C106)	史卓豐	高伯新	123	1133	2	2	5 5 3 4	1:22.00	28	-	-	+ 1	B-/TT	4	沙田	2.71							
2019/10/20	6	第四班	1400米	(60-40)	好地至快地	草地 - "A" 賽道	5	14	種福者(B390)	潘明輝	文家良	111	1099	10	3	1 1 1 5	1:22.13	101	-	-	+ 1	B	4	沙田	2.71							
2019/10/20	6	第四班	1400米	(60-40)	好地至快地	草地 - "A" 賽道	6	4	愛添勝(B362)	薛恩	何良	128	1091	7	3	9 10 10 6	1:22.17	11	-	-	+ 1	H/XB	5	沙田	2.71							
2019/10/20	6	第四班	1400米	(60-40)	好地至快地	草地 - "A" 賽道	7	1	順意寶(B164)	潘頓	韋達	133	1148	5	3-1/4	7 7 7 7	1:22.19	3.5	1st Hot	-	+ 1	B	5	沙田	2.71							
2019/10/20	6	第四班	1400米	(60-40)	好地至快地	草地 - "A" 賽道	8	6	七十七十(B191)	田泰安	賀賢	127	1099	3	3-3/4	8 9 11 8	1:22.28	12	-	-	+ 1	 	-	沙田	2.71							
2019/10/20	6	第四班	1400米	(60-40)	好地至快地	草地 - "A" 賽道	9	8	得益良多(C353)	希威森	約翰摩亞	124	1100	13	4	2 2 2 9	1:22.31	13	-	-	+ 1	CP/XB/TT	4	沙田	2.71							
2019/10/20	6	第四班	1400米	(60-40)	好地至快地	草地 - "A" 賽道	10	2	友瑩利(C310)	郭能	蘇保羅	122	1231	1	4-1/2	6 6 8 10	1:22.41	96	-	-	1	 	4	沙田	2.71							
2019/10/20	6	第四班	1400米	(60-40)	好地至快地	草地 - "A" 賽道	11	5	乘勢歡心(C423)	梁家俊	容天鵬	128	1097	6	5-1/2	3 4 6 11	1:22.56	13	-	-	+ 1	 	4	沙田	2.71							
2019/10/20	6	第四班	1400米	(60-40)	好地至快地	草地 - "A" 賽道	12	11	出奇寶(B471)	巫顯東	苗禮德	114	1003	11	6	13 13 14 12	1:22.62	165	-	-	* 1	B	-	沙田	2.71							
2019/10/20	6	第四班	1400米	(60-40)	好地至快地	草地 - "A" 賽道	13	10	暴風俠(A123)	莫雷拉	葉楚航	119	1151	8	6-1/4	11 12 12 13	1:22.65	11	-	-	+ 1	 	6	沙田	2.71							
2019/10/20	6	第四班	1400米	(60-40)	好地至快地	草地 - "A" 賽道	14	13	塑料喜(T326)	黃皓楠	丁冠豪	113	1095	9	7-1/4	14 14 13 14	1:22.82	73	-	-	* 1	B	7	沙田	2.71							
2019/10/20	6	第四班	1400米	(60-40)	好地至快地	草地 - "A" 賽道			駿王(V423)	郭能	鄭俊偉	133	---	---	---	---	---	---	-	-	-	-	-	沙田	2.71							
2019/10/20	7	第三班	1200米	(80-60)	好地至快地	草地 - "A" 賽道	1	1	友瑩囍(B249)	莫雷拉	蔡約翰	133	1274	2	-	7 7 1	1:08.81	5.7	2nd Hot	-	+ 1	 	-	沙田	2.71	19.5			70.5	32.0	110.5	
2019/10/20	7	第三班	1200米	(80-60)	好地至快地	草地 - "A" 賽道	2	2	牛角仔(C234)	潘頓	蘇偉賢	133	1090	7	3/4	9 8 2	1:08.94	3.5	1st Hot	-	1	CP	4	沙田	2.71		15.0		70.5	32.0		71.0
2019/10/20	7	第三班	1200米	(80-60)	好地至快地	草地 - "A" 賽道	3	3	鑽飛鷹(B309)	薛恩	姚本輝	132	1192	10	3/4	1 1 3	1:08.95	8.8	-	-	+ 1	XB	-	沙田	2.71			33.0			110.5	71.0
2019/10/20	7	第三班	1200米	(80-60)	好地至快地	草地 - "A" 賽道	4	12	不羈的風(B271)	利敬國	約翰摩亞	119	1039	12	1-1/2	12 12 4	1:09.06	18	-	-	* 1	B/TT	6	沙田	2.71							
2019/10/20	7	第三班	1200米	(80-60)	好地至快地	草地 - "A" 賽道	5	11	獎進(C283)	貝力斯	方嘉柏	119	1156	6	1-3/4	3 3 5	1:09.07	8	-	-	1	TT	-	沙田	2.71							
2019/10/20	7	第三班	1200米	(80-60)	好地至快地	草地 - "A" 賽道	6	5	同樂日(B087)	巫顯東	沈集成	127	1062	8	2	6 5 6	1:09.14	9.5	-	-	+ 1	B/TT	6	沙田	2.71							
2019/10/20	7	第三班	1200米	(80-60)	好地至快地	草地 - "A" 賽道	7	6	美麗標緻(C057)	杜美爾	告東尼	128	1074	1	2-1/2	4 4 7	1:09.22	11	-	-	+ 1	B/TT1	4	沙田	2.71							
2019/10/20	7	第三班	1200米	(80-60)	好地至快地	草地 - "A" 賽道	8	8	一片光明(T268)	何澤堯	徐雨石	123	1004	14	2-1/2	10 10 8	1:09.23	23	-	-	1	 	-	沙田	2.71							
2019/10/20	7	第三班	1200米	(80-60)	好地至快地	草地 - "A" 賽道	9	13	電子群星(C132)	梁家俊	文家良	117	1029	9	3	11 14 9	1:09.28	20	-	-	1	H	4	沙田	2.71							
2019/10/20	7	第三班	1200米	(80-60)	好地至快地	草地 - "A" 賽道	10	9	智愛(A010)	田泰安	蘇保羅	121	1203	3	3	5 6 10	1:09.29	11	-	-	+ 1	B	6	沙田	2.71							
2019/10/20	7	第三班	1200米	(80-60)	好地至快地	草地 - "A" 賽道	11	4	晉神(C476)	蘇狄雄	葉楚航	129	1027	4	3-1/4	8 9 11	1:09.32	319	-	-	1	 	4	沙田	2.71							
2019/10/20	7	第三班	1200米	(80-60)	好地至快地	草地 - "A" 賽道	12	10	正本雄心(V303)	希威森	霍利時	119	1173	13	3-1/4	14 13 12	1:09.35	51	-	-	1	B/TT	6	沙田	2.71							
2019/10/20	7	第三班	1200米	(80-60)	好地至快地	草地 - "A" 賽道	13	14	傳盛(B416)	黃皓楠	呂健威	113	1213	11	4-3/4	2 2 13	1:09.57	18	-	-	+ 1	 	4	沙田	2.71							
2019/10/20	7	第三班	1200米	(80-60)	好地至快地	草地 - "A" 賽道	14	7	安承(D059)	史卓豐	韋達	123	1068	5	5-1/2	13 11 14	1:09.68	126	-	-	1	XB1	5	沙田	2.71							
2019/10/20	8	國際二級賽	1600米 		好地至快地	草地 - "A" 賽道	1	2	跳出香港(A238)	何澤堯	方嘉柏	119	1103	7	-	8 7 7 1	1:32.82	17	-	-		XB	6	沙田	2.71	28.0			375.5	73.5	36.5	
2019/10/20	8	國際二級賽	1600米 		好地至快地	草地 - "A" 賽道	2	8	夏威夷(C150)	莫雷拉	蔡約翰	115	1130	4	頸位	5 6 4 2	1:32.87	6.5	2nd Hot	-		 	5	沙田	2.71		15.0		375.5	73.5		19.0
2019/10/20	8	國際二級賽	1600米 		好地至快地	草地 - "A" 賽道	3	1	美麗傳承(V380)	潘頓	約翰摩亞	133	1146	2	2-1/4	3 3 1 3	1:33.17	1.3	1st Hot	-		B/TT	7	沙田	2.71			11.5			36.5	19.0
2019/10/20	8	國際二級賽	1600米 		好地至快地	草地 - "A" 賽道	4	9	嘉應之星(C198)	田泰安	告東尼	113	1116	8	2-1/2	1 1 2 4	1:33.22	10	-	-		CP/TT	5	沙田	2.71							
2019/10/20	8	國際二級賽	1600米 		好地至快地	草地 - "A" 賽道	5	3	川河尊駒(A252)	沈拿	方嘉柏	118	1169	5	3	4 4 5 5	1:33.29	28	-	-		V	7	沙田	2.71							
2019/10/20	8	國際二級賽	1600米 		好地至快地	草地 - "A" 賽道	6	5	鷹雄(A093)	利敬國	約翰摩亞	115	1089	6	5-1/4	9 9 9 6	1:33.66	30	-	-		XB-/B/TT2	7	沙田	2.71							
2019/10/20	8	國際二級賽	1600米 		好地至快地	草地 - "A" 賽道	7	10	翠龍(B156)	黃皓楠	徐雨石	113	1084	1	5-3/4	6 5 6 7	1:33.73	142	-	-		 	6	沙田	2.71							
2019/10/20	8	國際二級賽	1600米 		好地至快地	草地 - "A" 賽道	8	11	當家精選(V388)	蔡明紹	蔡約翰	113	1172	3	6	7 8 8 8	1:33.78	68	-	-		B	-	沙田	2.71							
2019/10/20	8	國際二級賽	1600米 		好地至快地	草地 - "A" 賽道	9	4	歡樂之光(B236)	梁家俊	羅富全	117	1167	9	7-1/4	2 2 3 9	1:33.99	35	-	-		B/TT	6	沙田	2.71							
2019/10/20	8	國際二級賽	1600米 		好地至快地	草地 - "A" 賽道	10	7	精明才子(B090)	楊明綸	羅富全	113	1130	11	7-1/2	10 10 10 10	1:34.03	140	-	-		XB	6	沙田	2.71							
2019/10/20	8	國際二級賽	1600米 		好地至快地	草地 - "A" 賽道	11	6	星洲司令(B104)	希威森	苗禮德	115	1084	10	8	11 11 11 11	1:34.12	35	-	-		SR/XB	6	沙田	2.71							
2019/10/20	9	第二班	1400米	(105-80)	好地至快地	草地 - "A" 賽道	1	11	金鎗六十(C238)	何澤堯	呂健威	116	1072	1	-	8 6 6 1	1:20.29	2.4	1st Hot	-	1	 	4	沙田	2.71	13.5			344.0	136.5	256.0	
2019/10/20	9	第二班	1400米	(105-80)	好地至快地	草地 - "A" 賽道	2	3	安騏(B109)	陳嘉熙	約翰摩亞	120	1046	4	1-1/4	1 1 1 2	1:20.48	26	-	-	2	B/TT	6	沙田	2.71		61.0		344.0	136.5		1490.0
2019/10/20	9	第二班	1400米	(105-80)	好地至快地	草地 - "A" 賽道	3	10	星運明爵(C431)	蔡明紹	方嘉柏	115	1089	5	3-1/2	4 5 5 3	1:20.84	56	-	-	+ 1	PC1/XB1	4	沙田	2.71			124.0			256.0	1490.0
2019/10/20	9	第二班	1400米	(105-80)	好地至快地	草地 - "A" 賽道	4	12	時時有餘(C465)	潘明輝	方嘉柏	111	1057	9	5-1/2	13 13 13 4	1:21.15	125	-	-	2	H1	4	沙田	2.71							
2019/10/20	9	第二班	1400米	(105-80)	好地至快地	草地 - "A" 賽道	5	5	志同道合(B287)	莫雷拉	蔡約翰	125	1131	12	5-1/2	5 4 4 5	1:21.17	3.6	2nd Hot	-	1	SR	5	沙田	2.71							
2019/10/20	9	第二班	1400米	(105-80)	好地至快地	草地 - "A" 賽道	6	9	得勝駒(B112)	沈拿	韋達	117	1111	11	5-3/4	7 7 7 6	1:21.21	31	-	-	1	B-/XB/SR1	5	沙田	2.71							
2019/10/20	9	第二班	1400米	(105-80)	好地至快地	草地 - "A" 賽道	7	7	標準猴王(B244)	田泰安	約翰摩亞	118	1225	10	6	2 2 2 7	1:21.23	13	-	-	1	XB2	5	沙田	2.71							
2019/10/20	9	第二班	1400米	(105-80)	好地至快地	草地 - "A" 賽道	8	13	紅心傾(C145)	巫顯東	告東尼	110	1043	7	6-1/4	10 11 11 8	1:21.27	24	-	-	1	B/TT	5	沙田	2.71							
2019/10/20	9	第二班	1400米	(105-80)	好地至快地	草地 - "A" 賽道	9	6	慈愛恩典(C296)	杜美爾	苗禮德	124	1188	13	6-1/4	9 10 10 9	1:21.29	113	-	-	+ 1	XB	5	沙田	2.71							
2019/10/20	9	第二班	1400米	(105-80)	好地至快地	草地 - "A" 賽道	10	4	妙算達人(B224)	潘頓	羅富全	130	1264	2	6-1/4	3 3 3 10	1:21.29	10	-	-	2	V/TT	5	沙田	2.71							
2019/10/20	9	第二班	1400米	(105-80)	好地至快地	草地 - "A" 賽道	11	8	大金庫(C146)	梁家俊	高伯新	117	1087	6	7-1/4	11 9 9 11	1:21.46	18	-	-	1	CP2/H2/TT	5	沙田	2.71							
2019/10/20	9	第二班	1400米	(105-80)	好地至快地	草地 - "A" 賽道	12	2	奔雷(B328)	利敬國	羅富全	132	1065	3	8-1/4	6 8 8 12	1:21.62	8.1	-	-	1	XB	5	沙田	2.71							
2019/10/20	9	第二班	1400米	(105-80)	好地至快地	草地 - "A" 賽道	13	1	好好瑪(B318)	薛恩	賀賢	133	1060	8	9-1/4	12 12 12 13	1:21.79	47	-	-	1	 	5	沙田	2.71							
2019/10/20	10	第三班	1400米	(80-60)	好地至快地	草地 - "A" 賽道	1	6	友誼至好(C050)	何澤堯	姚本輝	123	1031	3	-	6 6 5 1	1:20.62	8.4	-	-	* 1	XB	5	沙田	2.71	30.5			219.5	84.5	148.5	
2019/10/20	10	第三班	1400米	(80-60)	好地至快地	草地 - "A" 賽道	2	1	開心好玩(B316)	潘頓	沈集成	133	1131	12	頸位	3 2 2 2	1:20.66	4.5	2nd Hot	-	+ 1	B/TT	6	沙田	2.71		16.5		219.5	84.5		82.0
2019/10/20	10	第三班	1400米	(80-60)	好地至快地	草地 - "A" 賽道	3	8	忠心美麗(B383)	杜美爾	告東尼	120	1097	8	2-3/4	4 4 3 3	1:21.04	9.7	-	-	1	B/TT	5	沙田	2.71			28.5			148.5	82.0
2019/10/20	10	第三班	1400米	(80-60)	好地至快地	草地 - "A" 賽道	4	9	大眾歡呼(C225)	利敬國	羅富全	119	1146	7	3-1/2	5 5 6 4	1:21.18	15	-	-	+ 1	XB	4	沙田	2.71							
2019/10/20	10	第三班	1400米	(80-60)	好地至快地	草地 - "A" 賽道	5	12	佳運來(T380)	蘇狄雄	徐雨石	115	1017	1	4-1/2	11 13 12 5	1:21.32	14	-	-	+ 1	 	8	沙田	2.71							
2019/10/20	10	第三班	1400米	(80-60)	好地至快地	草地 - "A" 賽道	6	5	噴火龍(B463)	李寶利	霍利時	125	1021	13	5-1/2	13 11 11 6	1:21.49	7.5	-	-	+ 1	TT	5	沙田	2.71							
2019/10/20	10	第三班	1400米	(80-60)	好地至快地	草地 - "A" 賽道	7	3	良才(A100)	陳嘉熙	文家良	123	1111	5	6	1 1 1 7	1:21.59	23	-	-	* 1	H/P/TT	6	沙田	2.71							
2019/10/20	10	第三班	1400米	(80-60)	好地至快地	草地 - "A" 賽道	8	11	紅粉彩影(C284)	史卓豐	韋達	117	1078	10	6-1/2	8 8 8 8	1:21.65	46	-	-	+ 1	H-/XB	5	沙田	2.71							
2019/10/20	10	第三班	1400米	(80-60)	好地至快地	草地 - "A" 賽道	9	13	翡翠綠(C056)	田泰安	苗禮德	115	1112	11	6-3/4	10 10 9 9	1:21.68	3.4	1st Hot	-	+ 1	B/XB	4	沙田	2.71							
2019/10/20	10	第三班	1400米	(80-60)	好地至快地	草地 - "A" 賽道	10	7	再享耆成(B227)	楊明綸	容天鵬	121	1080	4	7	2 3 4 10	1:21.75	8.4	-	-	+ 1	B	5	沙田	2.71							
2019/10/20	10	第三班	1400米	(80-60)	好地至快地	草地 - "A" 賽道	11	10	連利之星(S093)	梁家俊	蘇保羅	119	1140	9	8-1/4	12 12 13 11	1:21.94	78	-	-	* 1	B	9	沙田	2.71							
2019/10/20	10	第三班	1400米	(80-60)	好地至快地	草地 - "A" 賽道	12	14	醒目再臨(A314)	蔡明紹	蘇偉賢	115	1163	6	8-3/4	9 9 10 12	1:22.01	67	-	-	* 1	B/H1/TT	6	沙田	2.71							
2019/10/20	10	第三班	1400米	(80-60)	好地至快地	草地 - "A" 賽道	13	2	老撾之光(C291)	沈拿	約翰摩亞	133	1021	2	9-3/4	7 7 7 13	1:22.16	207	-	-	+ 1	B	4	沙田	2.71							
2019/10/20	10	第三班	1400米	(80-60)	好地至快地	草地 - "A" 賽道		4	請跟我來(B440)	莫雷拉	蔡約翰	129	---	---	---	---	---	---	-	-	-	-	4	沙田	2.71							
2019/10/23	1	第五班	1650米	(40-0)	好地至快地	草地 - "C+3" 賽道	1	11	堅離地(A235)	田泰安	蘇偉賢	115	1075	5	-	8 8 7 1	1:39.68	8.6	-	-	+ 1	H/XB/TT	6	跑馬地	2.7	23.0			288.5	98.0	79.5	
2019/10/23	1	第五班	1650米	(40-0)	好地至快地	草地 - "C+3" 賽道	2	1	話晒事(B239)	杜美爾	告東尼	132	999	4	1/2	2 3 3 2	1:39.76	6.4	-	-	+ 1	B/TT	-	跑馬地	2.7		21.0		288.5	98.0		67.0
2019/10/23	1	第五班	1650米	(40-0)	好地至快地	草地 - "C+3" 賽道	3	10	聚歡笑(T282)	利敬國	蘇保羅	120	1049	1	1-3/4	3 4 5 3	1:39.95	5.7	2nd Hot	-	+ 1	B/H	-	跑馬地	2.7			19.0			79.5	67.0
2019/10/23	1	第五班	1650米	(40-0)	好地至快地	草地 - "C+3" 賽道	4	5	祥光普照(A273)	莫雷拉	何良	126	1017	8	1-3/4	9 10 9 4	1:39.95	2.8	1st Hot	-	+ 1	CP	-	跑馬地	2.7							
2019/10/23	1	第五班	1650米	(40-0)	好地至快地	草地 - "C+3" 賽道	5	9	葵涌老友(A012)	郭能	高伯新	121	1163	2	2-1/2	6 7 6 5	1:40.06	19	-	-	+ 1	XB-/B	7	跑馬地	2.7							
2019/10/23	1	第五班	1650米	(40-0)	好地至快地	草地 - "C+3" 賽道	6	2	為善聚樂(A249)	潘頓	鄭俊偉	131	1019	12	3	12 11 11 6	1:40.17	14	-	-	* 1	B	6	跑馬地	2.7							
2019/10/23	1	第五班	1650米	(40-0)	好地至快地	草地 - "C+3" 賽道	7	6	明德之星(B395)	希威森	賀賢	125	1042	10	3-3/4	11 12 12 7	1:40.27	38	-	-	1	 	4	跑馬地	2.7							
2019/10/23	1	第五班	1650米	(40-0)	好地至快地	草地 - "C+3" 賽道	8	12	非同凡響(B242)	蔡明紹	呂健威	113	1030	7	4	10 9 8 8	1:40.33	38	-	-	+ 1	B/H/XB2/TT	5	跑馬地	2.7							
2019/10/23	1	第五班	1650米	(40-0)	好地至快地	草地 - "C+3" 賽道	9	3	喜悅明駒(A044)	梁家俊	丁冠豪	128	1010	3	4-1/4	5 5 4 9	1:40.34	6.8	-	-	+ 1	H/TT	7	跑馬地	2.7							
2019/10/23	1	第五班	1650米	(40-0)	好地至快地	草地 - "C+3" 賽道	10	7	東山再起(B367)	巫顯東	方嘉柏	121	1124	11	8-1/2	1 1 1 10	1:41.05	23	-	-	1	CP/TT	-	跑馬地	2.7							
2019/10/23	1	第五班	1650米	(40-0)	好地至快地	草地 - "C+3" 賽道	11	4	小島怡情(T390)	史卓豐	文家良	128	1044	9	9-1/4	4 2 2 11	1:41.16	29	-	-	1	B2	8	跑馬地	2.7							
2019/10/23	1	第五班	1650米	(40-0)	好地至快地	草地 - "C+3" 賽道	12	8	中華主將(B298)	沈拿	霍利時	124	1159	6	11-3/4	7 6 10 12	1:41.54	49	-	-	+ 1	B-/V2	-	跑馬地	2.7							
2019/10/23	2	第五班	1000米	(40-0)	好地至快地	草地 - "C+3" 賽道	1	5	隨我來(B300)	沈拿	姚本輝	130	1024	1	-	2 2 1	0:57.48	3.2	1st Hot	W P	+ 1	TT1	5	跑馬地	2.7	15.0			454.5	157.0	55.5	
2019/10/23	2	第五班	1000米	(40-0)	好地至快地	草地 - "C+3" 賽道	2	3	喜奔騰(B143)	利敬國	韋達	132	1075	2	3/4	5 3 2	0:57.60	22	-	-	+ 1	 	5	跑馬地	2.7		61.0		454.5	157.0		278.0
2019/10/23	2	第五班	1000米	(40-0)	好地至快地	草地 - "C+3" 賽道	3	4	皇家魅力(A356)	杜美爾	蘇偉賢	132	1169	9	1-1/2	3 4 3	0:57.70	7.8	-	-	+ 1	CP-/SR1/TT	6	跑馬地	2.7			26.0			55.5	278.0
2019/10/23	2	第五班	1000米	(40-0)	好地至快地	草地 - "C+3" 賽道	4	2	幸運大兄(A423)	潘頓	蘇保羅	132	1059	12	1-3/4	1 1 4	0:57.74	9.3	-	-	+ 1	B/TT	5	跑馬地	2.7							
2019/10/23	2	第五班	1000米	(40-0)	好地至快地	草地 - "C+3" 賽道	5	8	金剛秀(T436)	田泰安	鄭俊偉	122	1107	7	2-1/2	10 9 5	0:57.89	18	-	-	+ 1	B	7	跑馬地	2.7							
2019/10/23	2	第五班	1000米	(40-0)	好地至快地	草地 - "C+3" 賽道	6	10	雷超(V414)	莫雷拉	霍利時	117	1020	5	2-3/4	7 8 6	0:57.92	7.3	-	-	1	TT	-	跑馬地	2.7							
2019/10/23	2	第五班	1000米	(40-0)	好地至快地	草地 - "C+3" 賽道	7	6	洪荒駿駒(A031)	薛恩	徐雨石	130	1135	3	3-3/4	4 6 7	0:58.08	4.9	2nd Hot	-	+ 1	V	6	跑馬地	2.7							
2019/10/23	2	第五班	1000米	(40-0)	好地至快地	草地 - "C+3" 賽道	8	9	大地和平(S254)	潘明輝	文家良	119	1105	10	4-1/2	9 10 8	0:58.20	68	-	-	+ 1	B/TT	9	跑馬地	2.7							
2019/10/23	2	第五班	1000米	(40-0)	好地至快地	草地 - "C+3" 賽道	9	11	做得好(A082)	梁家俊	何良	117	1189	4	5	8 7 9	0:58.26	8	-	-	1	V/XB	6	跑馬地	2.7							
2019/10/23	2	第五班	1000米	(40-0)	好地至快地	草地 - "C+3" 賽道	10	1	勁好玩(A408)	巫顯東	葉楚航	130	1035	8	5-3/4	6 5 10	0:58.41	27	-	-	+ 1	H2	6	跑馬地	2.7							
2019/10/23	2	第五班	1000米	(40-0)	好地至快地	草地 - "C+3" 賽道	11	12	吉利馬王(V305)	蔡明紹	高伯新	115	1165	11	7-1/2	11 11 11	0:58.68	21	-	-	1	B	-	跑馬地	2.7							
2019/10/23	2	第五班	1000米	(40-0)	好地至快地	草地 - "C+3" 賽道	12	7	大灣駒(C018)	貝力斯	約翰摩亞	122	1200	6	30-1/4	12 12 12	1:02.34	112	-	-	* 1	B	-	跑馬地	2.7							
2019/10/23	3	第四班	1650米	(60-40)	好地至快地	草地 - "C+3" 賽道	1	3	贏科超影(A164)	史卓豐	高伯新	133	1020	9	-	9 10 5 1	1:40.83	30	-	-	1	H/P/TT	6	跑馬地	2.7	66.5			1474.0	354.5	217.0	
2019/10/23	3	第四班	1650米	(60-40)	好地至快地	草地 - "C+3" 賽道	2	8	及時行樂(A125)	李寶利	徐雨石	123	1120	5	頸位	8 7 1 2	1:40.87	11	-	-	1	B	6	跑馬地	2.7		27.0		1474.0	354.5		70.5
2019/10/23	3	第四班	1650米	(60-40)	好地至快地	草地 - "C+3" 賽道	3	10	事必獲利(T002)	潘頓	方嘉柏	123	1149	11	1-1/2	10 9 3 3	1:41.07	4.9	-	-	+ 1	TT	-	跑馬地	2.7			16.0			217.0	70.5
2019/10/23	3	第四班	1650米	(60-40)	好地至快地	草地 - "C+3" 賽道	4	4	電路一號(B373)	巫顯東	告東尼	125	1065	4	1-3/4	1 1 2 4	1:41.11	17	-	-	1	H/TT	5	跑馬地	2.7							
2019/10/23	3	第四班	1650米	(60-40)	好地至快地	草地 - "C+3" 賽道	5	1	韻妙星(A363)	田泰安	霍利時	133	1251	2	2-1/4	7 8 9 5	1:41.21	3.8	2nd Hot	-	1	B	6	跑馬地	2.7							
2019/10/23	3	第四班	1650米	(60-40)	好地至快地	草地 - "C+3" 賽道	6	2	藍海策略(A411)	潘明輝	葉楚航	131	1058	12	2-1/2	12 11 7 6	1:41.23	15	-	-	* 1	B	6	跑馬地	2.7							
2019/10/23	3	第四班	1650米	(60-40)	好地至快地	草地 - "C+3" 賽道	7	9	醉翁意(C016)	莫雷拉	蔡約翰	123	1058	7	4-3/4	3 4 4 7	1:41.58	2.9	1st Hot	-	1	P	4	跑馬地	2.7							
2019/10/23	3	第四班	1650米	(60-40)	好地至快地	草地 - "C+3" 賽道	8	7	潮州小子(T412)	沈拿	容天鵬	124	1177	8	5-1/2	11 12 11 8	1:41.69	49	-	-	* 1	TT	8	跑馬地	2.7							
2019/10/23	3	第四班	1650米	(60-40)	好地至快地	草地 - "C+3" 賽道	9	11	盛勢(V243)	蘇狄雄	葉楚航	116	1040	1	5-3/4	5 5 12 9	1:41.73	33	-	-	3	 	7	跑馬地	2.7							
2019/10/23	3	第四班	1650米	(60-40)	好地至快地	草地 - "C+3" 賽道	10	5	拖板精英(C362)	郭能	葉楚航	127	1024	6	6-1/2	6 6 6 10	1:41.87	132	-	-	2	 	4	跑馬地	2.7							
2019/10/23	3	第四班	1650米	(60-40)	好地至快地	草地 - "C+3" 賽道	11	6	陽明滿滿(B047)	梁家俊	蘇偉賢	127	1066	3	8-3/4	4 3 10 11	1:42.24	10	-	-	* 1	TT	5	跑馬地	2.7							
2019/10/23	3	第四班	1650米	(60-40)	好地至快地	草地 - "C+3" 賽道	12	12	萬事欣(T129)	黃皓楠	何良	114	1197	10	14-1/2	2 2 8 12	1:43.17	103	-	-	1	V-/TT	8	跑馬地	2.7							
2019/10/23	4	第二班	1650米	(100-80)	好地至快地	草地 - "C+3" 賽道	1	9	幸福掌聲(C492)	莫雷拉	沈集成	118	1087	1	-	1 1 1 1	1:39.60	2.7	2nd Hot	-	+ 1	SR/TT	4	跑馬地	2.7	12.5			93.0	33.0	17.5	
2019/10/23	4	第二班	1650米	(100-80)	好地至快地	草地 - "C+3" 賽道	2	5	合拍威龍(B099)	蔡明紹	約翰摩亞	125	1165	2	3	3 3 3 2	1:40.07	7.5	-	-	+ 1	H	6	跑馬地	2.7		19.5		93.0	33.0		32.0
2019/10/23	4	第二班	1650米	(100-80)	好地至快地	草地 - "C+3" 賽道	3	2	非凡才子(C095)	潘頓	容天鵬	133	1100	3	3-1/4	2 2 2 3	1:40.13	2.5	1st Hot	-	+ 1	 	5	跑馬地	2.7			11.5			17.5	32.0
2019/10/23	4	第二班	1650米	(100-80)	好地至快地	草地 - "C+3" 賽道	4	1	喜蓮彩星(A129)	利敬國	約翰摩亞	133	1090	6	4-1/2	6 6 6 4	1:40.33	10	-	-	2	B/TT	7	跑馬地	2.7							
2019/10/23	4	第二班	1650米	(100-80)	好地至快地	草地 - "C+3" 賽道	5	8	勇敢傳說(A260)	杜美爾	告東尼	122	1167	5	7-1/2	5 5 5 5	1:40.82	17	-	-	1	B/TT	6	跑馬地	2.7							
2019/10/23	4	第二班	1650米	(100-80)	好地至快地	草地 - "C+3" 賽道	6	3	佳騰駒(B160)	貝力斯	羅富全	132	1187	9	7-3/4	8 8 7 6	1:40.86	18	-	-	1	H/TT	-	跑馬地	2.7							
2019/10/23	4	第二班	1650米	(100-80)	好地至快地	草地 - "C+3" 賽道	7	7	軍民歡(B208)	沈拿	韋達	124	1056	8	9-3/4	9 9 9 7	1:41.15	42	-	-	1	CP	6	跑馬地	2.7							
2019/10/23	4	第二班	1650米	(100-80)	好地至快地	草地 - "C+3" 賽道	8	4	邊個邊個(B412)	田泰安	蔡約翰	127	1027	7	10-1/4	7 7 8 8	1:41.24	23	-	-	1	TT	5	跑馬地	2.7							
2019/10/23	4	第二班	1650米	(100-80)	好地至快地	草地 - "C+3" 賽道	9	6	壯思飛(V110)	郭能	方嘉柏	125	1179	4	29-1/2	4 4 4 9	1:44.31	26	-	-	+ 1	 	-	跑馬地	2.7							
2019/10/23	5	第四班	1200米	(60-40)	好地至快地	草地 - "C+3" 賽道	1	1	富萬家(V286)	巫顯東	何良	130	1070	6	-	2 2 1	1:10.03	7.2	-	-	1	H/TT1	7	跑馬地	2.7	19.5			574.5	147.5	110.0	
2019/10/23	5	第四班	1200米	(60-40)	好地至快地	草地 - "C+3" 賽道	2	6	肥仔(V071)	莫雷拉	韋達	124	1157	10	1	9 8 2	1:10.19	11	-	-	1	B/XB	-	跑馬地	2.7		39.0		574.5	147.5		215.5
2019/10/23	5	第四班	1200米	(60-40)	好地至快地	草地 - "C+3" 賽道	3	7	一路順風(C453)	杜美爾	苗禮德	123	1105	12	1-1/4	3 3 3	1:10.25	10	-	-	1	 	4	跑馬地	2.7			27.5			110.0	215.5
2019/10/23	5	第四班	1200米	(60-40)	好地至快地	草地 - "C+3" 賽道	4	3	皆旺財(C278)	薛恩	沈集成	130	1125	3	1-1/2	5 5 4	1:10.27	2.4	1st Hot	-	1	TT	4	跑馬地	2.7							
2019/10/23	5	第四班	1200米	(60-40)	好地至快地	草地 - "C+3" 賽道	5	4	金碧輝煌(T076)	梁家俊	丁冠豪	126	1085	4	2	6 7 5	1:10.33	9.5	-	-	1	B/TT	9	跑馬地	2.7							
2019/10/23	5	第四班	1200米	(60-40)	好地至快地	草地 - "C+3" 賽道	6	12	超霸無敵(C256)	潘明輝	姚本輝	113	1036	1	3-1/4	4 4 6	1:10.54	14	-	-	* 2	 	4	跑馬地	2.7							
2019/10/23	5	第四班	1200米	(60-40)	好地至快地	草地 - "C+3" 賽道	7	8	勁瀟灑(C252)	史卓豐	羅富全	123	1108	7	3-1/2	8 6 7	1:10.58	21	-	-	+ 1	B/XB/TT	4	跑馬地	2.7							
2019/10/23	5	第四班	1200米	(60-40)	好地至快地	草地 - "C+3" 賽道	8	9	老友威威(T349)	潘頓	葉楚航	122	1234	8	3-1/2	11 10 8	1:10.60	5.8	2nd Hot	-	* 2	TT	8	跑馬地	2.7							
2019/10/23	5	第四班	1200米	(60-40)	好地至快地	草地 - "C+3" 賽道	9	10	自由旺(A209)	利敬國	方嘉柏	120	1108	11	4	1 1 9	1:10.67	29	-	-	* 2	H/XB	-	跑馬地	2.7							
2019/10/23	5	第四班	1200米	(60-40)	好地至快地	草地 - "C+3" 賽道	10	5	新威龍(V412)	楊明綸	高伯新	125	1203	9	5	7 9 10	1:10.83	26	-	-	* 2	CP/TT	-	跑馬地	2.7							
2019/10/23	5	第四班	1200米	(60-40)	好地至快地	草地 - "C+3" 賽道	11	11	醫生雄星(C335)	蔡明紹	賀賢	115	1054	5	7-3/4	10 11 11	1:11.27	60	-	-	1	B1	4	跑馬地	2.7							
2019/10/23	5	第四班	1200米	(60-40)	好地至快地	草地 - "C+3" 賽道		2	神州俊馬(A282)	田泰安	蘇保羅	132	---	---	---	---	---	---	-	-	-	-	6	跑馬地	2.7							
2019/10/23	6	第四班	1200米	(60-40)	好地至快地	草地 - "C+3" 賽道	1	3	快樂歡騰(B272)	潘頓	蘇偉賢	131	1158	4	-	2 2 1	1:09.67	2.1	1st Hot	-	1	H-/TT	6	跑馬地	2.7	12.5			128.0	52.0	368.0	
2019/10/23	6	第四班	1200米	(60-40)	好地至快地	草地 - "C+3" 賽道	2	5	壽臣(C326)	郭能	約翰摩亞	127	1107	5	1-1/4	5 3 2	1:09.87	14	-	-	1	B	4	跑馬地	2.7		29.0		128.0	52.0		1318.0
2019/10/23	6	第四班	1200米	(60-40)	好地至快地	草地 - "C+3" 賽道	3	6	甲烷(C469)	希威森	霍利時	125	1093	6	2	7 6 3	1:10.00	102	-	-	1	 	4	跑馬地	2.7			231.0			368.0	1318.0
2019/10/23	6	第四班	1200米	(60-40)	好地至快地	草地 - "C+3" 賽道	4	2	銀亮之星(B027)	潘明輝	何良	131	1094	9	2-1/2	10 9 4	1:10.06	21	-	-	* 2	H	6	跑馬地	2.7							
2019/10/23	6	第四班	1200米	(60-40)	好地至快地	草地 - "C+3" 賽道	5	4	喜勝駒(B167)	史卓豐	方嘉柏	127	1077	1	3-1/4	4 4 5	1:10.17	5.3	-	-	1	TT	5	跑馬地	2.7							
2019/10/23	6	第四班	1200米	(60-40)	好地至快地	草地 - "C+3" 賽道	6	10	多多(C109)	李寶利	蔡約翰	122	1033	10	4-3/4	9 10 6	1:10.42	33	-	-	* 2	H	4	跑馬地	2.7							
2019/10/23	6	第四班	1200米	(60-40)	好地至快地	草地 - "C+3" 賽道	7	12	東龍陣(B394)	楊明綸	容天鵬	115	1080	11	5	12 12 7	1:10.46	49	-	-	* 1	V-/TT	4	跑馬地	2.7							
2019/10/23	6	第四班	1200米	(60-40)	好地至快地	草地 - "C+3" 賽道	8	11	大運舞台(T256)	黃皓楠	鄭俊偉	118	1112	7	5	11 11 8	1:10.46	120	-	-	+ 1	B	9	跑馬地	2.7							
2019/10/23	6	第四班	1200米	(60-40)	好地至快地	草地 - "C+3" 賽道	9	8	燈胆精英(A183)	蘇狄雄	葉楚航	121	1179	8	6	8 8 9	1:10.63	22	-	-	* 1	B2	6	跑馬地	2.7							
2019/10/23	6	第四班	1200米	(60-40)	好地至快地	草地 - "C+3" 賽道	10	7	總統之星(C170)	蔡明紹	沈集成	125	1055	3	6-3/4	6 7 10	1:10.76	77	-	-	* 2	B/TT	4	跑馬地	2.7							
2019/10/23	6	第四班	1200米	(60-40)	好地至快地	草地 - "C+3" 賽道	11	1	鑽得旺(C144)	莫雷拉	姚本輝	133	1190	2	7-1/4	1 1 11	1:10.82	4	2nd Hot	W P	+ 1	CP/TT	5	跑馬地	2.7							
2019/10/23	6	第四班	1200米	(60-40)	好地至快地	草地 - "C+3" 賽道	12	9	牛精大哥(C034)	田泰安	告東尼	123	1104	12	8-1/4	3 5 12	1:11.01	17	-	-	1	B/TT	4	跑馬地	2.7							
2019/10/23	7	第三班	1650米	(80-60)	好地至快地	草地 - "C+3" 賽道	1	12	盈嘉輝(C080)	利敬國	徐雨石	117	1033	7	-	7 8 7 1	1:39.58	15	-	-	+ 1	B/TT	5	跑馬地	2.7	40.0			9147.5	1791.0	74.0	
2019/10/23	7	第三班	1650米	(80-60)	好地至快地	草地 - "C+3" 賽道	2	11	超趣(C285)	貝力斯	霍利時	120	1083	8	頸位	10 10 10 2	1:39.62	159	-	-	1	H	5	跑馬地	2.7		280.5		9147.5	1791.0		715.5
2019/10/23	7	第三班	1650米	(80-60)	好地至快地	草地 - "C+3" 賽道	3	6	精神威(C345)	潘頓	羅富全	125	1140	6	2	2 4 4 3	1:39.92	2.6	1st Hot	-	+ 1	 	4	跑馬地	2.7			12.0			74.0	715.5
2019/10/23	7	第三班	1650米	(80-60)	好地至快地	草地 - "C+3" 賽道	4	5	翡翠福星(V020)	梁家俊	文家良	126	1118	4	3-1/2	8 7 9 4	1:40.13	30	-	-	+ 1	B	7	跑馬地	2.7							
2019/10/23	7	第三班	1650米	(80-60)	好地至快地	草地 - "C+3" 賽道	5	9	心中有您(B283)	薛恩	何良	122	1066	5	3-1/2	5 6 3 5	1:40.15	6.7	-	-	1	H/V	5	跑馬地	2.7							
2019/10/23	7	第三班	1650米	(80-60)	好地至快地	草地 - "C+3" 賽道	6	1	吉金寶(C298)	杜美爾	苗禮德	133	1067	9	3-1/2	11 11 8 6	1:40.16	5.9	2nd Hot	-	+ 1	B/XB	5	跑馬地	2.7							
2019/10/23	7	第三班	1650米	(80-60)	好地至快地	草地 - "C+3" 賽道	7	8	龍船(V186)	史卓豐	鄭俊偉	123	1095	11	3-1/2	3 2 1 7	1:40.16	34	-	-	* 1	TT	7	跑馬地	2.7							
2019/10/23	7	第三班	1650米	(80-60)	好地至快地	草地 - "C+3" 賽道	8	3	守正用奇(C196)	郭能	方嘉柏	127	1051	2	4-3/4	6 5 6 8	1:40.34	6.4	-	-	* 1	 	-	跑馬地	2.7							
2019/10/23	7	第三班	1650米	(80-60)	好地至快地	草地 - "C+3" 賽道	9	10	勁加加(B319)	莫雷拉	賀賢	121	1023	10	5-1/2	12 12 12 9	1:40.45	10	-	-	+ 1	PC-/H/P1	5	跑馬地	2.7							
2019/10/23	7	第三班	1650米	(80-60)	好地至快地	草地 - "C+3" 賽道	10	4	勁有波幅(V081)	沈拿	呂健威	126	1152	1	5-3/4	9 9 11 10	1:40.50	15	-	-	* 1	B2	-	跑馬地	2.7							
2019/10/23	7	第三班	1650米	(80-60)	好地至快地	草地 - "C+3" 賽道	11	7	盈豐飛駒(B205)	蔡明紹	姚本輝	124	1122	12	7-1/4	4 1 2 11	1:40.76	75	-	-	1	B/TT	-	跑馬地	2.7							
2019/10/23	7	第三班	1650米	(80-60)	好地至快地	草地 - "C+3" 賽道	12	2	加州銀晉(C042)	田泰安	告東尼	130	1126	3	9-1/2	1 3 5 12	1:41.11	20	-	-	* 1	H/TT	5	跑馬地	2.7							
2019/10/23	7	第三班	1650米	(80-60)	好地至快地	草地 - "C+3" 賽道			萬利高(V396)	黃皓楠	蘇保羅	116	---	---	---	---	---	---	-	-	-	-	7	跑馬地	2.7							
2019/10/23	8	第三班	1200米	(80-60)	好地至快地	草地 - "C+3" 賽道	1	5	天地人(B403)	莫雷拉	何良	129	1128	1	-	1 1 1	1:09.72	1.7	1st Hot	-	+ 1	CP/H/XB	4	跑馬地	2.7	11.5			80.0	39.5	40.0	
2019/10/23	8	第三班	1200米	(80-60)	好地至快地	草地 - "C+3" 賽道	2	7	會長之星(C205)	郭能	約翰摩亞	126	1127	6	1	4 5 2	1:09.89	11	-	-	+ 1	CP1/TT	4	跑馬地	2.7		24.0		80.0	39.5		162.0
2019/10/23	8	第三班	1200米	(80-60)	好地至快地	草地 - "C+3" 賽道	3	1	育馬妙星(V197)	田泰安	霍利時	133	1169	2	2-3/4	3 3 3	1:10.18	10	-	-	+ 1	H	-	跑馬地	2.7			26.0			40.0	162.0
2019/10/23	8	第三班	1200米	(80-60)	好地至快地	草地 - "C+3" 賽道	4	3	醒目勇駒(B456)	薛恩	告東尼	132	1144	4	3-1/4	7 6 4	1:10.23	10	-	-	* 1	B/TT	5	跑馬地	2.7							
2019/10/23	8	第三班	1200米	(80-60)	好地至快地	草地 - "C+3" 賽道	5	9	首飾大聖(B378)	蔡明紹	蔡約翰	123	1088	11	3-3/4	6 4 5	1:10.33	20	-	-	+ 1	 	5	跑馬地	2.7							
2019/10/23	8	第三班	1200米	(80-60)	好地至快地	草地 - "C+3" 賽道	6	4	翡翠劇院(A040)	梁家俊	文家良	131	1087	9	4	11 11 6	1:10.36	69	-	-	* 1	B	6	跑馬地	2.7							
2019/10/23	8	第三班	1200米	(80-60)	好地至快地	草地 - "C+3" 賽道	7	2	同進(V315)	潘頓	方嘉柏	132	1147	3	4-1/2	8 8 7	1:10.46	6.7	2nd Hot	-	* 1	 	7	跑馬地	2.7							
2019/10/23	8	第三班	1200米	(80-60)	好地至快地	草地 - "C+3" 賽道	8	8	騰龍超影(T372)	杜美爾	蘇保羅	125	1145	12	5	10 9 8	1:10.51	25	-	-	* 1	V/TT	8	跑馬地	2.7							
2019/10/23	8	第三班	1200米	(80-60)	好地至快地	草地 - "C+3" 賽道	9	11	雙天至尊(C293)	潘明輝	呂健威	120	1229	7	5	9 10 9	1:10.52	61	-	-	* 1	TT	5	跑馬地	2.7							
2019/10/23	8	第三班	1200米	(80-60)	好地至快地	草地 - "C+3" 賽道	10	12	原班人馬(C164)	巫顯東	葉楚航	114	1064	10	6	12 12 10	1:10.68	176	-	-	* 1	TT	5	跑馬地	2.7							
2019/10/23	8	第三班	1200米	(80-60)	好地至快地	草地 - "C+3" 賽道	11	6	綠色高山(C448)	利敬國	沈集成	127	1115	8	6-1/2	2 2 11	1:10.75	13	-	-	+ 1	H1/TT1	-	跑馬地	2.7							
2019/10/23	8	第三班	1200米	(80-60)	好地至快地	草地 - "C+3" 賽道	12	10	大當家(B145)	蘇狄雄	蘇偉賢	120	1068	5	6-3/4	5 7 12	1:10.81	127	-	-	* 1	TT	5	跑馬地	2.7							
2019/10/23	9	第二班	1200米	(100-80)	好地至快地	草地 - "C+3" 賽道	1	5	鑽得勁(A391)	沈拿	姚本輝	127	1113	2	-	6 7 1	1:09.25	51	-	-	* 1	 	6	跑馬地	2.7	75.5			7731.0	1541.0	94.5	
2019/10/23	9	第二班	1200米	(100-80)	好地至快地	草地 - "C+3" 賽道	2	12	順勢寶(V310)	潘明輝	賀賢	115	1041	10	短馬頭位	12 11 2	1:09.26	42	-	-	+ 1	B	-	跑馬地	2.7		88.5		7731.0	1541.0		149.0
2019/10/23	9	第二班	1200米	(100-80)	好地至快地	草地 - "C+3" 賽道	3	1	怡昌寶寶(C273)	潘頓	丁冠豪	133	1202	1	1-1/4	2 2 3	1:09.44	1.5	1st Hot	-	+ 1	 	4	跑馬地	2.7			11.0			94.5	149.0
2019/10/23	9	第二班	1200米	(100-80)	好地至快地	草地 - "C+3" 賽道	4	3	弛曜風(C028)	莫雷拉	蔡約翰	128	1117	5	1-1/4	7 9 4	1:09.45	6.4	2nd Hot	-	+ 1	E/TT	4	跑馬地	2.7							
2019/10/23	9	第二班	1200米	(100-80)	好地至快地	草地 - "C+3" 賽道	5	6	禾道駒(B253)	田泰安	告東尼	124	1088	8	2-3/4	10 10 5	1:09.68	21	-	-	+ 1	B/TT	5	跑馬地	2.7							
2019/10/23	9	第二班	1200米	(100-80)	好地至快地	草地 - "C+3" 賽道	6	9	凱旋來(C495)	希威森	霍利時	118	1154	3	3	4 4 6	1:09.72	20	-	-	1	 	4	跑馬地	2.7							
2019/10/23	9	第二班	1200米	(100-80)	好地至快地	草地 - "C+3" 賽道	7	10	騰龍駒(B349)	利敬國	苗禮德	117	1095	9	3-1/4	8 5 7	1:09.75	25	-	-	+ 1	B	5	跑馬地	2.7							
2019/10/23	9	第二班	1200米	(100-80)	好地至快地	草地 - "C+3" 賽道	8	2	百勝龍(V356)	蔡明紹	呂健威	129	1188	7	3-3/4	11 12 8	1:09.86	12	-	-	+ 1	B/H/TT	7	跑馬地	2.7							
2019/10/23	9	第二班	1200米	(100-80)	好地至快地	草地 - "C+3" 賽道	9	11	大風暴(B055)	楊明綸	韋達	117	1179	4	4-1/2	5 6 9	1:09.98	51	-	-	+ 1	B/XB	-	跑馬地	2.7							
2019/10/23	9	第二班	1200米	(100-80)	好地至快地	草地 - "C+3" 賽道	10	4	競技勇士(B285)	薛恩	葉楚航	127	1149	6	5-1/4	9 8 10	1:10.07	39	-	-	+ 1	B	5	跑馬地	2.7							
2019/10/23	9	第二班	1200米	(100-80)	好地至快地	草地 - "C+3" 賽道	11	7	年年旺(C122)	梁家俊	高伯新	120	1189	11	5-1/4	3 3 11	1:10.08	9.7	-	-	+ 1	B/XB	5	跑馬地	2.7							
2019/10/23	9	第二班	1200米	(100-80)	好地至快地	草地 - "C+3" 賽道	12	8	極速駿馬(B211)	史卓豐	羅富全	123	1165	12	6-1/4	1 1 12	1:10.24	75	-	-	1	B/TT	5	跑馬地	2.7							
2019/10/23	9	第二班	1200米	(100-80)	好地至快地	草地 - "C+3" 賽道			新力寶(A379)	史卓豐	約翰摩亞	120	---	---	---	---	---	---	-	-	-	-	5	跑馬地	2.7							
2019/10/27	1	第五班	1200米	(40-0)	好地	全天候跑道	1	10	樂多福(A208)	巫顯東	何良	116	1180	9	-	1 1 1	1:09.90	10	-	-	* 1	V	6	沙田	0	30.0			365.5	105.0	84.5	
2019/10/27	1	第五班	1200米	(40-0)	好地	全天候跑道	2	11	樂無極(B277)	潘明輝	文家良	114	1095	6	2	8 7 2	1:10.24	10	-	-	+ 1	V	5	沙田	0		30.0		365.5	105.0		73.5
2019/10/27	1	第五班	1200米	(40-0)	好地	全天候跑道	3	5	洪荒駿駒(A031)	莫雷拉	徐雨石	130	1139	2	2-1/2	6 4 3	1:10.30	4.3	2nd Hot	-	+ 1	V	6	沙田	0			18.5			84.5	73.5
2019/10/27	1	第五班	1200米	(40-0)	好地	全天候跑道	4	1	勁快步(A053)	史卓豐	高伯新	133	1135	5	2-1/2	3 3 4	1:10.31	7.9	-	-	+ 1	B	7	沙田	0							
2019/10/27	1	第五班	1200米	(40-0)	好地	全天候跑道	5	6	為您贏(B157)	郭能	鄭俊偉	130	1246	8	2-3/4	4 5 5	1:10.33	7.8	-	-	+ 1	B2	-	沙田	0							
2019/10/27	1	第五班	1200米	(40-0)	好地	全天候跑道	6	3	餘皇(B155)	沈拿	韋達	131	1076	7	5-1/2	7 9 6	1:10.77	3.2	1st Hot	-	+ 1	B2	6	沙田	0							
2019/10/27	1	第五班	1200米	(40-0)	好地	全天候跑道	7	9	神火金剛(B004)	黃皓楠	葉楚航	119	1048	11	5-1/2	11 10 7	1:10.78	60	-	-	2	PC1	6	沙田	0							
2019/10/27	1	第五班	1200米	(40-0)	好地	全天候跑道	8	12	不忘初心(B231)	黎海榮	徐雨石	113	1034	10	6-3/4	10 11 8	1:10.98	47	-	-	2	P-/H/PC1	5	沙田	0							
2019/10/27	1	第五班	1200米	(40-0)	好地	全天候跑道	9	7	眾善積福(B334)	梁家俊	蘇偉賢	127	1110	1	7	2 2 9	1:11.00	44	-	-	+ 1	CP/TT	5	沙田	0							
2019/10/27	1	第五班	1200米	(40-0)	好地	全天候跑道	10	4	幸運飛駒(A092)	潘頓	文家良	131	1089	3	8-1/2	5 6 10	1:11.24	8.8	-	-	2	TT	8	沙田	0							
2019/10/27	1	第五班	1200米	(40-0)	好地	全天候跑道	11	8	蜜運(B341)	利敬國	葉楚航	126	1037	4	17-1/4	9 8 11	1:12.65	18	-	-	+ 1	B/TT	-	沙田	0							
2019/10/27	1	第五班	1200米	(40-0)	好地	全天候跑道		2	越跑越好(T140)	薛恩	蘇保羅	132	---	---	---	---	---	---	-	-	-	-	-	沙田	0							
2019/10/27	2	第四班	1800米	(60-40)	好地	全天候跑道	1	7	埼豐(A083)	黃皓楠	徐雨石	118	1030	8	-	1 1 1 1 1	1:49.65	42	-	-	1	 	7	沙田	0	82.5			1465.5	424.5	153.5	
2019/10/27	2	第四班	1800米	(60-40)	好地	全天候跑道	2	8	劍聶風(A201)	利敬國	鄭俊偉	120	1065	3	3/4	2 4 4 4 2	1:49.79	15	-	-	1	CP	6	沙田	0		41.0		1465.5	424.5		64.5
2019/10/27	2	第四班	1800米	(60-40)	好地	全天候跑道	3	9	高瞻遠矚(B345)	莫雷拉	約翰摩亞	118	1008	2	1	5 6 6 6 3	1:49.82	2.4	1st Hot	-	1	B-/PC2	4	沙田	0			12.0			153.5	64.5
2019/10/27	2	第四班	1800米	(60-40)	好地	全天候跑道	4	4	喜盈運(V337)	梁家俊	何良	123	1119	9	1-1/4	4 2 2 3 4	1:49.84	14	-	-	1	H/TT	7	沙田	0							
2019/10/27	2	第四班	1800米	(60-40)	好地	全天候跑道	5	1	安賦(B353)	潘頓	方嘉柏	133	1090	7	1-3/4	7 7 7 7 5	1:49.91	6	-	-	+ 1	V	6	沙田	0							
2019/10/27	2	第四班	1800米	(60-40)	好地	全天候跑道	6	6	南莊瑞寶(B428)	楊明綸	呂健威	122	1176	4	2-1/4	6 5 5 5 6	1:50.01	4.2	2nd Hot	-	+ 1	B/H	5	沙田	0							
2019/10/27	2	第四班	1800米	(60-40)	好地	全天候跑道	7	3	跑得威(C127)	薛恩	沈集成	123	1086	1	3	3 3 3 2 7	1:50.11	8.6	-	-	1	B/TT	5	沙田	0							
2019/10/27	2	第四班	1800米	(60-40)	好地	全天候跑道	8	2	好腳頭(S131)	郭能	羅富全	133	1172	6	4-1/2	9 9 9 9 8	1:50.39	15	-	-	1	PC/TT	9	沙田	0							
2019/10/27	2	第四班	1800米	(60-40)	好地	全天候跑道	9	5	新界之星(A081)	蔡明紹	姚本輝	123	1048	10	7	10 10 10 10 9	1:50.76	24	-	-	+ 1	 	6	沙田	0							
2019/10/27	2	第四班	1800米	(60-40)	好地	全天候跑道	10	10	出奇寶(B471)	潘明輝	苗禮德	116	1001	5	7	8 8 8 8 10	1:50.77	44	-	-	1	B	-	沙田	0							
2019/10/27	3	第五班	1650米	(40-0)	好地	全天候跑道	1	10	金獅雷將(A325)	沈拿	韋達	118	1025	7	-	2 3 2 1	1:40.24	6.6	-	-	+ 1	B/H/XB	-	沙田	0	18.5			1867.0	553.5	125.5	
2019/10/27	3	第五班	1650米	(40-0)	好地	全天候跑道	2	14	易勝相吸(B275)	楊明綸	鄭俊偉	113	1143	6	短馬頭位	1 2 1 2	1:40.26	65	-	-	2	B-/PC2/TT	-	沙田	0		164.0		1867.0	553.5		1022.0
2019/10/27	3	第五班	1650米	(40-0)	好地	全天候跑道	3	1	探險家(C008)	史卓豐	徐雨石	133	1102	11	1	10 12 6 3	1:40.41	11	-	-	+ 1	 	4	沙田	0			35.5			125.5	1022.0
2019/10/27	3	第五班	1650米	(40-0)	好地	全天候跑道	4	11	神乎其技(A174)	莫雷拉	苗禮德	116	1044	12	4-1/4	11 10 11 4	1:40.91	5.2	2nd Hot	-	+ 1	B	6	沙田	0							
2019/10/27	3	第五班	1650米	(40-0)	好地	全天候跑道	5	12	黃埔之星(B146)	黃皓楠	徐雨石	113	1159	3	5-1/4	8 7 9 5	1:41.07	17	-	-	2	PC	-	沙田	0							
2019/10/27	3	第五班	1650米	(40-0)	好地	全天候跑道	6	3	帝豪寶駒(C035)	潘頓	蘇偉賢	130	1166	2	5-1/4	4 5 4 6	1:41.09	3.6	1st Hot	-	+ 1	PC/TT	5	沙田	0							
2019/10/27	3	第五班	1650米	(40-0)	好地	全天候跑道	7	9	小奇妙(T298)	貝力斯	文家良	119	1210	10	5-3/4	5 9 8 7	1:41.14	37	-	-	1	CP/TT	-	沙田	0							
2019/10/27	3	第五班	1650米	(40-0)	好地	全天候跑道	8	8	萬霸駒(A186)	希威森	蘇保羅	120	1115	8	10-1/2	13 14 14 8	1:41.90	16	-	-	2	B/TT	-	沙田	0							
2019/10/27	3	第五班	1650米	(40-0)	好地	全天候跑道	9	7	福嘉旺旺(B302)	李寶利	方嘉柏	131	1060	5	11-1/4	14 13 13 9	1:42.02	14	-	-	3	 	-	沙田	0							
2019/10/27	3	第五班	1650米	(40-0)	好地	全天候跑道	10	5	執到笑(B130)	蔡明紹	蘇保羅	127	1162	4	14-1/2	12 11 12 10	1:42.55	5.8	-	-	+ 1	B/TT	5	沙田	0							
2019/10/27	3	第五班	1650米	(40-0)	好地	全天候跑道	11	13	勝利新星(B133)	潘明輝	方嘉柏	111	1156	1	15-3/4	3 4 7 11	1:42.74	92	-	-	* 1	PC/TT	-	沙田	0							
2019/10/27	3	第五班	1650米	(40-0)	好地	全天候跑道	12	4	得意(C174)	利敬國	葉楚航	128	1189	14	17	6 1 3 12	1:42.96	36	-	-	1	B/TT	4	沙田	0							
2019/10/27	3	第五班	1650米	(40-0)	好地	全天候跑道	13	6	向前看(B331)	梁家俊	鄭俊偉	124	1129	13	25	7 6 5 13	1:44.26	23	-	-	1	TT	6	沙田	0							
2019/10/27	3	第五班	1650米	(40-0)	好地	全天候跑道	14	2	協力神駒(B364)	郭能	高伯新	132	1125	9	25-3/4	9 8 10 14	1:44.35	36	-	-	+ 1	H-/PC-	-	沙田	0							
2019/10/27	3	第五班	1650米	(40-0)	好地	全天候跑道			東山再起(B367)	李寶利	方嘉柏	124	---	---	---	---	---	---	-	-	-	-	-	沙田	0							
2019/10/27	4	第二班	1650米	(100-80)	好地	全天候跑道	1	1	烽煙四喜(A036)	莫雷拉	苗禮德	131	1139	2	-	5 5 4 1	1:38.52	2.3	1st Hot	-	1	TT	6	沙田	0	11.5			48.5	20.5	44.0	
2019/10/27	4	第二班	1650米	(100-80)	好地	全天候跑道	2	7	二郎(C019)	利敬國	約翰摩亞	121	1183	4	1-3/4	1 1 1 2	1:38.79	4.1	2nd Hot	-	+ 1	H/TT	4	沙田	0		16.0		48.5	20.5		68.0
2019/10/27	4	第二班	1650米	(100-80)	好地	全天候跑道	3	3	都靈紅星(B092)	梁家俊	羅富全	130	1151	1	1-3/4	3 3 3 3	1:38.81	14	-	-	2	CP/TT	6	沙田	0			32.5			44.0	68.0
2019/10/27	4	第二班	1650米	(100-80)	好地	全天候跑道	4	5	精算閃擊(B147)	李寶利	蔡約翰	127	1115	3	3-3/4	2 2 2 4	1:39.12	9.2	-	-	+ 1	H	6	沙田	0							
2019/10/27	4	第二班	1650米	(100-80)	好地	全天候跑道	5	2	紅衣優駿(A039)	蔡明紹	羅富全	130	1200	7	4-1/4	6 6 6 5	1:39.21	32	-	-	3	B	6	沙田	0							
2019/10/27	4	第二班	1650米	(100-80)	好地	全天候跑道	6	4	逍遙自在(B210)	潘頓	羅富全	129	1109	8	4-1/2	8 8 8 6	1:39.25	5	-	-	1	 	6	沙田	0							
2019/10/27	4	第二班	1650米	(100-80)	好地	全天候跑道	7	8	傑彩繽紛(B457)	貝力斯	蔡約翰	121	1037	9	5-1/4	9 9 9 7	1:39.35	27	-	-	2	B	5	沙田	0							
2019/10/27	4	第二班	1650米	(100-80)	好地	全天候跑道	8	6	綫路光輝(A402)	巫顯東	告東尼	122	1045	6	7	4 4 5 8	1:39.65	14	-	-	+ 1	H/TT	6	沙田	0							
2019/10/27	4	第二班	1650米	(100-80)	好地	全天候跑道	9	9	威進駒(A326)	楊明綸	呂健威	118	1144	5	7-1/2	7 7 7 9	1:39.71	54	-	-	1	 	6	沙田	0							
2019/10/27	5	第四班	1200米	(60-40)	好地	全天候跑道	1	12	超然(V255)	利敬國	鄭俊偉	114	1079	8	-	8 8 1	1:09.55	5.4	-	-	1	 	7	沙田	0	20.0			462.5	147.5	133.0	
2019/10/27	5	第四班	1200米	(60-40)	好地	全天候跑道	2	4	精算八方(A221)	薛恩	蔡約翰	129	1133	3	3/4	7 4 2	1:09.69	18	-	-	+ 1	P-/XB/PC1	6	沙田	0		42.0		462.5	147.5		334.0
2019/10/27	5	第四班	1200米	(60-40)	好地	全天候跑道	3	3	盈華盛甲(A179)	潘頓	賀賢	129	1108	10	2-3/4	11 11 3	1:10.00	18	-	-	+ 1	B	6	沙田	0			51.5			133.0	334.0
2019/10/27	5	第四班	1200米	(60-40)	好地	全天候跑道	4	8	為食格格(C312)	梁家俊	蘇偉賢	120	1258	9	4-3/4	9 9 4	1:10.32	18	-	-	* 2	TT	4	沙田	0							
2019/10/27	5	第四班	1200米	(60-40)	好地	全天候跑道	5	1	金地飛客(V161)	蘇狄雄	蘇保羅	131	1222	5	6	12 10 5	1:10.51	21	-	-	* 2	 	7	沙田	0							
2019/10/27	5	第四班	1200米	(60-40)	好地	全天候跑道	6	7	金湶德(A427)	郭能	霍利時	124	1069	1	6-1/2	3 1 6	1:10.58	26	-	-	+ 2	B	-	沙田	0							
2019/10/27	5	第四班	1200米	(60-40)	好地	全天候跑道	7	5	怪獸都市(A190)	巫顯東	何良	125	1126	7	7	2 3 7	1:10.66	5.5	-	-	+ 1	V	6	沙田	0							
2019/10/27	5	第四班	1200米	(60-40)	好地	全天候跑道	8	11	漸信龍駒(C017)	蔡明紹	葉楚航	114	1050	11	7-1/2	6 6 8	1:10.73	34	-	-	* 2	XB1/TT	5	沙田	0							
2019/10/27	5	第四班	1200米	(60-40)	好地	全天候跑道	9	9	豹子膽(C389)	李寶利	徐雨石	119	1124	2	10	4 5 9	1:11.14	21	-	-	* 2	P1	3	沙田	0							
2019/10/27	5	第四班	1200米	(60-40)	好地	全天候跑道	10	2	精英寶貝(B015)	潘明輝	丁冠豪	129	1043	6	10	1 2 10	1:11.15	5.1	2nd Hot	-	+ 1	B/TT	5	沙田	0							
2019/10/27	5	第四班	1200米	(60-40)	好地	全天候跑道	11	10	心所欲(B017)	莫雷拉	苗禮德	117	1076	4	15-3/4	10 7 11	1:12.08	3.6	1st Hot	-	1	XB/TT	6	沙田	0							
2019/10/27	5	第四班	1200米	(60-40)	好地	全天候跑道	12	6	勁得手(C030)	楊明綸	容天鵬	130	1238	12	18-1/4	5 12 12	1:12.46	17	-	-	1	B/TT	4	沙田	0							
2019/10/27	5	第四班	1200米	(60-40)	好地	全天候跑道			猴王駒(A336)	史卓豐	約翰摩亞	127	---	---	---	---	---	---	-	-	-	-	-	沙田	0							
2019/10/27	6	第四班	1200米	(60-40)	好地	全天候跑道	1	8	福喜多多(B128)	莫雷拉	呂健威	120	1130	6	-	3 4 1	1:09.65	3.4	1st Hot	-	* 1	B	5	沙田	0	14.5			64.5	26.5	77.5	
2019/10/27	6	第四班	1200米	(60-40)	好地	全天候跑道	2	11	威風駿馬(B437)	史卓豐	蘇保羅	118	1104	7	頭位	4 3 2	1:09.68	3.5	2nd Hot	-	1	BO1	5	沙田	0		15.0		64.5	26.5		76.5
2019/10/27	6	第四班	1200米	(60-40)	好地	全天候跑道	3	1	龍城猛將(V225)	蔡明紹	苗禮德	133	1187	12	1-3/4	2 2 3	1:09.94	15	-	-	* 2	B/TT	6	沙田	0			36.0			77.5	76.5
2019/10/27	6	第四班	1200米	(60-40)	好地	全天候跑道	4	12	笑春風(A011)	楊明綸	丁冠豪	116	1113	8	1-3/4	1 1 4	1:09.94	13	-	-	+ 2	B	6	沙田	0							
2019/10/27	6	第四班	1200米	(60-40)	好地	全天候跑道	5	3	上捕先鋒(C300)	郭能	霍利時	128	1170	10	2-1/2	7 6 5	1:10.04	43	-	-	+ 1	B	5	沙田	0							
2019/10/27	6	第四班	1200米	(60-40)	好地	全天候跑道	6	2	理想回報(A305)	潘頓	沈集成	130	1085	3	2-3/4	5 5 6	1:10.08	5.1	-	-	1	P/TT	7	沙田	0							
2019/10/27	6	第四班	1200米	(60-40)	好地	全天候跑道	7	7	功夫茶(C136)	貝力斯	賀賢	122	1119	1	4	9 7 7	1:10.30	19	-	-	+ 2	XB	4	沙田	0							
2019/10/27	6	第四班	1200米	(60-40)	好地	全天候跑道	8	6	驃騎飛(C456)	蘇狄雄	蘇偉賢	121	1125	4	5-1/2	11 11 8	1:10.53	180	-	-	* 1	 	4	沙田	0							
2019/10/27	6	第四班	1200米	(60-40)	好地	全天候跑道	9	5	遨遊神駒(B168)	利敬國	羅富全	124	1132	9	6-3/4	8 9 9	1:10.73	9.5	-	-	* 1	B/TT	-	沙田	0							
2019/10/27	6	第四班	1200米	(60-40)	好地	全天候跑道	10	9	飛騰之星(B324)	希威森	高伯新	120	1103	11	12-3/4	12 12 10	1:11.69	159	-	-	* 2	E-/P1/H2/TT	-	沙田	0							
2019/10/27	6	第四班	1200米	(60-40)	好地	全天候跑道	11	4	天地僑福(C438)	潘明輝	葉楚航	123	1098	5	13-1/4	6 8 11	1:11.76	26	-	-	+ 1	 	4	沙田	0							
2019/10/27	6	第四班	1200米	(60-40)	好地	全天候跑道	12	10	娛樂大少(B060)	梁家俊	何良	120	1215	2	19	10 10 12	1:12.71	13	-	-	+ 2	 	5	沙田	0							
2019/10/27	7	第三班	1200米	(80-60)	好地	全天候跑道	1	6	發財先生(B265)	貝力斯	文家良	124	1164	3	-	4 3 1	1:09.30	19	-	-	* 2	H/P	6	沙田	0	54.0			358.5	136.0	238.0	
2019/10/27	7	第三班	1200米	(80-60)	好地	全天候跑道	2	11	寶山鷹(C248)	莫雷拉	丁冠豪	115	1098	1	頸位	2 2 2	1:09.35	2.7	1st Hot	-	1	 	4	沙田	0		14.5		358.5	136.0		55.5
2019/10/27	7	第三班	1200米	(80-60)	好地	全天候跑道	3	4	軍力勁(B192)	蔡明紹	約翰摩亞	126	1221	7	2	1 1 3	1:09.60	10	-	-	1	B	5	沙田	0			27.0			238.0	55.5
2019/10/27	7	第三班	1200米	(80-60)	好地	全天候跑道	4	10	公証揚鳴(V078)	梁家俊	鄭俊偉	118	1147	2	2-1/2	7 6 4	1:09.70	10	-	-	2	B	-	沙田	0							
2019/10/27	7	第三班	1200米	(80-60)	好地	全天候跑道	5	3	最驫(A022)	利敬國	沈集成	131	1165	8	3-1/2	10 11 5	1:09.87	18	-	-	+ 1	B/TT	7	沙田	0							
2019/10/27	7	第三班	1200米	(80-60)	好地	全天候跑道	6	1	朝五晚九(B330)	潘頓	羅富全	133	1048	4	3-3/4	6 7 6	1:09.90	7.4	-	-	* 2	CP/XB	-	沙田	0							
2019/10/27	7	第三班	1200米	(80-60)	好地	全天候跑道	7	8	盛大光輝(C121)	蘇狄雄	何良	120	1139	11	4-1/2	12 12 7	1:10.03	48	-	-	1	 	5	沙田	0							
2019/10/27	7	第三班	1200米	(80-60)	好地	全天候跑道	8	2	銀紙(B025)	薛恩	苗禮德	132	1116	9	4-3/4	8 9 8	1:10.05	3.6	2nd Hot	-	+ 1	 	5	沙田	0							
2019/10/27	7	第三班	1200米	(80-60)	好地	全天候跑道	9	5	飛天劍(C463)	沈拿	徐雨石	125	1065	10	5-1/2	3 4 9	1:10.16	53	-	-	1	 	4	沙田	0							
2019/10/27	7	第三班	1200米	(80-60)	好地	全天候跑道	10	9	翹軍(B424)	楊明綸	容天鵬	121	1120	12	10	11 10 10	1:10.89	80	-	-	+ 1	 	6	沙田	0							
2019/10/27	7	第三班	1200米	(80-60)	好地	全天候跑道	11	7	添好運(T306)	史卓豐	蘇偉賢	123	1141	5	10-1/2	9 8 11	1:10.96	13	-	-	1	B/TT	-	沙田	0							
2019/10/27	7	第三班	1200米	(80-60)	好地	全天候跑道	12	12	分到笑(C078)	潘明輝	賀賢	111	1071	6	11	5 5 12	1:11.07	65	-	-	1	TT-	4	沙田	0							
2019/10/27	8	第三班	1650米	(80-60)	好地	全天候跑道	1	8	滿冠熊(C143)	莫雷拉	霍利時	126	1009	2	-	5 4 3 1	1:39.00	2.1	1st Hot	-	1	 	5	沙田	0	12.5			409.5	143.0	50.5	
2019/10/27	8	第三班	1650米	(80-60)	好地	全天候跑道	2	5	和平路(B161)	薛恩	容天鵬	128	1132	14	1-1/2	13 11 7 2	1:39.24	42	-	-	* 1	H/XB/TT	6	沙田	0		82.5		409.5	143.0		526.0
2019/10/27	8	第三班	1650米	(80-60)	好地	全天候跑道	3	1	龍之星(B268)	蔡明紹	呂健威	133	1066	9	1-1/2	3 3 4 3	1:39.24	13	-	-	+ 1	B/TT	-	沙田	0			32.5			50.5	526.0
2019/10/27	8	第三班	1650米	(80-60)	好地	全天候跑道	4	11	兵貴神速(B299)	沈拿	羅富全	119	1122	1	3	8 8 8 4	1:39.47	12	-	-	+ 1	CP	5	沙田	0							
2019/10/27	8	第三班	1650米	(80-60)	好地	全天候跑道	5	12	八太子(A426)	利敬國	沈集成	118	1066	10	3-1/4	2 1 2 5	1:39.52	10	-	-	+ 1	B/TT	6	沙田	0							
2019/10/27	8	第三班	1650米	(80-60)	好地	全天候跑道	6	4	活力名駒(B260)	黃皓楠	呂健威	126	1030	8	4-3/4	1 2 1 6	1:39.76	10	-	-	2	XB-/H/TT-	-	沙田	0							
2019/10/27	8	第三班	1650米	(80-60)	好地	全天候跑道	7	2	英明神駒(V046)	潘明輝	苗禮德	130	1072	12	6	14 13 10 7	1:39.96	20	-	-	1	XB	8	沙田	0							
2019/10/27	8	第三班	1650米	(80-60)	好地	全天候跑道	8	3	健康美麗(B384)	潘頓	約翰摩亞	129	1044	3	6	6 6 6 8	1:39.97	5.9	2nd Hot	-	+ 1	CP-/PC1/TT	5	沙田	0							
2019/10/27	8	第三班	1650米	(80-60)	好地	全天候跑道	9	7	家家勝意(C510)	史卓豐	鄭俊偉	127	1076	11	6-1/4	7 7 9 9	1:40.00	83	-	-	+ 1	B	4	沙田	0							
2019/10/27	8	第三班	1650米	(80-60)	好地	全天候跑道	10	13	童話(B238)	黎海榮	徐雨石	117	1116	4	7	4 5 5 10	1:40.14	12	-	-	1	B	6	沙田	0							
2019/10/27	8	第三班	1650米	(80-60)	好地	全天候跑道	11	10	精彩飛動(B095)	李寶利	方嘉柏	119	1027	13	7-3/4	12 14 13 11	1:40.25	72	-	-	+ 1	H/TT	6	沙田	0							
2019/10/27	8	第三班	1650米	(80-60)	好地	全天候跑道	12	14	威利熱流(T281)	梁家俊	蘇保羅	117	1118	6	8-1/4	11 12 11 12	1:40.32	37	-	-	1	B	8	沙田	0							
2019/10/27	8	第三班	1650米	(80-60)	好地	全天候跑道	13	9	榮惑(C370)	楊明綸	告東尼	122	1037	5	10-1/2	9 9 12 13	1:40.70	129	-	-	+ 1	B1/TT	4	沙田	0							
2019/10/27	8	第三班	1650米	(80-60)	好地	全天候跑道	14	6	中華之光(A168)	蘇狄雄	葉楚航	125	1108	7	10-3/4	10 10 14 14	1:40.72	72	-	-	1	P2/TT	6	沙田	0							
2019/10/27	9	第三班	1200米	(80-60)	好地	全天候跑道	1	2	帆哥兒(B089)	薛恩	方嘉柏	133	1081	3	-	3 3 1	1:09.17	7.1	-	-	1	B/H/TT	6	沙田	0	20.5			121.5	47.5	105.0	
2019/10/27	9	第三班	1200米	(80-60)	好地	全天候跑道	2	8	夢幻人生(C166)	史卓豐	文家良	120	1134	1	頭位	1 1 2	1:09.20	3.5	1st Hot	-	+ 1	B	4	沙田	0		16.0		121.5	47.5		59.5
2019/10/27	9	第三班	1200米	(80-60)	好地	全天候跑道	3	1	鞍歌(A177)	利敬國	姚本輝	133	1139	9	頸位	9 8 3	1:09.22	8.3	-	-	+ 1	B	6	沙田	0			28.5			105.0	59.5
2019/10/27	9	第三班	1200米	(80-60)	好地	全天候跑道	4	7	公証福將(A148)	貝力斯	鄭俊偉	122	1178	7	3/4	10 10 4	1:09.29	13	-	-	1	XB/TT	7	沙田	0							
2019/10/27	9	第三班	1200米	(80-60)	好地	全天候跑道	5	10	錶之銳(C193)	蔡明紹	呂健威	116	1139	2	1	6 5 5	1:09.34	6.8	-	-	1	H/B2/TT	5	沙田	0							
2019/10/27	9	第三班	1200米	(80-60)	好地	全天候跑道	6	9	嘉應精英(C240)	梁家俊	容天鵬	117	1147	5	1-3/4	2 2 6	1:09.45	9.6	-	-	+ * 2	TT	4	沙田	0							
2019/10/27	9	第三班	1200米	(80-60)	好地	全天候跑道	7	4	利害了(C367)	沈拿	韋達	127	1063	10	1-3/4	4 4 7	1:09.46	17	-	-	1	B/XB	4	沙田	0							
2019/10/27	9	第三班	1200米	(80-60)	好地	全天候跑道	8	3	酷比哥(C192)	莫雷拉	羅富全	130	1067	8	2-1/2	7 7 8	1:09.59	6.6	2nd Hot	-	+ 1	CP/TT	4	沙田	0							
2019/10/27	9	第三班	1200米	(80-60)	好地	全天候跑道	9	6	大自然(C489)	潘頓	高伯新	126	1280	6	5	8 9 9	1:09.97	14	-	-	* 1	TT1	4	沙田	0							
2019/10/27	9	第三班	1200米	(80-60)	好地	全天候跑道	10	11	上浦福滿(A193)	黃皓楠	霍利時	113	1054	11	9-1/4	11 11 10	1:10.67	97	-	-	1	B	6	沙田	0							
2019/10/27	9	第三班	1200米	(80-60)	好地	全天候跑道	11	5	嶺寶峯(B333)	李寶利	徐雨石	126	1052	4	9-1/2	5 6 11	1:10.68	18	-	-	2	 	6	沙田	0							
2019/10/27	9	第三班	1200米	(80-60)	好地	全天候跑道		12	博愛友威(C152)	蘇狄雄	葉楚航	112	---	---	---	---	---	---	-	-	-	-	4	沙田	0							
2019/10/30	1	第五班	2200米	(40-0)	好地	草地 - "A" 賽道	1	9	競駿飛鷹(B292)	利敬國	霍利時	115	1217	7	-	6 8 7 7 2 1	2:19.15	6.7	-	-	1	B	5	跑馬地	2.71	23.5			267.0	79.0	76.5	
2019/10/30	1	第五班	2200米	(40-0)	好地	草地 - "A" 賽道	2	8	醒目快駒(B107)	楊明綸	鄭俊偉	113	1102	8	1-3/4	9 7 8 8 9 2	2:19.44	11	-	-	1	H/TT	6	跑馬地	2.71		27.0		267.0	79.0		72.5
2019/10/30	1	第五班	2200米	(40-0)	好地	草地 - "A" 賽道	3	5	金童(V232)	沈拿	呂健威	128	1067	6	2	7 5 6 5 8 3	2:19.46	5.9	2nd Hot	-	1	V-/B2	8	跑馬地	2.71			19.0			76.5	72.5
2019/10/30	1	第五班	2200米	(40-0)	好地	草地 - "A" 賽道	4	7	靚籐王(B425)	郭能	高伯新	120	1149	4	2-3/4	1 2 2 2 5 4	2:19.58	6.7	-	-	1	B	4	跑馬地	2.71							
2019/10/30	1	第五班	2200米	(40-0)	好地	草地 - "A" 賽道	5	2	港林福星(A307)	莫雷拉	沈集成	132	1096	2	4	4 3 4 4 6 5	2:19.80	4.1	1st Hot	-	1	B	-	跑馬地	2.71							
2019/10/30	1	第五班	2200米	(40-0)	好地	草地 - "A" 賽道	6	1	醉開心(B286)	潘頓	葉楚航	133	1092	9	5-1/4	8 9 9 9 4 6	2:20.01	5.9	2nd Hot	-	1	E/TT	5	跑馬地	2.71							
2019/10/30	1	第五班	2200米	(40-0)	好地	草地 - "A" 賽道	7	3	賞心星(C251)	希威森	方嘉柏	130	1154	5	5-1/2	3 4 3 3 1 7	2:20.02	10	-	-	1	 	4	跑馬地	2.71							
2019/10/30	1	第五班	2200米	(40-0)	好地	草地 - "A" 賽道	8	6	綠駿精英(B448)	何澤堯	葉楚航	121	1197	1	6-1/2	2 1 1 1 3 8	2:20.19	42	-	-	2	B	5	跑馬地	2.71							
2019/10/30	1	第五班	2200米	(40-0)	好地	草地 - "A" 賽道	9	4	龍騰馬躍(V202)	史卓豐	丁冠豪	129	1225	3	7-1/2	5 6 5 6 7 9	2:20.35	7.9	-	-	+ 1	B/XB	7	跑馬地	2.71							
2019/10/30	2	第四班	1000米	(60-40)	好地	草地 - "A" 賽道	1	4	跳出世界(C333)	莫雷拉	蔡約翰	130	1218	10	-	1 1 1	0:56.88	5.2	1st Hot	-	+ 1	B	4	跑馬地	2.71	20.0			293.0	95.5	78.5	
2019/10/30	2	第四班	1000米	(60-40)	好地	草地 - "A" 賽道	2	9	好甜橙(A300)	何澤堯	徐雨石	125	1115	12	1-1/4	2 2 2	0:57.08	9.4	-	-	* 1	V	5	跑馬地	2.71		31.5		293.0	95.5		132.5
2019/10/30	2	第四班	1000米	(60-40)	好地	草地 - "A" 賽道	3	3	龍城勝將(B178)	陳嘉熙	苗禮德	122	1071	6	3-1/4	5 4 3	0:57.41	8.3	-	-	+ 1	 	-	跑馬地	2.71			25.5			78.5	132.5
2019/10/30	2	第四班	1000米	(60-40)	好地	草地 - "A" 賽道	4	11	勇冠多(V376)	潘明輝	丁冠豪	115	1107	11	4	10 10 4	0:57.51	88	-	-	* 1	SR	6	跑馬地	2.71							
2019/10/30	2	第四班	1000米	(60-40)	好地	草地 - "A" 賽道	5	8	旅遊拿督(V235)	郭能	高伯新	125	1081	7	4-1/4	8 9 5	0:57.57	5.9	-	-	+ 1	B	7	跑馬地	2.71							
2019/10/30	2	第四班	1000米	(60-40)	好地	草地 - "A" 賽道	6	12	八進(B263)	利敬國	賀賢	116	1052	8	4-1/4	12 12 6	0:57.57	5.2	2nd Hot	-	1	 	5	跑馬地	2.71							
2019/10/30	2	第四班	1000米	(60-40)	好地	草地 - "A" 賽道	7	1	威先生(T334)	梁家俊	何良	133	1261	1	5-1/4	3 3 7	0:57.71	12	-	-	+ 1	H-/P-	-	跑馬地	2.71							
2019/10/30	2	第四班	1000米	(60-40)	好地	草地 - "A" 賽道	8	6	駿爵士(C406)	潘頓	方嘉柏	126	1212	5	5-1/2	7 5 8	0:57.77	7.1	-	-	+ 1	B-	4	跑馬地	2.71							
2019/10/30	2	第四班	1000米	(60-40)	好地	草地 - "A" 賽道	9	2	月追越風(A398)	沈拿	蘇偉賢	132	1060	3	5-1/2	9 8 9	0:57.77	9.3	-	-	+ 1	B2/TT	6	跑馬地	2.71							
2019/10/30	2	第四班	1000米	(60-40)	好地	草地 - "A" 賽道	10	10	百里名駒(C097)	巫顯東	沈集成	116	1007	2	6-3/4	4 6 10	0:57.98	17	-	-	* 1	XB/TT	4	跑馬地	2.71							
2019/10/30	2	第四班	1000米	(60-40)	好地	草地 - "A" 賽道	11	5	君悅灣(P421)	黃皓楠	鄭俊偉	123	1231	4	7	11 11 11	0:58.00	52	-	-	* 1	H/TT	9	跑馬地	2.71							
2019/10/30	2	第四班	1000米	(60-40)	好地	草地 - "A" 賽道	12	7	樂飛勝(B450)	蔡明紹	姚本輝	125	1095	9	8-1/2	6 7 12	0:58.23	50	-	-	+ 1	H1	5	跑馬地	2.71							
2019/10/30	3	第四班	1650米	(60-40)	好地	草地 - "A" 賽道	1	1	一見傾心(B401)	潘頓	蘇保羅	133	1190	4	-	3 3 3 1	1:41.47	6.8	-	-	1	B	5	跑馬地	2.71	24.0			155.5	62.0	51.0	
2019/10/30	3	第四班	1650米	(60-40)	好地	草地 - "A" 賽道	2	4	步履娛飛(C289)	陳嘉熙	告東尼	120	1175	3	頸位	1 1 2 2	1:41.51	4.5	2nd Hot	-	1	CP	5	跑馬地	2.71		16.5		155.5	62.0		30.5
2019/10/30	3	第四班	1650米	(60-40)	好地	草地 - "A" 賽道	3	8	火百合(B050)	莫雷拉	羅富全	125	1200	10	頸位	2 2 1 3	1:41.51	3.4	1st Hot	-	1	TT	6	跑馬地	2.71			16.0			51.0	30.5
2019/10/30	3	第四班	1650米	(60-40)	好地	草地 - "A" 賽道	4	5	情趣(V114)	李寶利	霍利時	130	1146	1	1-1/4	6 6 4 4	1:41.68	10	-	-	+ 1	B/TT	8	跑馬地	2.71							
2019/10/30	3	第四班	1650米	(60-40)	好地	草地 - "A" 賽道	5	3	偉大勝利(C048)	沈拿	韋達	132	1052	8	2-1/4	7 7 7 5	1:41.83	4.8	-	-	1	H	6	跑馬地	2.71							
2019/10/30	3	第四班	1650米	(60-40)	好地	草地 - "A" 賽道	6	2	歡樂小子(S235)	黎海榮	文家良	133	1282	6	2-3/4	8 9 10 6	1:41.91	30	-	-	+ 1	V	9	跑馬地	2.71							
2019/10/30	3	第四班	1650米	(60-40)	好地	草地 - "A" 賽道	7	10	金剛仔(S146)	利敬國	鄭俊偉	120	1101	5	3-3/4	5 5 6 7	1:42.06	15	-	-	+ 1	B2/TT	-	跑馬地	2.71							
2019/10/30	3	第四班	1650米	(60-40)	好地	草地 - "A" 賽道	8	9	環保時代(C355)	蘇狄雄	賀賢	123	1075	9	6-3/4	9 8 9 8	1:42.53	152	-	-	* 2	B	5	跑馬地	2.71							
2019/10/30	3	第四班	1650米	(60-40)	好地	草地 - "A" 賽道	9	12	開心大師(B222)	蔡明紹	方嘉柏	117	1099	7	6-3/4	11 10 8 9	1:42.54	13	-	-	2	TT	5	跑馬地	2.71							
2019/10/30	3	第四班	1650米	(60-40)	好地	草地 - "A" 賽道	10	7	志聰明(C319)	黃皓楠	何良	124	1200	2	6-3/4	4 4 5 10	1:42.56	156	-	-	1	B-/CP1	4	跑馬地	2.71							
2019/10/30	3	第四班	1650米	(60-40)	好地	草地 - "A" 賽道	11	6	帶榮來(B197)	史卓豐	高伯新	128	1135	11	11-1/2	10 11 11 11	1:43.32	15	-	-	2	B	5	跑馬地	2.71							
2019/10/30	3	第四班	1650米	(60-40)	好地	草地 - "A" 賽道		11	精彩千里(C331)	希威森	約翰摩亞	119	---	---	---	---	---	---	-	-	-	-	3	跑馬地	2.71							
2019/10/30	4	第四班	1650米	(60-40)	好地	草地 - "A" 賽道	1	7	一舖成名(B162)	史卓豐	羅富全	124	1139	3	-	5 4 4 1	1:41.05	6.7	-	-	2	B/TT	5	跑馬地	2.71	22.5			151.5	54.0	279.0	
2019/10/30	4	第四班	1650米	(60-40)	好地	草地 - "A" 賽道	2	2	好計(B432)	潘頓	方嘉柏	133	1064	1	短馬頭位	4 5 5 2	1:41.08	3.8	1st Hot	-	1	V/XB	5	跑馬地	2.71		17.5		151.5	54.0		204.0
2019/10/30	4	第四班	1650米	(60-40)	好地	草地 - "A" 賽道	3	9	快閃的(A189)	希威森	霍利時	122	1062	6	1/2	2 3 3 3	1:41.16	26	-	-	+ 2	B/TT	6	跑馬地	2.71			61.0			279.0	204.0
2019/10/30	4	第四班	1650米	(60-40)	好地	草地 - "A" 賽道	4	6	永益善(B003)	利敬國	沈集成	125	1112	4	1	3 2 2 4	1:41.22	12	-	-	+ 1	B	6	跑馬地	2.71							
2019/10/30	4	第四班	1650米	(60-40)	好地	草地 - "A" 賽道	5	4	悅目星光(A137)	陳嘉熙	徐雨石	120	1095	12	1-1/4	1 1 1 5	1:41.27	11	-	-	1	 	7	跑馬地	2.71							
2019/10/30	4	第四班	1650米	(60-40)	好地	草地 - "A" 賽道	6	12	活力寶駒(B279)	蔡明紹	賀賢	113	1164	5	2-1/4	6 6 7 6	1:41.41	5.5	-	-	1	B	5	跑馬地	2.71							
2019/10/30	4	第四班	1650米	(60-40)	好地	草地 - "A" 賽道	7	10	陽明亮亮(A359)	莫雷拉	呂健威	122	1023	7	3-1/4	7 7 6 7	1:41.56	4	2nd Hot	-	1	 	6	跑馬地	2.71							
2019/10/30	4	第四班	1650米	(60-40)	好地	草地 - "A" 賽道	8	1	放眼量(A140)	梁家俊	何良	133	1027	8	3-1/4	9 9 8 8	1:41.56	28	-	-	* 2	H/CP2	6	跑馬地	2.71							
2019/10/30	4	第四班	1650米	(60-40)	好地	草地 - "A" 賽道	9	3	其樂無窮(S147)	沈拿	鄭俊偉	130	1126	9	4-3/4	11 10 10 9	1:41.83	66	-	-	* 2	B/TT	9	跑馬地	2.71							
2019/10/30	4	第四班	1650米	(60-40)	好地	草地 - "A" 賽道	10	8	舉世無雙(A310)	郭能	高伯新	124	1159	2	4-3/4	8 8 9 10	1:41.83	10	-	-	1	B/H	6	跑馬地	2.71							
2019/10/30	4	第四班	1650米	(60-40)	好地	草地 - "A" 賽道	11	11	勇勝神駒(B235)	潘明輝	苗禮德	117	1001	11	10-1/2	12 12 11 11	1:42.73	56	-	-	1	B	-	跑馬地	2.71							
2019/10/30	4	第四班	1650米	(60-40)	好地	草地 - "A" 賽道	12	5	競駿驕陽(B442)	黃皓楠	葉楚航	125	953	10	38-1/2	10 11 12 12	1:47.21	175	-	-	1	 	-	跑馬地	2.71							
2019/10/30	5	第四班	1200米	(60-40)	好地	草地 - "A" 賽道	1	5	晨曦飛馬(C351)	潘頓	方嘉柏	129	1024	10	-	7 5 1	1:10.34	8.9	-	-	+ 1	TT	5	跑馬地	2.71	26.0			226.0	69.5	250.5	
2019/10/30	5	第四班	1200米	(60-40)	好地	草地 - "A" 賽道	2	3	傳奇(V357)	何澤堯	呂健威	131	1119	4	1-1/4	6 6 2	1:10.52	5.5	-	-	+ 1	B/TT	7	跑馬地	2.71		17.0		226.0	69.5		155.5
2019/10/30	5	第四班	1200米	(60-40)	好地	草地 - "A" 賽道	3	2	大聚會(V293)	郭能	高伯新	132	1085	6	1-3/4	5 4 3	1:10.61	23	-	-	+ 1	CP2	7	跑馬地	2.71			46.0			250.5	155.5
2019/10/30	5	第四班	1200米	(60-40)	好地	草地 - "A" 賽道	4	7	特醒(C060)	沈拿	韋達	126	1153	5	1-3/4	9 8 4	1:10.63	12	-	-	+ 1	B/XB	5	跑馬地	2.71							
2019/10/30	5	第四班	1200米	(60-40)	好地	草地 - "A" 賽道	5	6	寶得住(C125)	蘇狄雄	葉楚航	126	1015	3	2-1/4	8 9 5	1:10.68	64	-	-	+ 1	TT	5	跑馬地	2.71							
2019/10/30	5	第四班	1200米	(60-40)	好地	草地 - "A" 賽道	6	1	無價寶(B254)	楊明綸	何良	133	1125	9	2-1/2	10 10 6	1:10.72	16	-	-	+ 1	H/TT	5	跑馬地	2.71							
2019/10/30	5	第四班	1200米	(60-40)	好地	草地 - "A" 賽道	7	9	慣勝尊重(C129)	薛恩	蔡約翰	121	1201	7	2-3/4	3 3 7	1:10.78	17	-	-	* 1	P/TT1	-	跑馬地	2.71							
2019/10/30	5	第四班	1200米	(60-40)	好地	草地 - "A" 賽道	8	12	星河戰駒(C245)	黃皓楠	丁冠豪	113	1111	11	2-3/4	11 11 8	1:10.79	211	-	-	* 1	 	4	跑馬地	2.71							
2019/10/30	5	第四班	1200米	(60-40)	好地	草地 - "A" 賽道	9	11	太陽戰馬(C212)	史卓豐	徐雨石	120	1186	1	3-3/4	1 1 9	1:10.95	4.5	2nd Hot	-	+ 1	 	5	跑馬地	2.71							
2019/10/30	5	第四班	1200米	(60-40)	好地	草地 - "A" 賽道	10	8	齊齊發(B356)	貝力斯	鄭俊偉	123	1195	12	4-1/4	12 12 10	1:11.02	199	-	-	* 1	B2	5	跑馬地	2.71							
2019/10/30	5	第四班	1200米	(60-40)	好地	草地 - "A" 賽道	11	4	王者奇兵(C130)	莫雷拉	姚本輝	130	1156	2	4-1/4	2 2 11	1:11.03	2.4	1st Hot	-	+ 1	 	4	跑馬地	2.71							
2019/10/30	5	第四班	1200米	(60-40)	好地	草地 - "A" 賽道	12	10	好友無敵(A217)	黎海榮	文家良	120	1063	8	8-3/4	4 7 12	1:11.72	56	-	-	* 1	B	6	跑馬地	2.71							
2019/10/30	6	第三班	1200米	(80-60)	好地	草地 - "A" 賽道	1	12	大師級(C271)	蘇狄雄	丁冠豪	112	1130	2	-	3 3 1	1:10.39	9.5	-	-	+ 1	B	4	跑馬地	2.71	28.0			729.5	199.0	56.5	
2019/10/30	6	第三班	1200米	(80-60)	好地	草地 - "A" 賽道	2	2	馬友冠(C299)	郭能	霍利時	133	1066	10	頸位	6 6 2	1:10.46	13	-	-	* 1	 	5	跑馬地	2.71		36.5		729.5	199.0		78.5
2019/10/30	6	第三班	1200米	(80-60)	好地	草地 - "A" 賽道	3	7	明駿之星(C229)	李寶利	蔡約翰	122	1129	4	3/4	1 1 3	1:10.50	2.7	1st Hot	-	+ 1	B	4	跑馬地	2.71			12.5			56.5	78.5
2019/10/30	6	第三班	1200米	(80-60)	好地	草地 - "A" 賽道	4	4	紅旗星將(A049)	陳嘉熙	蘇保羅	119	1210	5	1-3/4	2 2 4	1:10.69	4.5	2nd Hot	-	+ 1	B	6	跑馬地	2.71							
2019/10/30	6	第三班	1200米	(80-60)	好地	草地 - "A" 賽道	5	6	維港奔流(D042)	史卓豐	韋達	123	1082	1	2-1/2	5 5 5	1:10.78	30	-	-	* 1	 	4	跑馬地	2.71							
2019/10/30	6	第三班	1200米	(80-60)	好地	草地 - "A" 賽道	6	8	紅星(V273)	貝力斯	葉楚航	122	1083	6	2-1/2	8 7 6	1:10.78	28	-	-	* 1	 	7	跑馬地	2.71							
2019/10/30	6	第三班	1200米	(80-60)	好地	草地 - "A" 賽道	7	9	自在人生(B169)	潘明輝	羅富全	116	1164	7	2-3/4	7 8 7	1:10.84	27	-	-	+ 1	XB/TT	6	跑馬地	2.71							
2019/10/30	6	第三班	1200米	(80-60)	好地	草地 - "A" 賽道	8	5	京京千里(V328)	何澤堯	賀賢	126	1077	8	4	10 9 8	1:11.02	10	-	-	* 1	CP-	-	跑馬地	2.71							
2019/10/30	6	第三班	1200米	(80-60)	好地	草地 - "A" 賽道	9	1	美麗甜心(B410)	莫雷拉	約翰摩亞	133	1171	11	5-1/4	12 12 9	1:11.22	5	-	-	+ 1	B/TT	4	跑馬地	2.71							
2019/10/30	6	第三班	1200米	(80-60)	好地	草地 - "A" 賽道	10	11	金剛之星(A067)	楊明綸	鄭俊偉	117	1200	3	5-1/4	4 4 10	1:11.22	53	-	-	* 1	B/TT	-	跑馬地	2.71							
2019/10/30	6	第三班	1200米	(80-60)	好地	草地 - "A" 賽道	11	10	夢幻仙子(V222)	黎海榮	蘇偉賢	117	1175	12	6-1/2	11 11 11	1:11.45	76	-	-	* 1	TT	7	跑馬地	2.71							
2019/10/30	6	第三班	1200米	(80-60)	好地	草地 - "A" 賽道	12	3	神舟寶駒(C269)	沈拿	徐雨石	130	1204	9	6-3/4	9 10 12	1:11.47	40	-	-	* 1	TT	6	跑馬地	2.71							
2019/10/30	7	第三班	1650米	(80-60)	好地	草地 - "A" 賽道	1	5	勤德兼備(A071)	潘明輝	賀賢	121	1072	11	-	12 12 9 1	1:39.83	9.8	-	-	+ 1	B	7	跑馬地	2.71	25.5			178.0	66.5	110.0	
2019/10/30	7	第三班	1650米	(80-60)	好地	草地 - "A" 賽道	2	9	陽明高高(B132)	何澤堯	呂健威	119	1085	6	短馬頭位	4 4 5 2	1:39.85	3.1	1st Hot	-	+ 1	 	5	跑馬地	2.71		15.0		178.0	66.5		39.0
2019/10/30	7	第三班	1650米	(80-60)	好地	草地 - "A" 賽道	3	8	路路通(B256)	利敬國	羅富全	119	1176	1	1/2	5 5 4 3	1:39.91	6.4	-	-	+ 1	B	-	跑馬地	2.71			21.5			110.0	39.0
2019/10/30	7	第三班	1650米	(80-60)	好地	草地 - "A" 賽道	4	7	紅麗舍(A005)	梁家俊	文家良	121	1150	3	1/2	7 7 6 4	1:39.92	23	-	-	+ 1	B	7	跑馬地	2.71							
2019/10/30	7	第三班	1650米	(80-60)	好地	草地 - "A" 賽道	5	10	又係熊(C301)	李寶利	霍利時	118	1058	7	1	8 8 8 5	1:39.99	17	-	-	* 1	SR	5	跑馬地	2.71							
2019/10/30	7	第三班	1650米	(80-60)	好地	草地 - "A" 賽道	6	2	有備而來(A240)	陳嘉熙	苗禮德	121	1127	5	2	3 3 3 6	1:40.14	9.4	-	-	+ 1	TT	-	跑馬地	2.71							
2019/10/30	7	第三班	1650米	(80-60)	好地	草地 - "A" 賽道	7	1	聰明導彈(C037)	潘頓	蘇偉賢	133	1083	10	2	11 11 10 7	1:40.17	5.3	2nd Hot	-	+ 1	B/TT	4	跑馬地	2.71							
2019/10/30	7	第三班	1650米	(80-60)	好地	草地 - "A" 賽道	8	11	綫路勇駒(A041)	希威森	告東尼	117	1167	9	4-1/4	2 1 1 8	1:40.52	18	-	-	+ 1	B/H/TT	7	跑馬地	2.71							
2019/10/30	7	第三班	1650米	(80-60)	好地	草地 - "A" 賽道	9	6	旅遊首席(T098)	史卓豐	鄭俊偉	122	1211	2	4-3/4	6 6 7 9	1:40.60	46	-	-	+ 1	B/TT	9	跑馬地	2.71							
2019/10/30	7	第三班	1650米	(80-60)	好地	草地 - "A" 賽道	10	12	靚紫荊(A135)	黎海榮	徐雨石	116	1068	4	5-1/2	10 10 11 10	1:40.73	51	-	-	+ 1	 	7	跑馬地	2.71							
2019/10/30	7	第三班	1650米	(80-60)	好地	草地 - "A" 賽道	11	4	興爾(B203)	沈拿	韋達	125	1034	12	13-1/4	1 2 2 11	1:41.96	9.4	-	-	+ 1	XB	-	跑馬地	2.71							
2019/10/30	7	第三班	1650米	(80-60)	好地	草地 - "A" 賽道	PU	3	酷比仔(A297)	楊明綸	容天鵬	128	1192	8	---	9 9 12	---	24	-	-	+ 1	B	-	跑馬地	2.71							
2019/10/30	8	第三班	1800米	(85-60)	好地	草地 - "A" 賽道	1	11	鑲白旗(B336)	李寶利	霍利時	119	1018	9	-	10 10 11 8 1	1:48.83	10	-	-	1	 	6	跑馬地	2.71	25.5			136.5	49.5	325.0	
2019/10/30	8	第三班	1800米	(85-60)	好地	草地 - "A" 賽道	2	1	任我行(C297)	潘頓	約翰摩亞	130	1048	7	1/2	8 8 8 3 2	1:48.90	2.1	1st Hot	-	+ 1	CP	5	跑馬地	2.71		13.5		136.5	49.5		125.5
2019/10/30	8	第三班	1800米	(85-60)	好地	草地 - "A" 賽道	3	10	共創歡樂(C210)	黎海榮	何良	119	1041	6	2-1/4	3 5 4 1 3	1:49.18	28	-	-	1	 	5	跑馬地	2.71			53.5			325.0	125.5
2019/10/30	8	第三班	1800米	(85-60)	好地	草地 - "A" 賽道	4	7	文武傳奇(B137)	利敬國	沈集成	120	1125	4	2-3/4	6 6 6 7 4	1:49.25	7.8	-	-	1	B/TT	5	跑馬地	2.71							
2019/10/30	8	第三班	1800米	(85-60)	好地	草地 - "A" 賽道	5	6	馬主星輝(B427)	郭能	沈集成	121	1053	1	3-1/2	4 4 5 4 5	1:49.41	10	-	-	2	B/TT	5	跑馬地	2.71							
2019/10/30	8	第三班	1800米	(85-60)	好地	草地 - "A" 賽道	6	8	幸運時代(A045)	潘明輝	賀賢	118	1063	3	4	1 1 1 2 6	1:49.47	21	-	-	+ 1	B	-	跑馬地	2.71							
2019/10/30	8	第三班	1800米	(85-60)	好地	草地 - "A" 賽道	7	3	神亮金剛(C029)	莫雷拉	葉楚航	125	1049	12	4-1/4	11 11 10 9 7	1:49.51	7.6	2nd Hot	-	+ 1	 	5	跑馬地	2.71							
2019/10/30	8	第三班	1800米	(85-60)	好地	草地 - "A" 賽道	8	12	金如意(A172)	蘇狄雄	蘇保羅	116	1059	5	5	7 7 7 10 8	1:49.62	26	-	-	+ 1	 	7	跑馬地	2.71							
2019/10/30	8	第三班	1800米	(85-60)	好地	草地 - "A" 賽道	9	4	事勝意(T391)	梁家俊	苗禮德	124	1051	2	5	2 3 3 6 9	1:49.62	35	-	-	2	SR/TT	8	跑馬地	2.71							
2019/10/30	8	第三班	1800米	(85-60)	好地	草地 - "A" 賽道	10	2	川河寶駒(T375)	沈拿	苗禮德	128	992	8	5-3/4	12 12 12 12 10	1:49.76	38	-	-	1	B	-	跑馬地	2.71							
2019/10/30	8	第三班	1800米	(85-60)	好地	草地 - "A" 賽道	11	5	扎西德勒(C084)	陳嘉熙	約翰摩亞	113	1133	10	11-1/2	9 9 9 11 11	1:50.67	9	-	-	2	CP/TT	5	跑馬地	2.71							
2019/10/30	8	第三班	1800米	(85-60)	好地	草地 - "A" 賽道	12	9	非常堅(T146)	巫顯東	告東尼	116	1094	11	15	5 2 2 5 12	1:51.24	65	-	-	+ 1	B/H/TT	-	跑馬地	2.71							
2019/11/3	1	第五班	1200米	(40-0)	好地至快地	草地 - "C+3" 賽道	1	11	印印腳(A277)	何澤堯	蘇偉賢	116	1187	1	-	3 5 1	1:09.80	4.3	1st Hot	-	+ 1	SR/TT	6	沙田	2.7	17.5			838.5	262.5	60.5	
2019/11/3	1	第五班	1200米	(40-0)	好地至快地	草地 - "C+3" 賽道	2	9	砂漿邦(A097)	巫顯東	何良	117	1134	7	頸位	1 1 2	1:09.84	32	-	-	+ 1	V	-	沙田	2.7		100.0		838.5	262.5		496.0
2019/11/3	1	第五班	1200米	(40-0)	好地至快地	草地 - "C+3" 賽道	3	4	葵涌精英(C173)	巴度	高伯新	131	1123	3	1-1/2	10 9 3	1:10.03	7.2	-	-	+ 1	 	4	沙田	2.7			25.5			60.5	496.0
2019/11/3	1	第五班	1200米	(40-0)	好地至快地	草地 - "C+3" 賽道	4	10	神火金剛(B004)	李寶利	葉楚航	119	1045	5	1-3/4	6 6 4	1:10.06	13	-	-	+ 1	PC-/B2	6	沙田	2.7							
2019/11/3	1	第五班	1200米	(40-0)	好地至快地	草地 - "C+3" 賽道	5	5	為您贏(B157)	郭能	鄭俊偉	128	1249	2	2-1/4	4 3 5	1:10.14	6.6	-	-	+ 1	B	-	沙田	2.7							
2019/11/3	1	第五班	1200米	(40-0)	好地至快地	草地 - "C+3" 賽道	6	1	濃有(C244)	梁家俊	文家良	133	1101	6	2-1/2	2 2 6	1:10.20	13	-	-	+ 1	 	4	沙田	2.7							
2019/11/3	1	第五班	1200米	(40-0)	好地至快地	草地 - "C+3" 賽道	7	2	明月昇輝(A324)	貝力斯	韋達	132	1063	10	2-3/4	11 11 7	1:10.23	4.6	2nd Hot	-	+ 1	H/P	6	沙田	2.7							
2019/11/3	1	第五班	1200米	(40-0)	好地至快地	草地 - "C+3" 賽道	8	8	怡昌福星(B357)	莫雷拉	賀賢	127	1095	11	3-1/4	5 4 8	1:10.31	10	-	-	+ 1	V-/XB/B2	5	沙田	2.7							
2019/11/3	1	第五班	1200米	(40-0)	好地至快地	草地 - "C+3" 賽道	9 平頭馬	3	天皇巨星(V367)	潘頓	蘇保羅	132	1175	4	3-3/4	7 7 9	1:10.41	9.1	-	-	+ 1	B	6	沙田	2.7							
2019/11/3	1	第五班	1200米	(40-0)	好地至快地	草地 - "C+3" 賽道	9 平頭馬	12	勁皇子(V143)	蔡明紹	蔡約翰	114	1109	9	3-3/4	9 10 9	1:10.41	15	-	-	+ 1	P/TT	7	沙田	2.7							
2019/11/3	1	第五班	1200米	(40-0)	好地至快地	草地 - "C+3" 賽道	11	6	萬里威揚(A055)	黃皓楠	徐雨石	124	1035	12	4	12 12 11	1:10.45	94	-	-	1	V-/B2	7	沙田	2.7							
2019/11/3	1	第五班	1200米	(40-0)	好地至快地	草地 - "C+3" 賽道	12	7	劍追聲(B445)	田泰安	告東尼	127	1040	8	7	8 8 12	1:10.94	67	-	-	* 1	TT	5	沙田	2.7							
2019/11/3	2	第四班	1000米	(60-40)	好地至快地	草地 - "C+3" 賽道	1	1	韋小寶(C188)	田泰安	蘇保羅	133	1125	5	-	14 13 1	0:56.32	12	-	-	1	B1	4	沙田	2.7	23.0			90.0	34.0	1260.0	
2019/11/3	2	第四班	1000米	(60-40)	好地至快地	草地 - "C+3" 賽道	2	6	小太陽(D035)	潘頓	沈集成	125	1110	14	1/2	2 1 2	0:56.42	1.5	1st Hot	-	+ 1	 	3	沙田	2.7		12.0		90.0	34.0		359.0
2019/11/3	2	第四班	1000米	(60-40)	好地至快地	草地 - "C+3" 賽道	3	5	戰熊三千(C457)	郭能	霍利時	125	1176	7	2-3/4	13 10 3	0:56.75	167	-	-	+ 1	 	3	沙田	2.7			257.0			1260.0	359.0
2019/11/3	2	第四班	1000米	(60-40)	好地至快地	草地 - "C+3" 賽道	4	2	超能量(B294)	陳嘉熙	韋達	119	1125	9	3-3/4	5 5 4	0:56.94	4.7	2nd Hot	-	1	B/XB	5	沙田	2.7							
2019/11/3	2	第四班	1000米	(60-40)	好地至快地	草地 - "C+3" 賽道	5	7	明月千山(C403)	梁家俊	高伯新	125	1175	10	4-1/4	10 7 5	0:57.00	44	-	-	1	B1/TT1	4	沙田	2.7							
2019/11/3	2	第四班	1000米	(60-40)	好地至快地	草地 - "C+3" 賽道	6	4	閃電精靈(D071)	莫雷拉	告東尼	125	1131	2	4-3/4	1 2 6	0:57.09	20	-	-	+ 1	TT1	3	沙田	2.7							
2019/11/3	2	第四班	1000米	(60-40)	好地至快地	草地 - "C+3" 賽道	7	11	勝利在手(C103)	希威森	呂健威	122	1075	1	5-3/4	6 6 7	0:57.24	32	-	-	1	TT	4	沙田	2.7							
2019/11/3	2	第四班	1000米	(60-40)	好地至快地	草地 - "C+3" 賽道	8	13	勁飛聖(T361)	楊明綸	容天鵬	116	1061	4	7	12 14 8	0:57.44	58	-	-	1	TT	7	沙田	2.7							
2019/11/3	2	第四班	1000米	(60-40)	好地至快地	草地 - "C+3" 賽道	9	8	嘭嘭聲(D015)	蘇狄雄	何良	123	1120	13	7	11 11 9	0:57.44	106	-	-	1	H1/XB1	4	沙田	2.7							
2019/11/3	2	第四班	1000米	(60-40)	好地至快地	草地 - "C+3" 賽道	10	14	喜勁驥(C006)	蔡明紹	蔡約翰	115	1120	3	7	8 9 10	0:57.45	58	-	-	* 1	H	4	沙田	2.7							
2019/11/3	2	第四班	1000米	(60-40)	好地至快地	草地 - "C+3" 賽道	11	3	極爽(C131)	何澤堯	丁冠豪	128	1068	11	7-1/4	9 8 11	0:57.49	26	-	-	1	H/V	5	沙田	2.7							
2019/11/3	2	第四班	1000米	(60-40)	好地至快地	草地 - "C+3" 賽道	12	10	超額認購(C361)	潘明輝	賀賢	121	1131	8	10-3/4	4 3 12	0:58.04	48	-	-	1	H1	4	沙田	2.7							
2019/11/3	2	第四班	1000米	(60-40)	好地至快地	草地 - "C+3" 賽道	13	12	自由旺(A209)	李寶利	方嘉柏	119	1118	6	11-1/4	3 4 13	0:58.10	22	-	-	+ 1	H/XB	-	沙田	2.7							
2019/11/3	2	第四班	1000米	(60-40)	好地至快地	草地 - "C+3" 賽道	14	9	齊勝利(C342)	黃皓楠	徐雨石	122	1008	12	11-1/2	7 12 14	0:58.14	249	-	-	1	H1	3	沙田	2.7							
2019/11/3	3	第四班	1200米	(60-40)	好地至快地	草地 - "C+3" 賽道	1	1	清新動力(B067)	利敬國	徐雨石	130	1005	5	-	5 3 1	1:09.11	7.5	-	-	+ 1	B2/TT	6	沙田	2.7	20.0			133.5	45.0	112.5	
2019/11/3	3	第四班	1200米	(60-40)	好地至快地	草地 - "C+3" 賽道	2	8	春風得意(C309)	蘇狄雄	何良	125	1049	2	1-3/4	9 7 2	1:09.40	3.7	2nd Hot	-	+ 1	H	4	沙田	2.7		14.5		133.5	45.0		67.0
2019/11/3	3	第四班	1200米	(60-40)	好地至快地	草地 - "C+3" 賽道	3	6	優達星(C356)	巴度	葉楚航	129	1194	3	3	4 5 3	1:09.59	11	-	-	* 1	 	4	沙田	2.7			30.5			112.5	67.0
2019/11/3	3	第四班	1200米	(60-40)	好地至快地	草地 - "C+3" 賽道	4	5	逐夢時代(C408)	希威森	高伯新	129	1114	10	3-1/2	10 10 4	1:09.66	82	-	-	* 1	 	-	沙田	2.7							
2019/11/3	3	第四班	1200米	(60-40)	好地至快地	草地 - "C+3" 賽道	5	3	掌聲鼓勵(C518)	田泰安	沈集成	129	1127	6	3-3/4	8 9 5	1:09.69	8.1	-	-	+ 1	B1/TT	-	沙田	2.7							
2019/11/3	3	第四班	1200米	(60-40)	好地至快地	草地 - "C+3" 賽道	6	12	常山耆寶(A275)	潘明輝	文家良	116	1032	1	5-1/4	7 8 6	1:09.96	55	-	-	* 1	P	6	沙田	2.7							
2019/11/3	3	第四班	1200米	(60-40)	好地至快地	草地 - "C+3" 賽道	7	4	至叻仔(D013)	梁家俊	蘇偉賢	129	1160	4	5-1/4	6 6 7	1:09.96	46	-	-	* 1	 	4	沙田	2.7							
2019/11/3	3	第四班	1200米	(60-40)	好地至快地	草地 - "C+3" 賽道	8	11	八心之友(A007)	沈拿	韋達	120	1067	9	6-1/2	2 2 8	1:10.15	37	-	-	* 1	B	-	沙田	2.7							
2019/11/3	3	第四班	1200米	(60-40)	好地至快地	草地 - "C+3" 賽道	9	2	遨遊千里(C363)	莫雷拉	容天鵬	130	1117	12	7-1/4	1 1 9	1:10.26	2.8	1st Hot	-	+ 1	TT	5	沙田	2.7							
2019/11/3	3	第四班	1200米	(60-40)	好地至快地	草地 - "C+3" 賽道	10	10	陽明豐豐(B016)	何澤堯	呂健威	122	1181	7	7-1/2	11 11 10	1:10.29	12	-	-	* 1	XB/TT	-	沙田	2.7							
2019/11/3	3	第四班	1200米	(60-40)	好地至快地	草地 - "C+3" 賽道	11	9	表表馬(C233)	李寶利	丁冠豪	127	1145	11	8	12 12 11	1:10.40	133	-	-	+ 1	H/TT	4	沙田	2.7							
2019/11/3	3	第四班	1200米	(60-40)	好地至快地	草地 - "C+3" 賽道	12	7	三生好運(C359)	何華麟	羅富全	129	1077	8	9-1/2	3 4 12	1:10.61	11	-	-	* 1	 	5	沙田	2.7							
2019/11/3	4	第三班	1200米	(80-60)	好地至快地	草地 - "C+3" 賽道	1	9	美麗掌聲(C228)	莫雷拉	蔡約翰	120	1133	1	-	1 1 1	1:08.65	1.9	1st Hot	-	1	TT	4	沙田	2.7	12.5			127.5	46.0	101.0	
2019/11/3	4	第三班	1200米	(80-60)	好地至快地	草地 - "C+3" 賽道	2	2	安喜(V338)	郭能	約翰摩亞	128	1122	8	3/4	5 5 2	1:08.77	18	-	-	* 1	B/TT	-	沙田	2.7		28.0		127.5	46.0		527.0
2019/11/3	4	第三班	1200米	(80-60)	好地至快地	草地 - "C+3" 賽道	3	11	連利之星(S093)	蘇狄雄	蘇保羅	115	1140	3	1-1/4	6 6 3	1:08.86	61	-	-	1	B	9	沙田	2.7			70.0			101.0	527.0
2019/11/3	4	第三班	1200米	(80-60)	好地至快地	草地 - "C+3" 賽道	4	5	鼓浪順風(D040)	利敬國	姚本輝	125	1150	2	1-3/4	2 2 4	1:08.95	7	-	-	+ 1	 	4	沙田	2.7							
2019/11/3	4	第三班	1200米	(80-60)	好地至快地	草地 - "C+3" 賽道	5	4	老實人(B200)	李寶利	霍利時	125	1224	9	2	10 10 5	1:08.97	16	-	-	+ 1	 	5	沙田	2.7							
2019/11/3	4	第三班	1200米	(80-60)	好地至快地	草地 - "C+3" 賽道	6	6	好鬥心(C443)	何澤堯	呂健威	124	1098	11	2-1/4	11 11 6	1:09.00	130	-	-	* 1	H1	5	沙田	2.7							
2019/11/3	4	第三班	1200米	(80-60)	好地至快地	草地 - "C+3" 賽道	7	10	加州多寶(C077)	沈拿	告東尼	119	1156	7	2-1/2	8 8 7	1:09.05	23	-	-	1	B/TT	5	沙田	2.7							
2019/11/3	4	第三班	1200米	(80-60)	好地至快地	草地 - "C+3" 賽道	8	12	問鼎高峰(A009)	巫顯東	高伯新	110	1158	12	5	12 12 8	1:09.43	173	-	-	* 1	B-	-	沙田	2.7							
2019/11/3	4	第三班	1200米	(80-60)	好地至快地	草地 - "C+3" 賽道	9	8	度身訂做(C522)	黃皓楠	鄭俊偉	120	1051	6	6	9 9 9	1:09.61	251	-	-	+ 1	 	4	沙田	2.7							
2019/11/3	4	第三班	1200米	(80-60)	好地至快地	草地 - "C+3" 賽道	10	3	大歡笑(C213)	楊明綸	容天鵬	126	1135	10	6	3 3 10	1:09.61	32	-	-	* 1	SR	5	沙田	2.7							
2019/11/3	4	第三班	1200米	(80-60)	好地至快地	草地 - "C+3" 賽道	11	1	將悅(D022)	史卓豐	韋達	133	1209	4	8-3/4	7 7 11	1:10.06	3.1	2nd Hot	-	+ 1	XB1	4	沙田	2.7							
2019/11/3	4	第三班	1200米	(80-60)	好地至快地	草地 - "C+3" 賽道	12	7	騷哥利(C430)	希威森	徐雨石	123	1013	5	14-1/2	4 4 12	1:10.99	127	-	-	1	 	5	沙田	2.7							
2019/11/3	5	第四班	1400米	(60-40)	好地至快地	草地 - "C+3" 賽道	1	2	承你所願(A178)	陳嘉熙	韋達	122	1162	1	-	1 1 1 1	1:21.08	3.6	1st Hot	-	1	B/XB	6	沙田	2.7	15.5			121.5	45.5	33.0	
2019/11/3	5	第四班	1400米	(60-40)	好地至快地	草地 - "C+3" 賽道	2	7	天意(V417)	田泰安	蘇保羅	125	1151	12	3/4	12 13 11 2	1:21.21	7.3	-	-	1	B	6	沙田	2.7		24.5		121.5	45.5		54.5
2019/11/3	5	第四班	1400米	(60-40)	好地至快地	草地 - "C+3" 賽道	3	4	都市神話(A086)	潘頓	容天鵬	127	1031	3	1-1/4	5 6 4 3	1:21.28	3.9	2nd Hot	-	+ 1	B	6	沙田	2.7			16.0			33.0	54.5
2019/11/3	5	第四班	1400米	(60-40)	好地至快地	草地 - "C+3" 賽道	4	5	正本開心(C227)	郭能	羅富全	127	1145	6	2	4 5 6 4	1:21.41	63	-	-	* 1	TT	4	沙田	2.7							
2019/11/3	5	第四班	1400米	(60-40)	好地至快地	草地 - "C+3" 賽道	5	10	陽明秋秋(A057)	何澤堯	呂健威	122	1137	10	2-1/4	10 11 10 5	1:21.43	12	-	-	1	TT	7	沙田	2.7							
2019/11/3	5	第四班	1400米	(60-40)	好地至快地	草地 - "C+3" 賽道	6	14	爆騷(A207)	黎海榮	徐雨石	118	1101	13	3-3/4	14 14 14 6	1:21.66	94	-	-	+ 1	 	5	沙田	2.7							
2019/11/3	5	第四班	1400米	(60-40)	好地至快地	草地 - "C+3" 賽道	7	11	創紀錄(C168)	梁家俊	沈集成	119	1094	8	4-1/4	11 9 9 7	1:21.77	21	-	-	1	B/TT	4	沙田	2.7							
2019/11/3	5	第四班	1400米	(60-40)	好地至快地	草地 - "C+3" 賽道	8	12	三圓䮭路(C149)	利敬國	葉楚航	119	1109	14	5	6 4 3 8	1:21.86	18	-	-	+ 1	 	6	沙田	2.7							
2019/11/3	5	第四班	1400米	(60-40)	好地至快地	草地 - "C+3" 賽道	9	6	得益良多(C353)	貝力斯	約翰摩亞	126	1096	11	6-1/4	13 12 12 9	1:22.08	11	-	-	+ 1	CP/XB/TT	4	沙田	2.7							
2019/11/3	5	第四班	1400米	(60-40)	好地至快地	草地 - "C+3" 賽道	10	1	精進百樂(C177)	莫雷拉	高伯新	132	1229	7	7	9 7 7 10	1:22.20	5.4	-	-	+ 1	 	4	沙田	2.7							
2019/11/3	5	第四班	1400米	(60-40)	好地至快地	草地 - "C+3" 賽道	11	3	中神通(C444)	薛恩	蔡約翰	130	1135	9	7-1/2	8 8 8 11	1:22.28	29	-	-	+ 1	 	4	沙田	2.7							
2019/11/3	5	第四班	1400米	(60-40)	好地至快地	草地 - "C+3" 賽道	12	13	真跑得(A220)	黃皓楠	方嘉柏	116	1098	2	8-1/4	7 10 13 12	1:22.39	118	-	-	* 1	H-/PC-/XB-/TT1	5	沙田	2.7							
2019/11/3	5	第四班	1400米	(60-40)	好地至快地	草地 - "C+3" 賽道	13	9	又夠醒(C305)	沈拿	姚本輝	122	1160	5	8-3/4	3 3 2 13	1:22.46	127	-	-	1	B	4	沙田	2.7							
2019/11/3	5	第四班	1400米	(60-40)	好地至快地	草地 - "C+3" 賽道	14	8	笑傲成功(C250)	楊明綸	丁冠豪	123	1239	4	12-1/2	2 2 5 14	1:23.09	49	-	-	+ 1	CP1/TT	4	沙田	2.7							
2019/11/3	6	第二班	1200米	(105-80)	好地至快地	草地 - "C+3" 賽道	1	6	常感恩(B312)	郭能	約翰摩亞	124	1243	1	-	2 2 1	1:07.89	5	2nd Hot	-	2	CP	4	沙田	2.7	17.5			219.0	62.5	23.5	
2019/11/3	6	第二班	1200米	(105-80)	好地至快地	草地 - "C+3" 賽道	2	1	加州議長(A114)	田泰安	告東尼	133	1159	9	1-3/4	9 7 2	1:08.16	9.7	-	-	1	B/H/TT	7	沙田	2.7		24.0		219.0	62.5		34.5
2019/11/3	6	第二班	1200米	(105-80)	好地至快地	草地 - "C+3" 賽道	3	2	載譽歸來(C215)	莫雷拉	羅富全	130	1157	4	2-1/2	3 3 3	1:08.27	1.8	1st Hot	-	+ 1	B	5	沙田	2.7			11.5			23.5	34.5
2019/11/3	6	第二班	1200米	(105-80)	好地至快地	草地 - "C+3" 賽道	4	12	亮先生(B179)	潘明輝	賀賢	111	1107	6	3	1 1 4	1:08.37	35	-	-	1	 	6	沙田	2.7							
2019/11/3	6	第二班	1200米	(105-80)	好地至快地	草地 - "C+3" 賽道	5	4	精算風暴(B173)	薛恩	蔡約翰	127	1157	12	3	11 11 5	1:08.38	27	-	-	2	PC	5	沙田	2.7							
2019/11/3	6	第二班	1200米	(105-80)	好地至快地	草地 - "C+3" 賽道	6	3	豹子頭(B083)	李寶利	徐雨石	130	991	3	4	5 4 6	1:08.53	74	-	-	1	 	5	沙田	2.7							
2019/11/3	6	第二班	1200米	(105-80)	好地至快地	草地 - "C+3" 賽道	7	10	美麗滿紛(C475)	蔡明紹	蔡約翰	115	1177	7	4-1/4	8 9 7	1:08.59	11	-	-	1	B	4	沙田	2.7							
2019/11/3	6	第二班	1200米	(105-80)	好地至快地	草地 - "C+3" 賽道	8	5	新強勇駿(B065)	利敬國	苗禮德	124	1030	10	4-1/2	10 10 8	1:08.60	23	-	-	+ 1	XB	5	沙田	2.7							
2019/11/3	6	第二班	1200米	(105-80)	好地至快地	草地 - "C+3" 賽道	9	9	春花秋月(C267)	史卓豐	約翰摩亞	118	1037	2	5-1/2	6 6 9	1:08.79	10	-	-	1	H/XB	4	沙田	2.7							
2019/11/3	6	第二班	1200米	(105-80)	好地至快地	草地 - "C+3" 賽道	10	7	開心神駒(T200)	巴度	苗禮德	121	1107	11	6	12 12 10	1:08.85	72	-	-	2	 	8	沙田	2.7							
2019/11/3	6	第二班	1200米	(105-80)	好地至快地	草地 - "C+3" 賽道	11	11	電訊驫馬(C181)	黃皓楠	丁冠豪	112	1130	8	7-3/4	4 5 11	1:09.11	77	-	-	* 1	TT	5	沙田	2.7							
2019/11/3	6	第二班	1200米	(105-80)	好地至快地	草地 - "C+3" 賽道	12	8	悅跑得(C502)	何澤堯	葉楚航	117	1137	5	8-1/4	7 8 12	1:09.19	21	-	-	1	 	4	沙田	2.7							
2019/11/3	7	國際三級賽	1800米 		好地至快地	草地 - "C+3" 賽道	1	2	川河尊駒(A252)	沈拿	方嘉柏	127	1171	9	-	2 3 4 2 1	1:45.25	28	-	-		V	7	沙田	2.7	59.0			1156.0	230.5	104.5	
2019/11/3	7	國際三級賽	1800米 		好地至快地	草地 - "C+3" 賽道	2	5	馬克羅斯(A066)	巴度	告東尼	122	1244	11	頸位	1 1 1 1 2	1:45.31	9.8	-	-		TT	7	沙田	2.7		30.0		1156.0	230.5		58.5
2019/11/3	7	國際三級賽	1800米 		好地至快地	草地 - "C+3" 賽道	3	1	時時精綵(B101)	潘頓	告東尼	133	1075	1	1-1/4	7 6 7 6 3	1:45.45	2.7	1st Hot	-		XB/TT	6	沙田	2.7			13.5			104.5	58.5
2019/11/3	7	國際三級賽	1800米 		好地至快地	草地 - "C+3" 賽道	4	11	聖靈之都(D801)	何華麟	劉志森	115	1140	7	2	4 5 8 10 4	1:45.59	31	-	-		P-	5	沙田	2.7							
2019/11/3	7	國際三級賽	1800米 		好地至快地	草地 - "C+3" 賽道	5	7	龍船鼓響(T286)	潘明輝	姚本輝	118	1044	4	3-1/4	11 9 11 9 5	1:45.79	45	-	-		H/XB	8	沙田	2.7							
2019/11/3	7	國際三級賽	1800米 		好地至快地	草地 - "C+3" 賽道	6	3	鷹雄(A093)	利敬國	約翰摩亞	124	1096	5	4-1/4	3 4 6 8 6	1:45.94	14	-	-		B/TT	7	沙田	2.7							
2019/11/3	7	國際三級賽	1800米 		好地至快地	草地 - "C+3" 賽道	7	10	好好瑪(B318)	何澤堯	賀賢	115	1057	6	4-3/4	10 11 10 7 7	1:46.00	12	-	-		 	5	沙田	2.7							
2019/11/3	7	國際三級賽	1800米 		好地至快地	草地 - "C+3" 賽道	8	8	添滿意(C079)	田泰安	羅富全	113	1093	8	6-1/2	8 8 3 3 8	1:46.29	4	2nd Hot	-		B	5	沙田	2.7							
2019/11/3	7	國際三級賽	1800米 		好地至快地	草地 - "C+3" 賽道	9	9	翠龍(B156)	黎海榮	徐雨石	113	1072	3	7	9 10 5 5 9	1:46.36	112	-	-		H1/SR1	6	沙田	2.7							
2019/11/3	7	國際三級賽	1800米 		好地至快地	草地 - "C+3" 賽道	10	6	星洲司令(B104)	史卓豐	苗禮德	120	1085	10	7-1/2	6 2 2 4 10	1:46.47	26	-	-		SR/XB	6	沙田	2.7							
2019/11/3	7	國際三級賽	1800米 		好地至快地	草地 - "C+3" 賽道	11	4	達龍駒(C075)	莫雷拉	羅富全	122	1115	2	9-3/4	5 7 9 11 11	1:46.80	4.7	-	-		CP1	5	沙田	2.7							
2019/11/3	8	第三班	1400米	(80-60)	好地至快地	草地 - "C+3" 賽道	1	13	快馬飛馳(C277)	利敬國	羅富全	116	1141	12	-	6 6 5 1	1:21.16	16	-	-	+ 1	H/TT	4	沙田	2.7	40.5			248.0	75.0	179.0	
2019/11/3	8	第三班	1400米	(80-60)	好地至快地	草地 - "C+3" 賽道	2	11	帝豪寶寶(A050)	潘頓	沈集成	133	1158	1	短馬頭位	3 2 2 2	1:21.17	3.4	2nd Hot	-	1	B/TT	6	沙田	2.7		15.0		248.0	75.0		51.0
2019/11/3	8	第三班	1400米	(80-60)	好地至快地	草地 - "C+3" 賽道	3	1	喜佳龍(B377)	史卓豐	蘇偉賢	125	1156	10	3/4	8 7 7 3	1:21.30	7.6	-	-	+ 1	XB/TT	5	沙田	2.7			21.0			179.0	51.0
2019/11/3	8	第三班	1400米	(80-60)	好地至快地	草地 - "C+3" 賽道	4	14	路路之星(C031)	田泰安	葉楚航	115	1156	6	1-1/2	1 1 1 4	1:21.39	5.8	-	-	1	CP1	5	沙田	2.7							
2019/11/3	8	第三班	1400米	(80-60)	好地至快地	草地 - "C+3" 賽道	5	6	智力寶(B311)	莫雷拉	蔡約翰	122	1190	2	2	5 5 3 5	1:21.47	3	1st Hot	-	1	 	5	沙田	2.7							
2019/11/3	8	第三班	1400米	(80-60)	好地至快地	草地 - "C+3" 賽道	6	5	嘜誰嘜誰(C323)	何華麟	告東尼	122	1167	11	2-1/2	13 13 13 6	1:21.57	29	-	-	+ 1	B/TT	4	沙田	2.7							
2019/11/3	8	第三班	1400米	(80-60)	好地至快地	草地 - "C+3" 賽道	7	9	明欣賞(C327)	何澤堯	賀賢	120	1050	4	2-3/4	2 3 4 7	1:21.60	16	-	-	* 1	 	4	沙田	2.7							
2019/11/3	8	第三班	1400米	(80-60)	好地至快地	草地 - "C+3" 賽道	8	3	財富超影(C392)	薛恩	蘇保羅	124	1093	5	3-1/4	7 8 8 8	1:21.70	14	-	-	+ 1	 	4	沙田	2.7							
2019/11/3	8	第三班	1400米	(80-60)	好地至快地	草地 - "C+3" 賽道	9	8	蒙古傳奇(B317)	沈拿	徐雨石	121	1143	3	4-1/2	11 12 12 9	1:21.87	27	-	-	1	 	6	沙田	2.7							
2019/11/3	8	第三班	1400米	(80-60)	好地至快地	草地 - "C+3" 賽道	10	2	睡眠攻略(C493)	郭能	霍利時	124	1117	13	4-3/4	12 11 11 10	1:21.92	127	-	-	1	SR1	4	沙田	2.7							
2019/11/3	8	第三班	1400米	(80-60)	好地至快地	草地 - "C+3" 賽道	11	7	機臣(D041)	貝力斯	約翰摩亞	124	1112	7	6-1/2	10 10 10 11	1:22.21	81	-	-	2	B1/XB1	4	沙田	2.7							
2019/11/3	8	第三班	1400米	(80-60)	好地至快地	草地 - "C+3" 賽道	12	4	真精采(C270)	巫顯東	呂健威	120	1179	8	7-1/4	4 4 6 12	1:22.33	232	-	-	1	TT	4	沙田	2.7							
2019/11/3	8	第三班	1400米	(80-60)	好地至快地	草地 - "C+3" 賽道	13	12	歡樂一生(T134)	黃皓楠	高伯新	115	1146	9	10	9 9 9 13	1:22.77	125	-	-	* 1	B	8	沙田	2.7							
2019/11/3	8	第三班	1400米	(80-60)	好地至快地	草地 - "C+3" 賽道		10	神威敖翔(V150)	李寶利	方嘉柏	119	---	---	---	---	---	---	-	-	-	-	-	沙田	2.7							
2019/11/3	8	第三班	1400米	(80-60)	好地至快地	草地 - "C+3" 賽道			美麗動力(B149)	貝力斯	約翰摩亞	121	---	---	---	---	---	---	-	-	-	-	-	沙田	2.7							
2019/11/3	8	第三班	1400米	(80-60)	好地至快地	草地 - "C+3" 賽道			德勝門(C375)	楊明綸	容天鵬	119	---	---	---	---	---	---	-	-	-	-	4	沙田	2.7							
2019/11/3	9	第三班	1600米	(80-60)	好地至快地	草地 - "C+3" 賽道	1	1	蟲草之星(B070)	何澤堯	呂健威	133	1181	10	-	2 2 2 1	1:33.30	11	-	-	+ 1	B	5	沙田	2.7	32.0			282.0	96.5	340.0	
2019/11/3	9	第三班	1600米	(80-60)	好地至快地	草地 - "C+3" 賽道	2	8	美麗日子(B076)	陳嘉熙	容天鵬	115	1146	5	3/4	1 1 1 2	1:33.43	5.7	-	-	1	B/H	6	沙田	2.7		18.5		282.0	96.5		162.5
2019/11/3	9	第三班	1600米	(80-60)	好地至快地	草地 - "C+3" 賽道	3	13	關鍵時機(C159)	蔡明紹	方嘉柏	119	1116	1	1-1/4	4 3 3 3	1:33.48	20	-	-	1	B-	5	沙田	2.7			52.0			340.0	162.5
2019/11/3	9	第三班	1600米	(80-60)	好地至快地	草地 - "C+3" 賽道	4	5	包裝才子(C069)	田泰安	告東尼	132	1187	4	1-1/4	10 9 9 4	1:33.49	6.7	-	-	1	B/TT	-	沙田	2.7							
2019/11/3	9	第三班	1600米	(80-60)	好地至快地	草地 - "C+3" 賽道	5	2	吉金寶(C298)	利敬國	苗禮德	133	1055	3	1-1/2	7 6 6 5	1:33.53	14	-	-	+ 1	B/XB	5	沙田	2.7							
2019/11/3	9	第三班	1600米	(80-60)	好地至快地	草地 - "C+3" 賽道	6	14	機智神駒(B289)	莫雷拉	姚本輝	116	1191	14	3-1/4	5 5 5 6	1:33.80	4.3	1st Hot	-	+ 1	B	5	沙田	2.7							
2019/11/3	9	第三班	1600米	(80-60)	好地至快地	草地 - "C+3" 賽道	7	11	錶之皇者(B398)	巴度	文家良	122	1226	8	3-3/4	11 10 11 7	1:33.88	12	-	-	+ 1	B	5	沙田	2.7							
2019/11/3	9	第三班	1600米	(80-60)	好地至快地	草地 - "C+3" 賽道	8	7	天外天(B435)	潘頓	約翰摩亞	126	1067	9	4-3/4	8 8 7 8	1:34.07	4.5	2nd Hot	-	1	B/TT	4	沙田	2.7							
2019/11/3	9	第三班	1600米	(80-60)	好地至快地	草地 - "C+3" 賽道	9	4	心多多(B264)	薛恩	蘇保羅	132	1024	7	5	3 4 4 9	1:34.10	23	-	-	1	CP	6	沙田	2.7							
2019/11/3	9	第三班	1600米	(80-60)	好地至快地	草地 - "C+3" 賽道	10	12	傲風雲(A344)	楊明綸	丁冠豪	120	1235	2	5	6 7 8 10	1:34.10	21	-	-	1	B/TT	-	沙田	2.7							
2019/11/3	9	第三班	1600米	(80-60)	好地至快地	草地 - "C+3" 賽道	11	6	全才(B213)	史卓豐	羅富全	132	1058	13	8-1/4	9 11 12 11	1:34.63	23	-	-	1	B/TT	6	沙田	2.7							
2019/11/3	9	第三班	1600米	(80-60)	好地至快地	草地 - "C+3" 賽道	12	9	尖子(C266)	黎海榮	徐雨石	124	1079	11	8-1/2	14 13 13 12	1:34.65	206	-	-	1	B/SR1	5	沙田	2.7							
2019/11/3	9	第三班	1600米	(80-60)	好地至快地	草地 - "C+3" 賽道	13	3	老撾之光(C291)	沈拿	約翰摩亞	133	1015	6	8-3/4	13 12 10 13	1:34.69	224	-	-	2	B	4	沙田	2.7							
2019/11/3	9	第三班	1600米	(80-60)	好地至快地	草地 - "C+3" 賽道	14	10	首飾大帝(V333)	李寶利	蔡約翰	123	1132	12	29-1/2	12 14 14 14	1:38.04	92	-	-	* 1	B	-	沙田	2.7							
2019/11/3	10	第二班	1600米	(95-75)	好地至快地	草地 - "C+3" 賽道	1	10	幸福笑容(C199)	田泰安	呂健威	121	1215	12	-	9 8 9 1	1:33.28	5.1	-	-	+ 1	 	4	沙田	2.7	20.5			1075.5	297.5	59.5	
2019/11/3	10	第二班	1600米	(95-75)	好地至快地	草地 - "C+3" 賽道	2	11	四通八達(C024)	史卓豐	蔡約翰	119	1064	11	1	11 11 11 2	1:33.43	26	-	-	2	P1	5	沙田	2.7		66.0		1075.5	297.5		209.5
2019/11/3	10	第二班	1600米	(95-75)	好地至快地	草地 - "C+3" 賽道	3	9	開心好玩(B316)	陳嘉熙	沈集成	111	1139	2	1	1 1 1 3	1:33.44	4.9	2nd Hot	-	1	B/TT	6	沙田	2.7			18.5			59.5	209.5
2019/11/3	10	第二班	1600米	(95-75)	好地至快地	草地 - "C+3" 賽道	4	3	喜蓮騏星(C165)	何澤堯	告東尼	128	1028	1	1-1/2	7 7 5 4	1:33.53	20	-	-	2	XB/TT	5	沙田	2.7							
2019/11/3	10	第二班	1600米	(95-75)	好地至快地	草地 - "C+3" 賽道	5	1	志同道合(B287)	薛恩	蔡約翰	133	1128	6	2-1/2	3 4 3 5	1:33.70	9.1	-	-	1	SR	5	沙田	2.7							
2019/11/3	10	第二班	1600米	(95-75)	好地至快地	草地 - "C+3" 賽道	6	12	健快聯盟(C135)	巴度	蘇保羅	118	1172	10	3	6 5 6 6	1:33.76	8.9	-	-	1	 	5	沙田	2.7							
2019/11/3	10	第二班	1600米	(95-75)	好地至快地	草地 - "C+3" 賽道	7	5	將耀(C429)	莫雷拉	告東尼	125	1081	4	3-3/4	8 9 10 7	1:33.88	4.5	1st Hot	-	1	H/TT	4	沙田	2.7							
2019/11/3	10	第二班	1600米	(95-75)	好地至快地	草地 - "C+3" 賽道	8	8	得勝駒(B112)	沈拿	韋達	121	1112	8	5	13 13 12 8	1:34.07	42	-	-	1	SR/XB	5	沙田	2.7							
2019/11/3	10	第二班	1600米	(95-75)	好地至快地	草地 - "C+3" 賽道	9	4	安采(D066)	潘頓	約翰摩亞	125	1175	7	6	5 6 8 9	1:34.25	10	-	-	+ 1	B1/XB1	4	沙田	2.7							
2019/11/3	10	第二班	1600米	(95-75)	好地至快地	草地 - "C+3" 賽道	10	6	與龍共舞(B129)	梁家俊	何良	124	1099	5	6-1/4	10 10 7 10	1:34.30	23	-	-	1	H/P/TT	6	沙田	2.7							
2019/11/3	10	第二班	1600米	(95-75)	好地至快地	草地 - "C+3" 賽道	11	7	星運明爵(C431)	蔡明紹	方嘉柏	123	1098	9	6-3/4	2 2 2 11	1:34.36	14	-	-	+ 1	PC/XB	4	沙田	2.7							
2019/11/3	10	第二班	1600米	(95-75)	好地至快地	草地 - "C+3" 賽道	12	13	馭風行(C433)	蘇狄雄	蘇保羅	112	1170	13	7-1/2	12 12 13 12	1:34.48	204	-	-	2	 	4	沙田	2.7							
2019/11/3	10	第二班	1600米	(95-75)	好地至快地	草地 - "C+3" 賽道	13	2	勁無比(B034)	利敬國	羅富全	129	1106	3	12-3/4	4 3 4 13	1:35.32	18	-	-	1	V	5	沙田	2.7							
2019/11/6	1	第四班	1200米	(60-40)	好地	草地 - "B" 賽道	1	11	贏多多(C004)	李寶利	丁冠豪	122	1056	1	-	2 2 1	1:09.25	3	1st Hot	-	2	CP-/H-/B1	5	跑馬地	2.71	14.0			87.0	38.0	77.5	
2019/11/6	1	第四班	1200米	(60-40)	好地	草地 - "B" 賽道	2	9	旋風腿(B002)	莫雷拉	蔡約翰	123	1093	3	2-1/4	4 4 2	1:09.60	6.3	-	-	2	PC	-	跑馬地	2.71		21.0		87.0	38.0		115.5
2019/11/6	1	第四班	1200米	(60-40)	好地	草地 - "B" 賽道	3	10	勁瀟灑(C252)	何澤堯	羅富全	123	1106	5	3-3/4	3 3 3	1:09.83	16	-	-	1	B/XB/TT	4	跑馬地	2.71			46.0			77.5	115.5
2019/11/6	1	第四班	1200米	(60-40)	好地	草地 - "B" 賽道	4	7	奇妙日(B332)	巴度	苗禮德	125	1195	8	4	1 1 4	1:09.89	11	-	-	* 2	B/TT	6	跑馬地	2.71							
2019/11/6	1	第四班	1200米	(60-40)	好地	草地 - "B" 賽道	5	4	肥仔(V071)	利敬國	韋達	127	1153	7	4	8 8 5	1:09.89	5.8	2nd Hot	-	+ 1	B/XB	-	跑馬地	2.71							
2019/11/6	1	第四班	1200米	(60-40)	好地	草地 - "B" 賽道	6	2	運才(A251)	沈拿	方嘉柏	129	1192	4	4-1/2	6 6 6	1:09.98	19	-	-	+ 1	P-/H/XB	6	跑馬地	2.71							
2019/11/6	1	第四班	1200米	(60-40)	好地	草地 - "B" 賽道	7	6	飛帥(C455)	黎海榮	何良	125	1155	12	5-1/2	11 10 7	1:10.13	120	-	-	1	H	4	跑馬地	2.71							
2019/11/6	1	第四班	1200米	(60-40)	好地	草地 - "B" 賽道	8	1	勇者勝(B010)	潘頓	高伯新	133	1136	9	5-3/4	10 9 8	1:10.16	6.4	-	-	1	B/H/XB/TT	6	跑馬地	2.71							
2019/11/6	1	第四班	1200米	(60-40)	好地	草地 - "B" 賽道	9	3	必有利(C410)	梁家俊	沈集成	127	1179	2	6-1/4	5 5 9	1:10.26	18	-	-	1	B1/TT1	-	跑馬地	2.71							
2019/11/6	1	第四班	1200米	(60-40)	好地	草地 - "B" 賽道	10	12	生生勝勝(C110)	田泰安	姚本輝	116	994	10	9	9 11 10	1:10.70	15	-	-	+ 2	B-	4	跑馬地	2.71							
2019/11/6	1	第四班	1200米	(60-40)	好地	草地 - "B" 賽道	11	8	箭神寶(C384)	郭能	徐雨石	124	1166	6	9-1/2	7 7 11	1:10.78	13	-	-	* 2	B1	4	跑馬地	2.71							
2019/11/6	1	第四班	1200米	(60-40)	好地	草地 - "B" 賽道	WXNR	5	甲烷(C469)	希威森	霍利時	127	---	---	---	12 12	---	---	-	-	-	-	4	跑馬地	2.71							
2019/11/6	2	第五班	1650米	(40-0)	好地	草地 - "B" 賽道	1	11	堅離地(A235)	田泰安	蘇偉賢	120	1072	12	-	12 12 12 1	1:40.32	13	-	-	1	H/XB/TT	6	跑馬地	2.71	35.0			393.5	126.0	107.0	
2019/11/6	2	第五班	1650米	(40-0)	好地	草地 - "B" 賽道	2	10	喜悅明駒(A044)	梁家俊	丁冠豪	127	1017	3	頭位	7 7 7 2	1:40.35	7.8	-	-	+ 1	H/TT	7	跑馬地	2.71		21.0		393.5	126.0		57.5
2019/11/6	2	第五班	1650米	(40-0)	好地	草地 - "B" 賽道	3	3	駿協精英(V207)	潘明輝	何良	129	1177	1	1	4 3 4 3	1:40.48	6.2	2nd Hot	-	+ 1	H/SR	7	跑馬地	2.71			19.0			107.0	57.5
2019/11/6	2	第五班	1650米	(40-0)	好地	草地 - "B" 賽道	4	1	話晒事(B239)	潘頓	告東尼	133	980	9	1-3/4	3 4 3 4	1:40.61	3	1st Hot	-	+ 1	B/TT	-	跑馬地	2.71							
2019/11/6	2	第五班	1650米	(40-0)	好地	草地 - "B" 賽道	5	2	金津輝煌(V400)	莫雷拉	苗禮德	133	1155	11	2	11 11 9 5	1:40.63	8.3	-	-	* 1	B	6	跑馬地	2.71							
2019/11/6	2	第五班	1650米	(40-0)	好地	草地 - "B" 賽道	6	6	金錢炮(T022)	何澤堯	呂健威	130	962	8	2	8 8 8 6	1:40.65	7.9	-	-	* 1	B/H/XB	8	跑馬地	2.71							
2019/11/6	2	第五班	1650米	(40-0)	好地	草地 - "B" 賽道	7	9	威震天(V119)	陳嘉熙	姚本輝	118	1128	10	3	2 2 2 7	1:40.80	8.2	-	-	1	B/TT	8	跑馬地	2.71							
2019/11/6	2	第五班	1650米	(40-0)	好地	草地 - "B" 賽道	8	12	易勝相吸(B275)	利敬國	鄭俊偉	115	1138	6	3-1/4	1 1 1 8	1:40.83	12	-	-	+ 1	PC-/B2/TT	-	跑馬地	2.71							
2019/11/6	2	第五班	1650米	(40-0)	好地	草地 - "B" 賽道	9	8	威紫荊(B325)	沈拿	徐雨石	130	1026	5	5	9 9 10 9	1:41.14	130	-	-	* 1	 	4	跑馬地	2.71							
2019/11/6	2	第五班	1650米	(40-0)	好地	草地 - "B" 賽道	10	5	玩斗財星(C243)	巴度	高伯新	131	1114	4	6-1/2	6 6 5 10	1:41.35	47	-	-	+ 1	B	4	跑馬地	2.71							
2019/11/6	2	第五班	1650米	(40-0)	好地	草地 - "B" 賽道	11	7	無敵威龍(B443)	蔡明紹	蘇保羅	130	1055	2	6-1/2	5 5 6 11	1:41.36	28	-	-	* 1	H-/B	-	跑馬地	2.71							
2019/11/6	2	第五班	1650米	(40-0)	好地	草地 - "B" 賽道	12	4	運來寶兒(B444)	楊明綸	容天鵬	131	1082	7	10-1/4	10 10 11 12	1:41.95	133	-	-	* 1	B/TT	5	跑馬地	2.71							
2019/11/6	3	第四班	1200米	(60-40)	好地	草地 - "B" 賽道	1	1	索先生(T330)	潘頓	賀賢	133	1153	2	-	4 4 1	1:10.12	3.3	1st Hot	-	+ 1	B	-	跑馬地	2.71	13.5			87.0	33.5	31.0	
2019/11/6	3	第四班	1200米	(60-40)	好地	草地 - "B" 賽道	2	11	馬功臣(A296)	田泰安	蘇偉賢	117	1105	4	頸位	7 7 2	1:10.16	4.5	-	-	+ 1	B/E/TT	6	跑馬地	2.71		18.5		87.0	33.5		41.5
2019/11/6	3	第四班	1200米	(60-40)	好地	草地 - "B" 賽道	3	9	孖寶(C239)	蔡明紹	蘇保羅	119	1193	1	1	1 2 3	1:10.29	4	2nd Hot	-	1	XB	4	跑馬地	2.71			16.5			31.0	41.5
2019/11/6	3	第四班	1200米	(60-40)	好地	草地 - "B" 賽道	4	8	富祿(C352)	巴度	葉楚航	120	1079	9	1-3/4	9 10 4	1:10.39	11	-	-	+ 1	 	5	跑馬地	2.71							
2019/11/6	3	第四班	1200米	(60-40)	好地	草地 - "B" 賽道	5	7	金碧輝煌(T076)	梁家俊	丁冠豪	125	1086	3	3-1/4	5 5 5	1:10.64	12	-	-	1	B/TT	9	跑馬地	2.71							
2019/11/6	3	第四班	1200米	(60-40)	好地	草地 - "B" 賽道	6	6	銀時(C216)	薛恩	容天鵬	125	1136	8	3-1/4	3 1 6	1:10.65	6.5	-	-	* 2	B	5	跑馬地	2.71							
2019/11/6	3	第四班	1200米	(60-40)	好地	草地 - "B" 賽道	7	10	飛雲騅(B274)	沈拿	方嘉柏	118	1107	10	4-1/4	11 8 7	1:10.79	14	-	-	* 2	SR-/TT1	5	跑馬地	2.71							
2019/11/6	3	第四班	1200米	(60-40)	好地	草地 - "B" 賽道	8	5	東方雷(C500)	蘇狄雄	何良	123	1070	5	4-1/2	10 11 8	1:10.83	86	-	-	2	H1/TT1	4	跑馬地	2.71							
2019/11/6	3	第四班	1200米	(60-40)	好地	草地 - "B" 賽道	9	2	任意駒(C047)	楊明綸	徐雨石	130	1122	6	8-1/2	6 6 9	1:11.50	118	-	-	3	 	4	跑馬地	2.71							
2019/11/6	3	第四班	1200米	(60-40)	好地	草地 - "B" 賽道	10	4	電子傳承(C322)	陳嘉熙	文家良	116	1094	7	11-1/2	2 3 10	1:11.96	28	-	-	2	 	4	跑馬地	2.71							
2019/11/6	3	第四班	1200米	(60-40)	好地	草地 - "B" 賽道	11	3	寶冠多(C156)	黃皓楠	鄭俊偉	127	1010	11	16-1/4	8 9 11	1:12.72	205	-	-	1	B	-	跑馬地	2.71							
2019/11/6	3	第四班	1200米	(60-40)	好地	草地 - "B" 賽道	WV	12	錢途燦爛(C005)	何澤堯	呂健威	114	---	---	---	---	---	---	-	-	-	-	5	跑馬地	2.71							
2019/11/6	3	第四班	1200米	(60-40)	好地	草地 - "B" 賽道	WV		四千金(V362)	莫雷拉	高伯新	131	---	---	---	---	---	---	-	-	-	-	-	跑馬地	2.71							
2019/11/6	4	第四班	1650米	(60-40)	好地	草地 - "B" 賽道	1	5	奇真(T093)	郭能	霍利時	129	1132	1	-	3 4 4 1	1:40.58	5.8	2nd Hot	-	+ 1	 	9	跑馬地	2.71	19.5			170.0	61.0	81.0	
2019/11/6	4	第四班	1650米	(60-40)	好地	草地 - "B" 賽道	2	4	湛江最醒(B406)	潘頓	蘇偉賢	130	1043	12	1-1/4	11 10 11 2	1:40.78	5.1	1st Hot	-	+ 1	TT	5	跑馬地	2.71		21.0		170.0	61.0		103.0
2019/11/6	4	第四班	1650米	(60-40)	好地	草地 - "B" 賽道	3	7	常拼常勝(V037)	利敬國	苗禮德	124	1078	10	1-1/2	12 12 10 3	1:40.80	9.7	-	-	+ 1	V/TT	-	跑馬地	2.71			31.0			81.0	103.0
2019/11/6	4	第四班	1650米	(60-40)	好地	草地 - "B" 賽道	4	9	多多(C109)	李寶利	蔡約翰	122	1018	9	1-1/2	9 9 9 4	1:40.80	8.4	-	-	1	H	4	跑馬地	2.71							
2019/11/6	4	第四班	1650米	(60-40)	好地	草地 - "B" 賽道	5	11	管之星(B006)	田泰安	呂健威	119	1097	6	2-1/2	7 8 8 5	1:40.99	8.5	-	-	+ 1	B/TT	6	跑馬地	2.71							
2019/11/6	4	第四班	1650米	(60-40)	好地	草地 - "B" 賽道	6	12	鑽石達人(V341)	巴度	告東尼	116	1147	5	2-3/4	6 5 3 6	1:41.03	11	-	-	* 1	V/TT	7	跑馬地	2.71							
2019/11/6	4	第四班	1650米	(60-40)	好地	草地 - "B" 賽道	7	3	原班人馬(C164)	何澤堯	葉楚航	131	1058	2	3-1/4	5 6 7 7	1:41.08	10	-	-	+ 1	TT	5	跑馬地	2.71							
2019/11/6	4	第四班	1650米	(60-40)	好地	草地 - "B" 賽道	8	2	友誼之星(V379)	貝力斯	蘇保羅	131	1172	4	3-1/2	8 7 6 8	1:41.12	16	-	-	* 1	B	7	跑馬地	2.71							
2019/11/6	4	第四班	1650米	(60-40)	好地	草地 - "B" 賽道	9	6	鵲橋飛渡(A247)	梁家俊	高伯新	126	1092	11	3-1/2	4 1 1 9	1:41.15	14	-	-	1	H/P/TT	6	跑馬地	2.71							
2019/11/6	4	第四班	1650米	(60-40)	好地	草地 - "B" 賽道	10	8	總統之星(C170)	蔡明紹	沈集成	123	1065	3	3-1/2	1 2 2 10	1:41.15	57	-	-	1	B/TT	4	跑馬地	2.71							
2019/11/6	4	第四班	1650米	(60-40)	好地	草地 - "B" 賽道	11	1	雷公鑿(V279)	莫雷拉	徐雨石	133	1179	8	5	2 3 5 11	1:41.37	5.8	2nd Hot	-	* 1	B	7	跑馬地	2.71							
2019/11/6	4	第四班	1650米	(60-40)	好地	草地 - "B" 賽道	12	10	金銀城(C279)	楊明綸	容天鵬	120	1143	7	14-3/4	10 11 12 12	1:42.93	157	-	-	+ 1	H	4	跑馬地	2.71							
2019/11/6	5	第四班	1800米	(60-40)	好地	草地 - "B" 賽道	1	10	牛精輝煌(A118)	莫雷拉	鄭俊偉	118	1096	2	-	10 8 8 8 1	1:49.20	2.9	1st Hot	-	1	H	7	跑馬地	2.71	14.5			101.0	42.5	98.5	
2019/11/6	5	第四班	1800米	(60-40)	好地	草地 - "B" 賽道	2	12	醉醒神(B436)	蔡明紹	呂健威	114	1049	6	頸位	1 3 3 2 2	1:49.25	6.5	-	-	* 1	H/XB	4	跑馬地	2.71		20.5		101.0	42.5		209.5
2019/11/6	5	第四班	1800米	(60-40)	好地	草地 - "B" 賽道	3	9	神州福星(B326)	希威森	羅富全	119	1023	12	1	11 10 11 11 3	1:49.38	17	-	-	2	TT	6	跑馬地	2.71			45.5			98.5	209.5
2019/11/6	5	第四班	1800米	(60-40)	好地	草地 - "B" 賽道	4	6	捉金皇(B460)	郭能	方嘉柏	123	1131	3	1	3 4 4 3 4	1:49.38	6.2	2nd Hot	-	1	H/P	4	跑馬地	2.71							
2019/11/6	5	第四班	1800米	(60-40)	好地	草地 - "B" 賽道	5	2	悅目星光(A137)	黃皓楠	徐雨石	126	1111	11	1-1/4	2 1 1 1 5	1:49.40	15	-	-	1	 	7	跑馬地	2.71							
2019/11/6	5	第四班	1800米	(60-40)	好地	草地 - "B" 賽道	6	3	開心日子(A333)	田泰安	沈集成	128	1106	1	1-3/4	7 6 6 5 6	1:49.46	16	-	-	+ 1	B/TT	6	跑馬地	2.71							
2019/11/6	5	第四班	1800米	(60-40)	好地	草地 - "B" 賽道	7	1	鴻圖巨星(C163)	潘頓	羅富全	133	1030	5	1-3/4	4 5 5 4 7	1:49.49	7.7	-	-	1	H	5	跑馬地	2.71							
2019/11/6	5	第四班	1800米	(60-40)	好地	草地 - "B" 賽道	8	11	蒜頭爺爺(V039)	何澤堯	葉楚航	116	1026	10	2-1/4	9 9 9 9 8	1:49.57	12	-	-	1	B2	7	跑馬地	2.71							
2019/11/6	5	第四班	1800米	(60-40)	好地	草地 - "B" 賽道	9	7	力王(A065)	巴度	霍利時	123	1053	9	3-1/4	12 11 10 10 9	1:49.74	10	-	-	1	 	7	跑馬地	2.71							
2019/11/6	5	第四班	1800米	(60-40)	好地	草地 - "B" 賽道	10	8	馬友寶寶(C085)	梁家俊	蘇保羅	120	1104	4	9-3/4	6 7 7 7 10	1:50.78	175	-	-	+ 1	B	-	跑馬地	2.71							
2019/11/6	5	第四班	1800米	(60-40)	好地	草地 - "B" 賽道	11	5	志聰明(C319)	蘇狄雄	何良	122	1202	8	11-1/2	8 12 12 12 11	1:51.03	172	-	-	1	CP-/B2	4	跑馬地	2.71							
2019/11/6	5	第四班	1800米	(60-40)	好地	草地 - "B" 賽道	12	4	電路一號(B373)	楊明綸	告東尼	125	1071	7	20	5 2 2 6 12	1:52.39	16	-	-	1	H/TT	5	跑馬地	2.71							
2019/11/6	6	第四班	1200米	(60-40)	好地	草地 - "B" 賽道	1	12	玩到贏(B468)	梁家俊	容天鵬	116	1062	4	-	3 3 1	1:10.14	56	-	-	1	H/TT	5	跑馬地	2.71	125.5			751.5	220.5	866.0	
2019/11/6	6	第四班	1200米	(60-40)	好地	草地 - "B" 賽道	2	1	愛馬劍(B013)	潘頓	丁冠豪	133	1034	1	1/2	5 5 2	1:10.23	2.8	1st Hot	-	3	TT	6	跑馬地	2.71		14.0		751.5	220.5		111.5
2019/11/6	6	第四班	1200米	(60-40)	好地	草地 - "B" 賽道	3	6	紅旺(C341)	田泰安	葉楚航	124	1175	9	2	2 2 3	1:10.47	12	-	-	* 2	TT1	4	跑馬地	2.71			45.0			866.0	111.5
2019/11/6	6	第四班	1200米	(60-40)	好地	草地 - "B" 賽道	4	11	全心全意(C254)	利敬國	姚本輝	117	1105	11	2-1/4	4 4 4	1:10.52	9.6	-	-	+ 1	 	4	跑馬地	2.71							
2019/11/6	6	第四班	1200米	(60-40)	好地	草地 - "B" 賽道	5	3	壽臣(C326)	莫雷拉	約翰摩亞	128	1135	12	2-1/4	8 8 5	1:10.52	7.3	-	-	1	B	4	跑馬地	2.71							
2019/11/6	6	第四班	1200米	(60-40)	好地	草地 - "B" 賽道	6	10	槍槍中(C092)	潘明輝	蘇偉賢	116	1084	5	3-3/4	1 1 6	1:10.74	66	-	-	* 2	TT	5	跑馬地	2.71							
2019/11/6	6	第四班	1200米	(60-40)	好地	草地 - "B" 賽道	7	7	從頭越(B073)	貝力斯	徐雨石	123	1167	8	3-3/4	10 10 7	1:10.75	92	-	-	+ 1	B	6	跑馬地	2.71							
2019/11/6	6	第四班	1200米	(60-40)	好地	草地 - "B" 賽道	8	9	善傳千里(A121)	楊明綸	文家良	118	1100	2	3-3/4	6 6 8	1:10.76	6	-	-	+ 1	 	6	跑馬地	2.71							
2019/11/6	6	第四班	1200米	(60-40)	好地	草地 - "B" 賽道	9	4	龍騰摘星(A294)	巴度	苗禮德	127	1204	7	3-3/4	9 9 9	1:10.76	4.9	2nd Hot	-	* 1	B-	-	跑馬地	2.71							
2019/11/6	6	第四班	1200米	(60-40)	好地	草地 - "B" 賽道	10	8	大運舞台(T256)	黃皓楠	鄭俊偉	116	1103	10	5-1/4	12 12 10	1:10.97	98	-	-	2	B	9	跑馬地	2.71							
2019/11/6	6	第四班	1200米	(60-40)	好地	草地 - "B" 賽道	11	2	龍鳳情祥(B185)	何澤堯	賀賢	129	1089	3	6	11 11 11	1:11.11	12	-	-	+ 2	CP-	5	跑馬地	2.71							
2019/11/6	6	第四班	1200米	(60-40)	好地	草地 - "B" 賽道	12	5	耀彩繽紛(C452)	薛恩	蔡約翰	125	1074	6	8-1/2	7 7 12	1:11.50	29	-	-	1	E1/TT1	-	跑馬地	2.71							
2019/11/6	7	第三班	1650米	(80-60)	好地	草地 - "B" 賽道	1	3	轉數高(C007)	潘頓	賀賢	130	1190	2	-	9 9 4 1	1:39.88	1.7	1st Hot	-	1	B/XB	5	跑馬地	2.71	12.0			89.5	38.0	45.0	
2019/11/6	7	第三班	1650米	(80-60)	好地	草地 - "B" 賽道	2	4	噴火龍(B463)	郭能	霍利時	127	1019	8	3/4	7 8 7 2	1:40.01	11	-	-	1	TT	5	跑馬地	2.71		24.5		89.5	38.0		129.0
2019/11/6	7	第三班	1650米	(80-60)	好地	草地 - "B" 賽道	3	10	童話(B238)	黎海榮	徐雨石	115	1115	6	1-3/4	4 2 2 3	1:40.16	14	-	-	1	B/SR1	6	跑馬地	2.71			27.0			45.0	129.0
2019/11/6	7	第三班	1650米	(80-60)	好地	草地 - "B" 賽道	4	2	成才(B085)	田泰安	方嘉柏	132	1162	7	2-1/2	2 3 3 4	1:40.28	21	-	-	1	XB	6	跑馬地	2.71							
2019/11/6	7	第三班	1650米	(80-60)	好地	草地 - "B" 賽道	5	9	明月光(T369)	蔡明紹	蘇保羅	118	1052	5	2-3/4	3 4 6 5	1:40.31	25	-	-	+ 1	B	8	跑馬地	2.71							
2019/11/6	7	第三班	1650米	(80-60)	好地	草地 - "B" 賽道	6	1	劍追風(B261)	陳嘉熙	約翰摩亞	123	1150	9	3	1 1 1 6	1:40.34	4.6	2nd Hot	-	+ 1	TT	6	跑馬地	2.71							
2019/11/6	7	第三班	1650米	(80-60)	好地	草地 - "B" 賽道	7	7	興惑(B351)	楊明綸	告東尼	125	1011	10	4-1/2	10 10 10 7	1:40.59	21	-	-	1	CP/TT	6	跑馬地	2.71							
2019/11/6	7	第三班	1650米	(80-60)	好地	草地 - "B" 賽道	8	6	歡喜心(A224)	莫雷拉	蔡約翰	125	1116	1	5-1/2	5 6 9 8	1:40.75	10	-	-	1	 	6	跑馬地	2.71							
2019/11/6	7	第三班	1650米	(80-60)	好地	草地 - "B" 賽道	9	8	中華之光(A168)	黃皓楠	葉楚航	121	1093	3	5-1/2	6 5 5 9	1:40.76	51	-	-	1	P-/TT	6	跑馬地	2.71							
2019/11/6	7	第三班	1650米	(80-60)	好地	草地 - "B" 賽道	10	5	家有喜事(C116)	蘇狄雄	何良	125	1072	4	8	8 7 8 10	1:41.16	101	-	-	1	H/P	5	跑馬地	2.71							
2019/11/6	8	第三班	1000米	(80-60)	好地	草地 - "B" 賽道	1	8	正陽清風(B343)	蔡明紹	姚本輝	124	1186	5	-	1 2 1	0:56.96	4.2	2nd Hot	-	1	B	5	跑馬地	2.71	16.5			1220.5	329.0	197.5	
2019/11/6	8	第三班	1000米	(80-60)	好地	草地 - "B" 賽道	2	10	銀河飛馬(C275)	梁家俊	丁冠豪	120	1010	10	2-3/4	9 10 2	0:57.42	56	-	-	* 1	H/P	4	跑馬地	2.71		139.0		1220.5	329.0		1271.5
2019/11/6	8	第三班	1000米	(80-60)	好地	草地 - "B" 賽道	3	9	電子大師(A254)	貝力斯	方嘉柏	122	1136	12	3	12 12 3	0:57.46	31	-	-	1	V/XB	6	跑馬地	2.71			76.5			197.5	1271.5
2019/11/6	8	第三班	1000米	(80-60)	好地	草地 - "B" 賽道	4	1	大武士(B216)	薛恩	沈集成	130	1157	9	3-1/2	4 6 4	0:57.51	12	-	-	+ 1	TT	6	跑馬地	2.71							
2019/11/6	8	第三班	1000米	(80-60)	好地	草地 - "B" 賽道	5	3	豪情勇駿(C508)	潘明輝	何良	126	1175	6	3-1/2	6 4 5	0:57.51	7.2	-	-	+ 1	 	4	跑馬地	2.71							
2019/11/6	8	第三班	1000米	(80-60)	好地	草地 - "B" 賽道	6	2	衝亞(C218)	潘頓	羅富全	128	1052	4	4	2 1 6	0:57.58	3.3	1st Hot	-	+ 1	B	4	跑馬地	2.71							
2019/11/6	8	第三班	1000米	(80-60)	好地	草地 - "B" 賽道	7	5	加州嶺域(C523)	田泰安	告東尼	126	1286	2	4-3/4	8 7 7	0:57.74	16	-	-	+ 1	CP1/TT1	4	跑馬地	2.71							
2019/11/6	8	第三班	1000米	(80-60)	好地	草地 - "B" 賽道	8	4	金匯昇(C010)	莫雷拉	蔡約翰	127	1087	11	5-1/4	7 8 8	0:57.81	6.4	-	-	+ 1	 	4	跑馬地	2.71							
2019/11/6	8	第三班	1000米	(80-60)	好地	草地 - "B" 賽道	9	12	勝感(C324)	希威森	霍利時	118	1310	3	5-1/2	5 5 9	0:57.83	36	-	-	1	 	4	跑馬地	2.71							
2019/11/6	8	第三班	1000米	(80-60)	好地	草地 - "B" 賽道	10	6	英之友(A373)	楊明綸	容天鵬	126	1119	1	6	3 3 10	0:57.91	13	-	-	+ 1	B	6	跑馬地	2.71							
2019/11/6	8	第三班	1000米	(80-60)	好地	草地 - "B" 賽道	11	7	美麗天驕(C274)	陳嘉熙	約翰摩亞	114	1040	7	6-1/4	10 9 11	0:57.97	13	-	-	1	CP/TT	-	跑馬地	2.71							
2019/11/6	8	第三班	1000米	(80-60)	好地	草地 - "B" 賽道	12	11	雙天至尊(C293)	黃皓楠	呂健威	116	1215	8	7	11 11 12	0:58.07	108	-	-	+ 1	TT	5	跑馬地	2.71							
2019/11/6	9	第三班	1200米	(80-60)	好地	草地 - "B" 賽道	1	11	舞士精神(C180)	莫雷拉	方嘉柏	119	1140	11	-	5 4 1	1:09.82	3.4	1st Hot	-	+ 1	SR/TT	4	跑馬地	2.71	15.5			202.0	77.0	49.0	
2019/11/6	9	第三班	1200米	(80-60)	好地	草地 - "B" 賽道	2	1	優悠皇(C399)	田泰安	苗禮德	133	1018	1	鼻位	4 3 2	1:09.83	11	-	-	+ 1	 	4	跑馬地	2.71		30.5		202.0	77.0		86.5
2019/11/6	9	第三班	1200米	(80-60)	好地	草地 - "B" 賽道	3	4	極速王(C231)	何澤堯	丁冠豪	127	1114	5	頸位	3 5 3	1:09.87	7	-	W P	+ 1	 	5	跑馬地	2.71			21.5			49.0	86.5
2019/11/6	9	第三班	1200米	(80-60)	好地	草地 - "B" 賽道	4	3	劍斷浪(V142)	蔡明紹	容天鵬	130	1187	2	1/2	1 1 4	1:09.89	5.1	2nd Hot	-	* 1	 	-	跑馬地	2.71							
2019/11/6	9	第三班	1200米	(80-60)	好地	草地 - "B" 賽道	5	7	南莊之歌(C480)	薛恩	沈集成	124	1216	6	1/2	2 2 5	1:09.92	13	-	-	* 1	TT	4	跑馬地	2.71							
2019/11/6	9	第三班	1200米	(80-60)	好地	草地 - "B" 賽道	6	8	盡開顏(A317)	巴度	文家良	123	1037	3	3/4	7 8 6	1:09.95	11	-	-	+ 1	TT	-	跑馬地	2.71							
2019/11/6	9	第三班	1200米	(80-60)	好地	草地 - "B" 賽道	7	9	雪戰神駒(B371)	潘頓	高伯新	122	1105	12	1-3/4	12 12 7	1:10.10	11	-	-	+ 1	B	5	跑馬地	2.71							
2019/11/6	9	第三班	1200米	(80-60)	好地	草地 - "B" 賽道	8	6	會長之星(C205)	郭能	約翰摩亞	125	1130	7	3-1/2	6 7 8	1:10.37	7	-	-	+ 1	CP/TT	4	跑馬地	2.71							
2019/11/6	9	第三班	1200米	(80-60)	好地	草地 - "B" 賽道	9	5	恆駿寶駒(T262)	梁家俊	蘇偉賢	126	1107	4	3-3/4	10 11 9	1:10.40	21	-	-	* 1	B/H	8	跑馬地	2.71							
2019/11/6	9	第三班	1200米	(80-60)	好地	草地 - "B" 賽道	10	12	紅粉彩影(C284)	希威森	韋達	116	1066	9	4-1/4	9 10 10	1:10.52	58	-	-	+ * 1	XB	5	跑馬地	2.71							
2019/11/6	9	第三班	1200米	(80-60)	好地	草地 - "B" 賽道	11	2	越感(T273)	利敬國	霍利時	130	1223	10	5-1/4	11 9 11	1:10.68	30	-	-	* 1	 	8	跑馬地	2.71							
2019/11/6	9	第三班	1200米	(80-60)	好地	草地 - "B" 賽道	12	10	上海大師(A337)	黃皓楠	呂健威	119	1169	8	5-1/4	8 6 12	1:10.68	89	-	-	* 1	 	6	跑馬地	2.71							
2019/11/9	1	第四班（條件限制）	1200米	(60-40)	好地	草地 - "A" 賽道	1	9	追風絕影(D083)	莫雷拉	沈集成	124	1111	11	-	1 1 1	1:08.86	4.5	2nd Hot	-	1	H1/TT1	3	沙田	2.7	15.0			291.0	90.0	84.0	
2019/11/9	1	第四班（條件限制）	1200米	(60-40)	好地	草地 - "A" 賽道	2	10	達心星(D088)	李寶利	方嘉柏	124	1126	6	5-1/4	10 9 2	1:09.68	14	-	-	+ 1	 	3	沙田	2.7		39.0		291.0	90.0		163.0
2019/11/9	1	第四班（條件限制）	1200米	(60-40)	好地	草地 - "A" 賽道	3	6	佳景福星(C454)	楊明綸	葉楚航	124	1162	12	5-1/4	2 2 3	1:09.70	10	-	-	+ 1	XB1	3	沙田	2.7			31.5			84.0	163.0
2019/11/9	1	第四班（條件限制）	1200米	(60-40)	好地	草地 - "A" 賽道	4	4	乘勢歡心(C423)	梁家俊	容天鵬	125	1098	3	6	5 5 4	1:09.80	5	-	W P	1	CP1	4	沙田	2.7							
2019/11/9	1	第四班（條件限制）	1200米	(60-40)	好地	草地 - "A" 賽道	5	7	勁力威龍(C437)	巴度	文家良	124	1072	9	6-3/4	13 11 5	1:09.92	41	-	-	+ 1	 	3	沙田	2.7							
2019/11/9	1	第四班（條件限制）	1200米	(60-40)	好地	草地 - "A" 賽道	6	11	同有友(D048)	郭能	沈集成	124	1180	2	7-1/4	3 3 6	1:10.00	14	-	-	2	 	3	沙田	2.7							
2019/11/9	1	第四班（條件限制）	1200米	(60-40)	好地	草地 - "A" 賽道	7	13	荷花福星(C311)	潘頓	蘇保羅	123	1113	4	7-3/4	8 8 7	1:10.11	3.1	1st Hot	-	1	B	3	沙田	2.7							
2019/11/9	1	第四班（條件限制）	1200米	(60-40)	好地	草地 - "A" 賽道	8	8	幸運飛彈(C501)	薛恩	賀賢	124	1107	1	8-1/4	7 7 8	1:10.16	60	-	-	+ 1	 	3	沙田	2.7							
2019/11/9	1	第四班（條件限制）	1200米	(60-40)	好地	草地 - "A" 賽道	9	1	發財福星(C413)	黎海榮	何良	129	1059	7	10	12 12 9	1:10.44	23	-	-	+ 1	H-	4	沙田	2.7							
2019/11/9	1	第四班（條件限制）	1200米	(60-40)	好地	草地 - "A" 賽道	10	14	靈光八號(C154)	黃皓楠	鄭俊偉	115	1062	8	10-1/4	6 6 10	1:10.49	134	-	-	1	H/XB	4	沙田	2.7							
2019/11/9	1	第四班（條件限制）	1200米	(60-40)	好地	草地 - "A" 賽道	11	3	任意駒(C047)	希威森	徐雨石	129	1081	5	10-3/4	11 13 11	1:10.59	142	-	-	* 1	 	4	沙田	2.7							
2019/11/9	1	第四班（條件限制）	1200米	(60-40)	好地	草地 - "A" 賽道	12	5	無極戰士(D073)	何澤堯	姚本輝	124	1206	14	11-1/2	9 10 12	1:10.69	18	-	-	1	 	3	沙田	2.7							
2019/11/9	1	第四班（條件限制）	1200米	(60-40)	好地	草地 - "A" 賽道	13	12	勝利紅星(D031)	田泰安	蔡約翰	124	1156	13	11-3/4	4 4 13	1:10.72	16	-	-	1	 	3	沙田	2.7							
2019/11/9	1	第四班（條件限制）	1200米	(60-40)	好地	草地 - "A" 賽道	14	2	信念(C529)	利敬國	韋達	129	1071	10	13	14 14 14	1:10.92	50	-	-	1	 	-	沙田	2.7							
2019/11/9	2	第五班	1800米	(40-0)	好地至快地	草地 - "A" 賽道	1	9	得意(C174)	李寶利	葉楚航	125	1182	6	-	6 6 6 6 1	1:47.96	63	-	-	1	B/XB1/TT	4	沙田	2.7	155.0			1595.5	507.0	1292.5	
2019/11/9	2	第五班	1800米	(40-0)	好地至快地	草地 - "A" 賽道	2	5	帝豪寶駒(C035)	潘頓	蘇偉賢	129	1168	8	1/2	4 4 4 4 2	1:48.07	4.3	1st Hot	-	1	PC/TT	5	沙田	2.7		16.5		1595.5	507.0		158.5
2019/11/9	2	第五班	1800米	(40-0)	好地至快地	草地 - "A" 賽道	3	4	為善聚樂(A249)	利敬國	鄭俊偉	130	998	9	1	9 9 9 9 3	1:48.13	20	-	-	1	B	6	沙田	2.7			56.0			1292.5	158.5
2019/11/9	2	第五班	1800米	(40-0)	好地至快地	草地 - "A" 賽道	4	11	火天大有(V406)	莫雷拉	何良	120	1053	7	1-1/4	8 8 8 7 4	1:48.17	8.4	-	-	1	V	7	沙田	2.7							
2019/11/9	2	第五班	1800米	(40-0)	好地至快地	草地 - "A" 賽道	5	6	利之喜(A405)	田泰安	蘇保羅	128	1170	10	2-1/4	1 2 3 1 5	1:48.30	5	-	-	1	B1	5	沙田	2.7							
2019/11/9	2	第五班	1800米	(40-0)	好地至快地	草地 - "A" 賽道	6	1	乘勝追擊(V369)	陳嘉熙	韋達	123	1083	5	3-1/4	5 5 5 5 6	1:48.47	4.5	2nd Hot	-	1	B	-	沙田	2.7							
2019/11/9	2	第五班	1800米	(40-0)	好地至快地	草地 - "A" 賽道	7	2	活力得勝(C091)	梁家俊	蘇保羅	132	1107	3	3-1/2	11 10 10 10 7	1:48.53	34	-	-	2	B	4	沙田	2.7							
2019/11/9	2	第五班	1800米	(40-0)	好地至快地	草地 - "A" 賽道	8	10	明德之星(B395)	希威森	賀賢	123	1054	14	3-1/2	12 12 13 12 8	1:48.53	20	-	-	+ 1	 	4	沙田	2.7							
2019/11/9	2	第五班	1800米	(40-0)	好地至快地	草地 - "A" 賽道	9	7	賞心星(C251)	沈拿	方嘉柏	128	1164	1	3-3/4	7 7 7 8 9	1:48.57	13	-	-	1	V1	4	沙田	2.7							
2019/11/9	2	第五班	1800米	(40-0)	好地至快地	草地 - "A" 賽道	10	3	鴻圖機會(A284)	薛恩	容天鵬	131	1079	2	6-3/4	10 11 12 13 10	1:49.03	13	-	-	1	CP	-	沙田	2.7							
2019/11/9	2	第五班	1800米	(40-0)	好地至快地	草地 - "A" 賽道	11	12	競駿飛鷹(B292)	巴度	霍利時	120	1209	4	7	13 13 14 14 11	1:49.07	8.4	-	-	1	B	5	沙田	2.7							
2019/11/9	2	第五班	1800米	(40-0)	好地至快地	草地 - "A" 賽道	12	14	非同凡響(B242)	黎海榮	呂健威	113	1035	13	7-1/2	14 14 11 11 12	1:49.17	85	-	-	+ 1	B/H/XB/TT	5	沙田	2.7							
2019/11/9	2	第五班	1800米	(40-0)	好地至快地	草地 - "A" 賽道	13	13	頌賞(B007)	潘明輝	文家良	114	1033	12	9	3 1 1 3 13	1:49.39	131	-	-	+ * 1	B2	5	沙田	2.7							
2019/11/9	2	第五班	1800米	(40-0)	好地至快地	草地 - "A" 賽道	14	8	南京之友(V140)	貝力斯	文家良	125	1190	11	9-1/4	2 3 2 2 14	1:49.43	59	-	-	2	CP/TT	-	沙田	2.7							
2019/11/9	3	第四班	1400米	(60-40)	好地至快地	草地 - "A" 賽道	1	2	獨角寶寶(C203)	巴度	高伯新	132	1122	13	-	5 5 5 1	1:21.50	27	-	-	+ 1	B/TT1	5	沙田	2.7	76.0			660.5	177.5	172.5	
2019/11/9	3	第四班	1400米	(60-40)	好地至快地	草地 - "A" 賽道	2	1	順意寶(B164)	利敬國	韋達	133	1148	5	頸位	4 3 3 2	1:21.57	4.8	2nd Hot	-	+ 1	B	5	沙田	2.7		20.0		660.5	177.5		49.0
2019/11/9	3	第四班	1400米	(60-40)	好地至快地	草地 - "A" 賽道	3	14	電訊火箭(C137)	莫雷拉	徐雨石	116	1079	8	3/4	10 10 9 3	1:21.62	3.9	1st Hot	-	+ 1	 	5	沙田	2.7			15.5			172.5	49.0
2019/11/9	3	第四班	1400米	(60-40)	好地至快地	草地 - "A" 賽道	4	5	數糊勇士(B421)	田泰安	羅富全	126	1222	4	2-1/2	8 6 6 4	1:21.89	13	-	-	+ 1	B/SR	4	沙田	2.7							
2019/11/9	3	第四班	1400米	(60-40)	好地至快地	草地 - "A" 賽道	5	8	金碧科(B225)	李寶利	鄭俊偉	121	1024	7	2-3/4	7 8 8 5	1:21.94	6.5	-	-	+ 1	 	5	沙田	2.7							
2019/11/9	3	第四班	1400米	(60-40)	好地至快地	草地 - "A" 賽道	6	6	特駒聯盟(C472)	貝力斯	蔡約翰	125	1014	12	5-1/4	1 4 4 6	1:22.33	5.6	-	-	+ 1	TT1	3	沙田	2.7							
2019/11/9	3	第四班	1400米	(60-40)	好地至快地	草地 - "A" 賽道	7	13	輝煌巨星(C046)	希威森	蘇保羅	117	1062	1	5-1/4	9 9 7 7	1:22.34	42	-	-	+ 1	 	5	沙田	2.7							
2019/11/9	3	第四班	1400米	(60-40)	好地至快地	草地 - "A" 賽道	8	10	叫座力(B267)	陳嘉熙	沈集成	110	1100	2	5-3/4	3 1 1 8	1:22.43	12	-	-	+ 1	H/TT	5	沙田	2.7							
2019/11/9	3	第四班	1400米	(60-40)	好地至快地	草地 - "A" 賽道	9	9	威力琦(C155)	黃皓楠	方嘉柏	118	1004	6	5-3/4	11 11 11 9	1:22.44	80	-	-	* 1	P	5	沙田	2.7							
2019/11/9	3	第四班	1400米	(60-40)	好地至快地	草地 - "A" 賽道	10	4	同盟力量(C036)	沈拿	姚本輝	127	1237	3	6	2 2 2 10	1:22.46	29	-	-	+ 1	B	4	沙田	2.7							
2019/11/9	3	第四班	1400米	(60-40)	好地至快地	草地 - "A" 賽道	11	7	天天精彩(C414)	楊明綸	告東尼	123	1115	14	7-3/4	14 12 13 11	1:22.73	124	-	-	+ 1	CP-/B1/TT	4	沙田	2.7							
2019/11/9	3	第四班	1400米	(60-40)	好地至快地	草地 - "A" 賽道	12	12	嘉應風采(B115)	潘頓	容天鵬	120	1170	9	8-1/4	13 13 12 12	1:22.84	15	-	-	+ 1	H-/V/XB	5	沙田	2.7							
2019/11/9	3	第四班	1400米	(60-40)	好地至快地	草地 - "A" 賽道	13	11	為食格格(C312)	梁家俊	蘇偉賢	119	1242	10	9	12 14 14 13	1:22.94	14	-	-	+ 1	H1/TT	4	沙田	2.7							
2019/11/9	3	第四班	1400米	(60-40)	好地至快地	草地 - "A" 賽道	14	3	一代莊主(C419)	潘明輝	葉楚航	126	1103	11	11	6 7 10 14	1:23.25	58	-	-	+ 1	TT1	4	沙田	2.7							
2019/11/9	4	第四班	1650米	(60-40)	好地	全天候跑道	1	3	安賦(B353)	潘頓	方嘉柏	129	1080	3	-	7 7 6 1	1:39.74	2.8	1st Hot	-	+ 1	V	6	沙田	2.7	13.5			99.5	40.0	41.5	
2019/11/9	4	第四班	1650米	(60-40)	好地	全天候跑道	2	11	南莊瑞寶(B428)	楊明綸	呂健威	118	1173	9	3/4	8 8 8 2	1:39.87	5.5	2nd Hot	-	1	B/H	5	沙田	2.7		20.5		99.5	40.0		79.5
2019/11/9	4	第四班	1650米	(60-40)	好地	全天候跑道	3	7	加州明雋(B363)	陳嘉熙	告東尼	112	1116	8	2	2 3 4 3	1:40.07	6.7	-	-	1	TT	5	沙田	2.7			21.5			41.5	79.5
2019/11/9	4	第四班	1650米	(60-40)	好地	全天候跑道	4	13	雄龍(C191)	梁家俊	蘇偉賢	116	1138	14	3-3/4	13 12 11 4	1:40.33	95	-	-	* 1	H/TT	4	沙田	2.7							
2019/11/9	4	第四班	1650米	(60-40)	好地	全天候跑道	5	4	好腳頭(S131)	田泰安	羅富全	127	1166	5	4-3/4	11 10 9 5	1:40.51	18	-	-	1	PC/TT	9	沙田	2.7							
2019/11/9	4	第四班	1650米	(60-40)	好地	全天候跑道	6	2	好運(B376)	莫雷拉	約翰摩亞	131	1180	2	6-3/4	6 6 7 6	1:40.84	7.5	-	-	+ 1	PC-/CP2	5	沙田	2.7							
2019/11/9	4	第四班	1650米	(60-40)	好地	全天候跑道	7	8	跑得威(C127)	何澤堯	沈集成	119	1071	10	7-1/4	10 13 13 7	1:40.91	11	-	-	1	B/TT	5	沙田	2.7							
2019/11/9	4	第四班	1650米	(60-40)	好地	全天候跑道	8	14	八心之友(A007)	蔡明紹	韋達	114	1073	4	7-1/4	3 4 5 8	1:40.92	34	-	-	1	B-/P2	-	沙田	2.7							
2019/11/9	4	第四班	1650米	(60-40)	好地	全天候跑道	9	10	暴風俠(A123)	黎海榮	葉楚航	118	1149	12	8	14 11 12 9	1:41.04	49	-	-	* 1	 	6	沙田	2.7							
2019/11/9	4	第四班	1650米	(60-40)	好地	全天候跑道	10	5	金剛石(C106)	巴度	高伯新	123	1144	11	8-1/2	5 5 3 10	1:41.11	19	-	-	+ 1	TT	4	沙田	2.7							
2019/11/9	4	第四班	1650米	(60-40)	好地	全天候跑道	11	12	放馬過來(V407)	黃皓楠	葉楚航	114	1119	7	10-3/4	4 2 2 11	1:41.47	78	-	-	2	TT	7	沙田	2.7							
2019/11/9	4	第四班	1650米	(60-40)	好地	全天候跑道	12	1	雷公鑿(V279)	利敬國	徐雨石	133	1172	13	11-3/4	1 1 1 12	1:41.63	19	-	-	1	B	7	沙田	2.7							
2019/11/9	4	第四班	1650米	(60-40)	好地	全天候跑道	13	9	喜盈運(V337)	潘明輝	何良	117	1124	6	13	12 14 14 13	1:41.81	13	-	-	1	H/TT	7	沙田	2.7							
2019/11/9	4	第四班	1650米	(60-40)	好地	全天候跑道	14	6	環保時代(C355)	貝力斯	賀賢	123	1063	1	15-3/4	9 9 10 14	1:42.26	162	-	-	1	B	5	沙田	2.7							
2019/11/9	5	第三班	1000米	(80-60)	好地至快地	草地 - "A" 賽道	1	7	極速前進(V390)	梁家俊	容天鵬	122	1241	8	-	10 8 1	0:56.58	12	-	-	1	V/TT	6	沙田	2.7	33.0			181.0	60.5	358.0	
2019/11/9	5	第三班	1000米	(80-60)	好地至快地	草地 - "A" 賽道	2	8	大紅包(B246)	何澤堯	呂健威	121	1046	14	頸位	5 4 2	0:56.64	3.5	2nd Hot	-	+ 1	XB	6	沙田	2.7		15.0		181.0	60.5		166.5
2019/11/9	5	第三班	1000米	(80-60)	好地至快地	草地 - "A" 賽道	3	6	各取所需(C474)	沈拿	約翰摩亞	123	1038	9	1/2	6 3 3	0:56.66	27	-	-	1	B1	4	沙田	2.7			75.0			358.0	166.5
2019/11/9	5	第三班	1000米	(80-60)	好地至快地	草地 - "A" 賽道	4	11	獎進(C283)	貝力斯	方嘉柏	119	1154	2	1	9 11 4	0:56.75	14	-	-	1	TT	-	沙田	2.7							
2019/11/9	5	第三班	1000米	(80-60)	好地至快地	草地 - "A" 賽道	5	9	奮鬥同心(C314)	田泰安	姚本輝	120	1165	5	1-1/4	7 2 5	0:56.79	5.9	-	-	1	H	4	沙田	2.7							
2019/11/9	5	第三班	1000米	(80-60)	好地至快地	草地 - "A" 賽道	6	10	加州更好(B204)	莫雷拉	告東尼	120	1146	12	1-3/4	13 10 6	0:56.85	3.1	1st Hot	-	+ 1	B/TT	5	沙田	2.7							
2019/11/9	5	第三班	1000米	(80-60)	好地至快地	草地 - "A" 賽道	7	12	跳出世界(C333)	巴度	蔡約翰	118	1198	10	2	1 1 7	0:56.91	7.1	-	-	+ 1	B	4	沙田	2.7							
2019/11/9	5	第三班	1000米	(80-60)	好地至快地	草地 - "A" 賽道	8	14	赤水神駒(V364)	黃皓楠	葉楚航	113	1176	13	2-1/2	3 6 8	0:56.99	56	-	-	* 1	 	6	沙田	2.7							
2019/11/9	5	第三班	1000米	(80-60)	好地至快地	草地 - "A" 賽道	9	3	運來福星(C473)	利敬國	徐雨石	125	1040	4	3-1/2	11 13 9	0:57.12	39	-	-	1	 	4	沙田	2.7							
2019/11/9	5	第三班	1000米	(80-60)	好地至快地	草地 - "A" 賽道	10	2	天氣先生(D058)	蔡明紹	韋達	131	996	1	6-1/2	12 12 10	0:57.60	63	-	-	1	 	4	沙田	2.7							
2019/11/9	5	第三班	1000米	(80-60)	好地至快地	草地 - "A" 賽道	11	13	驫驫(A315)	潘明輝	何良	115	1143	6	6-1/2	8 9 11	0:57.62	59	-	-	* 1	H/V	6	沙田	2.7							
2019/11/9	5	第三班	1000米	(80-60)	好地至快地	草地 - "A" 賽道	12	1	埃塞紡(C209)	希威森	霍利時	133	1145	3	6-1/2	14 14 12	0:57.63	178	-	-	1	 	-	沙田	2.7							
2019/11/9	5	第三班	1000米	(80-60)	好地至快地	草地 - "A" 賽道	13	5	光速之星(C478)	黎海榮	沈集成	123	1072	11	11-1/2	4 5 13	0:58.43	97	-	-	1	TT	4	沙田	2.7							
2019/11/9	5	第三班	1000米	(80-60)	好地至快地	草地 - "A" 賽道	14	4	棗棗幸運(A420)	楊明綸	丁冠豪	124	1094	7	15	2 7 14	0:59.00	45	-	-	* 1	CP1/TT	-	沙田	2.7							
2019/11/9	6	第三班	1650米	(80-60)	好地	全天候跑道	1	9	蒙古傳奇(B317)	黎海榮	徐雨石	120	1139	9	-	11 12 10 1	1:39.41	25	-	-	1	 	6	沙田	2.7	52.5			299.0	112.0	1083.5	
2019/11/9	6	第三班	1650米	(80-60)	好地	全天候跑道	2	13	鵰神(B023)	莫雷拉	丁冠豪	117	1142	5	3/4	6 7 4 2	1:39.53	1.9	1st Hot	-	+ 1	H	6	沙田	2.7		12.0		299.0	112.0		152.5
2019/11/9	6	第三班	1650米	(80-60)	好地	全天候跑道	3	14	上浦福滿(A193)	巴度	霍利時	116	1054	14	3/4	14 8 8 3	1:39.55	53	-	-	1	B	6	沙田	2.7			100.0			1083.5	152.5
2019/11/9	6	第三班	1650米	(80-60)	好地	全天候跑道	4	2	酷比哥(C192)	田泰安	羅富全	132	1051	4	1-1/4	4 5 3 4	1:39.63	11	-	-	1	CP/TT	4	沙田	2.7							
2019/11/9	6	第三班	1650米	(80-60)	好地	全天候跑道	5	4	和平路(B161)	薛恩	容天鵬	128	1125	2	2	12 14 9 5	1:39.73	11	-	-	1	H/XB/TT	6	沙田	2.7							
2019/11/9	6	第三班	1650米	(80-60)	好地	全天候跑道	6	1	活力名駒(B260)	陳嘉熙	呂健威	117	1035	8	2-3/4	1 2 1 6	1:39.84	14	-	-	2	H-/XB2/TT2	-	沙田	2.7							
2019/11/9	6	第三班	1650米	(80-60)	好地	全天候跑道	7	7	馬主星輝(B427)	利敬國	沈集成	125	1051	7	3	13 13 14 7	1:39.88	14	-	-	1	B/TT	5	沙田	2.7							
2019/11/9	6	第三班	1650米	(80-60)	好地	全天候跑道	8	10	大道至正(C197)	楊明綸	鄭俊偉	120	1154	1	3	7 9 7 8	1:39.89	5.9	2nd Hot	-	+ 1	SR-/XB1	5	沙田	2.7							
2019/11/9	6	第三班	1650米	(80-60)	好地	全天候跑道	9	3	美麗標緻(C057)	潘頓	告東尼	130	1086	12	3-1/4	2 3 2 9	1:39.94	19	-	-	1	B/TT	4	沙田	2.7							
2019/11/9	6	第三班	1650米	(80-60)	好地	全天候跑道	10	6	興爾(B203)	沈拿	韋達	125	1032	6	4-1/2	8 11 13 10	1:40.13	29	-	-	1	XB/P1	-	沙田	2.7							
2019/11/9	6	第三班	1650米	(80-60)	好地	全天候跑道	11	12	贏科超影(A164)	潘明輝	高伯新	116	1034	3	8-3/4	9 10 12 11	1:40.83	34	-	-	1	H/P/TT	6	沙田	2.7							
2019/11/9	6	第三班	1650米	(80-60)	好地	全天候跑道	12	11	大步走(V336)	梁家俊	何良	118	1137	11	9-3/4	10 4 5 12	1:40.96	82	-	-	1	H/V	-	沙田	2.7							
2019/11/9	6	第三班	1650米	(80-60)	好地	全天候跑道	13	8	盈豐飛駒(B205)	蔡明紹	姚本輝	122	1113	10	15	5 6 11 13	1:41.82	51	-	-	1	B/TT	-	沙田	2.7							
2019/11/9	6	第三班	1650米	(80-60)	好地	全天候跑道	14	5	水火風(C211)	希威森	約翰摩亞	127	1053	13	15-3/4	3 1 6 14	1:41.92	69	-	-	1	XB/CP1	5	沙田	2.7							
2019/11/9	6	第三班	1650米	(80-60)	好地	全天候跑道			龍之星(B268)	何澤堯	呂健威	133	---	---	---	---	---	---	-	-	-	-	-	沙田	2.7							
2019/11/9	7	第一班	1400米	(110-85)	好地至快地	草地 - "A" 賽道	1	5	安騏(B109)	陳嘉熙	約翰摩亞	117	1049	1	-	2 2 1 1	1:19.92	6.3	-	-		B/TT	6	沙田	2.7	19.5			627.5	154.0	39.5	
2019/11/9	7	第一班	1400米	(110-85)	好地至快地	草地 - "A" 賽道	2	2	信心保證(B105)	郭能	約翰摩亞	132	1251	9	1-3/4	3 3 3 2	1:20.20	24	-	-		B/XB	6	沙田	2.7		48.5		627.5	154.0		131.0
2019/11/9	7	第一班	1400米	(110-85)	好地至快地	草地 - "A" 賽道	3	9	百步穿雲(A165)	潘頓	賀賢	121	1142	3	2	7 8 8 3	1:20.24	4	2nd Hot	-		H	7	沙田	2.7			15.0			39.5	131.0
2019/11/9	7	第一班	1400米	(110-85)	好地至快地	草地 - "A" 賽道	4	10	皇龍大將(T400)	李寶利	徐雨石	118	1106	2	3	6 7 7 4	1:20.42	46	-	-		B2/TT	8	沙田	2.7							
2019/11/9	7	第一班	1400米	(110-85)	好地至快地	草地 - "A" 賽道	5	3	當家精選(V388)	薛恩	蔡約翰	132	1158	5	3-1/2	11 10 9 5	1:20.46	36	-	-		B	-	沙田	2.7							
2019/11/9	7	第一班	1400米	(110-85)	好地至快地	草地 - "A" 賽道	6	7	激賞(A377)	巴度	蔡約翰	127	1004	4	3-1/2	5 4 4 6	1:20.49	60	-	-		 	5	沙田	2.7							
2019/11/9	7	第一班	1400米	(110-85)	好地至快地	草地 - "A" 賽道	7	11	標準猴王(B244)	利敬國	約翰摩亞	115	1225	8	4	8 6 6 7	1:20.57	18	-	-		XB	5	沙田	2.7							
2019/11/9	7	第一班	1400米	(110-85)	好地至快地	草地 - "A" 賽道	8	13	美麗精神(B409)	蔡明紹	告東尼	113	1270	12	5-1/2	4 5 5 8	1:20.79	49	-	-		CP/TT	5	沙田	2.7							
2019/11/9	7	第一班	1400米	(110-85)	好地至快地	草地 - "A" 賽道	9	1	勝得精彩(C061)	莫雷拉	蔡約翰	133	1091	6	6-1/2	9 11 10 9	1:20.97	2.2	1st Hot	-		 	4	沙田	2.7							
2019/11/9	7	第一班	1400米	(110-85)	好地至快地	草地 - "A" 賽道	10	4	志趣相投(A367)	田泰安	蔡約翰	132	1085	7	7	12 12 12 10	1:21.05	21	-	-		B	6	沙田	2.7							
2019/11/9	7	第一班	1400米	(110-85)	好地至快地	草地 - "A" 賽道	11	8	紅運戰士(B355)	沈拿	蔡約翰	126	1020	10	7-1/4	13 13 13 11	1:21.08	36	-	-		TT1	5	沙田	2.7							
2019/11/9	7	第一班	1400米	(110-85)	好地至快地	草地 - "A" 賽道	12	12	禾道駒(B253)	楊明綸	告東尼	113	1080	13	7-1/2	1 1 2 12	1:21.12	94	-	-		B/TT	5	沙田	2.7							
2019/11/9	7	第一班	1400米	(110-85)	好地至快地	草地 - "A" 賽道	13	6	奔雷(B328)	何澤堯	羅富全	127	1059	11	9	10 9 11 13	1:21.37	12	-	-		XB	5	沙田	2.7							
2019/11/9	8	第四班	1600米	(60-40)	好地至快地	草地 - "A" 賽道	1	6	水箭龜(C450)	潘頓	霍利時	125	1042	12	-	2 2 2 1	1:34.47	2.5	1st Hot	-	+ 1	 	4	沙田	2.7	13.5			102.0	39.0	85.0	
2019/11/9	8	第四班	1600米	(60-40)	好地至快地	草地 - "A" 賽道	2	14	七寶(B314)	何澤堯	約翰摩亞	116	1083	1	1-1/4	6 5 5 2	1:34.65	7.5	-	-	1	B/TT	-	沙田	2.7		23.5		102.0	39.0		186.0
2019/11/9	8	第四班	1600米	(60-40)	好地至快地	草地 - "A" 賽道	3	7	精彩有你(C394)	蔡明紹	姚本輝	125	1063	5	1-1/2	4 3 3 3	1:34.70	17	-	-	1	XB	4	沙田	2.7			44.5			85.0	186.0
2019/11/9	8	第四班	1600米	(60-40)	好地至快地	草地 - "A" 賽道	4	13	小福將(C096)	利敬國	沈集成	116	1049	14	1-3/4	3 4 4 4	1:34.74	5.3	2nd Hot	-	+ 1	CP-/B1/H2	4	沙田	2.7							
2019/11/9	8	第四班	1600米	(60-40)	好地至快地	草地 - "A" 賽道	5	3	皇帝賽(C249)	潘明輝	丁冠豪	129	1206	13	1-3/4	1 1 1 5	1:34.76	10	-	-	1	CP/TT	4	沙田	2.7							
2019/11/9	8	第四班	1600米	(60-40)	好地至快地	草地 - "A" 賽道	6	5	肥仔威威(B366)	田泰安	方嘉柏	127	1016	3	3	10 10 6 6	1:34.94	22	-	-	* 1	XB-/V1/TT1	5	沙田	2.7							
2019/11/9	8	第四班	1600米	(60-40)	好地至快地	草地 - "A" 賽道	7	1	熱血鬥士(C360)	巴度	告東尼	133	1132	10	3-3/4	11 11 11 7	1:35.07	9.6	-	-	1	CP/TT	5	沙田	2.7							
2019/11/9	8	第四班	1600米	(60-40)	好地至快地	草地 - "A" 賽道	8	2	靚紫荊(A135)	黃皓楠	徐雨石	129	1057	6	4-1/4	12 12 14 8	1:35.16	107	-	-	+ 1	 	7	沙田	2.7							
2019/11/9	8	第四班	1600米	(60-40)	好地至快地	草地 - "A" 賽道	9	10	友瑩利(C310)	希威森	蘇保羅	120	1239	8	4-3/4	5 6 8 9	1:35.25	144	-	-	1	 	4	沙田	2.7							
2019/11/9	8	第四班	1600米	(60-40)	好地至快地	草地 - "A" 賽道	10	12	馬驕雄(B455)	梁家俊	蘇偉賢	118	954	7	5-3/4	13 13 10 10	1:35.40	194	-	-	1	 	5	沙田	2.7							
2019/11/9	8	第四班	1600米	(60-40)	好地至快地	草地 - "A" 賽道	11	11	潮州小子(T412)	沈拿	容天鵬	120	1177	4	6-3/4	14 14 12 11	1:35.56	53	-	-	1	TT	8	沙田	2.7							
2019/11/9	8	第四班	1600米	(60-40)	好地至快地	草地 - "A" 賽道	12	8	大雁塔(C090)	莫雷拉	蔡約翰	125	993	11	6-3/4	7 7 7 12	1:35.57	10	-	-	1	B	-	沙田	2.7							
2019/11/9	8	第四班	1600米	(60-40)	好地至快地	草地 - "A" 賽道	13	4	愛添勝(B362)	薛恩	何良	127	1104	9	8	9 9 9 13	1:35.75	15	-	-	+ 1	H-/XB	5	沙田	2.7							
2019/11/9	8	第四班	1600米	(60-40)	好地至快地	草地 - "A" 賽道	14	9	拖板精英(C362)	郭能	葉楚航	123	1018	2	14-3/4	8 8 13 14	1:36.85	152	-	-	1	 	4	沙田	2.7							
2019/11/9	9	第三班	2000米	(80-60)	好地至快地	草地 - "A" 賽道	1	8	神亮金剛(C029)	潘頓	葉楚航	125	1050	4	-	7 7 8 6 1	2:00.49	5.6	2nd Hot	-	2	 	5	沙田	2.7	21.0			321.0	120.5	122.5	
2019/11/9	9	第三班	2000米	(80-60)	好地至快地	草地 - "A" 賽道	2	2	龍鼓飛揚(C120)	薛恩	苗禮德	131	1133	7	1-1/4	10 10 10 9 2	2:00.65	9.4	-	-	+ 1	XB	5	沙田	2.7		29.0		321.0	120.5		211.0
2019/11/9	9	第三班	2000米	(80-60)	好地至快地	草地 - "A" 賽道	3	5	扎西德勒(C084)	利敬國	約翰摩亞	123	1125	9	2-1/4	2 2 2 1 3	2:00.82	6.4	-	-	1	CP/TT	5	沙田	2.7			33.0			122.5	211.0
2019/11/9	9	第三班	2000米	(80-60)	好地至快地	草地 - "A" 賽道	4	13	關鍵時機(C159)	蔡明紹	方嘉柏	117	1104	13	2-1/2	12 12 12 12 4	2:00.88	16	-	-	1	 	5	沙田	2.7							
2019/11/9	9	第三班	2000米	(80-60)	好地至快地	草地 - "A" 賽道	5	3	悅裕(B189)	田泰安	告東尼	130	1176	12	2-3/4	14 13 13 13 5	2:00.94	5.5	1st Hot	-	1	B/TT	5	沙田	2.7							
2019/11/9	9	第三班	2000米	(80-60)	好地至快地	草地 - "A" 賽道	6	1	蒙古王(A098)	李寶利	徐雨石	133	1100	2	3	9 8 7 8 6	2:00.97	11	-	-	1	 	7	沙田	2.7							
2019/11/9	9	第三班	2000米	(80-60)	好地至快地	草地 - "A" 賽道	7	6	文武傳奇(B137)	黎海榮	沈集成	122	1127	6	4-1/4	11 11 11 10 7	2:01.17	23	-	-	2	B/TT	5	沙田	2.7							
2019/11/9	9	第三班	2000米	(80-60)	好地至快地	草地 - "A" 賽道	8	9	超班福星(C183)	巴度	丁冠豪	121	1076	5	4-3/4	8 9 9 11 8	2:01.26	6.7	-	-	1	CP/TT	5	沙田	2.7							
2019/11/9	9	第三班	2000米	(80-60)	好地至快地	草地 - "A" 賽道	9	11	金如意(A172)	梁家俊	蘇保羅	118	1056	1	6-1/4	5 5 5 5 9	2:01.50	24	-	-	1	 	7	沙田	2.7							
2019/11/9	9	第三班	2000米	(80-60)	好地至快地	草地 - "A" 賽道	10	4	快益善(B478)	何澤堯	沈集成	129	1054	11	6-3/4	6 6 3 4 10	2:01.58	14	-	-	1	SR-/H1	5	沙田	2.7							
2019/11/9	9	第三班	2000米	(80-60)	好地至快地	草地 - "A" 賽道	11	12	榮冠大道(V378)	莫雷拉	葉楚航	117	1184	8	9-1/4	4 4 6 7 11	2:01.97	12	-	-	1	V	7	沙田	2.7							
2019/11/9	9	第三班	2000米	(80-60)	好地至快地	草地 - "A" 賽道	12	7	家家勝意(C510)	郭能	鄭俊偉	122	1072	10	9-3/4	3 3 4 3 12	2:02.05	147	-	-	1	B	4	沙田	2.7							
2019/11/9	9	第三班	2000米	(80-60)	好地至快地	草地 - "A" 賽道	13	14	兵貴神速(B299)	沈拿	羅富全	117	1135	14	12-1/2	13 14 14 14 13	2:02.51	40	-	-	1	CP	5	沙田	2.7							
2019/11/9	9	第三班	2000米	(80-60)	好地至快地	草地 - "A" 賽道	14	10	非常堅(T146)	潘明輝	告東尼	117	1100	3	14-1/4	1 1 1 2 14	2:02.77	29	-	-	2	B/H/TT	-	沙田	2.7							
2019/11/9	9	第三班	2000米	(80-60)	好地至快地	草地 - "A" 賽道			我𢥧意(C038)	潘頓	蘇偉賢	121	---	---	---	---	---	---	-	-	-	-	5	沙田	2.7							
2019/11/9	10	第三班	1400米	(80-60)	好地至快地	草地 - "A" 賽道	1	10	翠湖飛鷹(B391)	梁家俊	蘇偉賢	119	1048	5	-	6 5 5 1	1:21.36	11	-	-	+ 1	 	5	沙田	2.7	32.0			811.0	226.0	118.5	
2019/11/9	10	第三班	1400米	(80-60)	好地至快地	草地 - "A" 賽道	2	11	不羈的風(B271)	希威森	約翰摩亞	119	1026	11	頸位	12 10 10 2	1:21.40	13	-	-	+ 1	B/TT	6	沙田	2.7		37.5		811.0	226.0		164.5
2019/11/9	10	第三班	1400米	(80-60)	好地至快地	草地 - "A" 賽道	3	3	超新星(B380)	莫雷拉	苗禮德	131	1075	14	1-1/2	13 11 12 3	1:21.58	5.2	1st Hot	-	+ 1	 	5	沙田	2.7			21.5			118.5	164.5
2019/11/9	10	第三班	1400米	(80-60)	好地至快地	草地 - "A" 賽道	4	9	大眾歡呼(C225)	潘頓	羅富全	119	1150	6	1-3/4	8 8 8 4	1:21.65	6.1	-	W P	+ 1	XB/TT1	4	沙田	2.7							
2019/11/9	10	第三班	1400米	(80-60)	好地至快地	草地 - "A" 賽道	5	13	佳運來(T380)	沈拿	徐雨石	117	1018	1	2	10 13 14 5	1:21.67	23	-	-	* 1	 	8	沙田	2.7							
2019/11/9	10	第三班	1400米	(80-60)	好地至快地	草地 - "A" 賽道	6	8	忠心美麗(B383)	陳嘉熙	告東尼	110	1098	4	2-1/4	3 4 4 6	1:21.72	6.7	-	-	1	B/TT	5	沙田	2.7							
2019/11/9	10	第三班	1400米	(80-60)	好地至快地	草地 - "A" 賽道	7	5	紀利雄星(C041)	薛恩	沈集成	126	1248	10	3	2 3 3 7	1:21.82	8.7	-	-	1	B	4	沙田	2.7							
2019/11/9	10	第三班	1400米	(80-60)	好地至快地	草地 - "A" 賽道	8	7	再享耆成(B227)	楊明綸	容天鵬	121	1084	12	3	1 2 1 8	1:21.83	19	-	-	+ 1	B	5	沙田	2.7							
2019/11/9	10	第三班	1400米	(80-60)	好地至快地	草地 - "A" 賽道	9	2	白鷺飛翔(A127)	蔡明紹	蘇保羅	132	1154	9	3-1/4	14 14 11 9	1:21.90	22	-	-	+ 1	B-/BO1	6	沙田	2.7							
2019/11/9	10	第三班	1400米	(80-60)	好地至快地	草地 - "A" 賽道	10	6	安承(D059)	田泰安	韋達	123	1057	2	5-1/4	9 9 9 10	1:22.18	96	-	-	+ 1	XB	5	沙田	2.7							
2019/11/9	10	第三班	1400米	(80-60)	好地至快地	草地 - "A" 賽道	11	4	魅影揚飛(A354)	利敬國	姚本輝	126	1228	3	5-1/4	7 6 6 11	1:22.21	5.9	2nd Hot	-	+ 1	B	5	沙田	2.7							
2019/11/9	10	第三班	1400米	(80-60)	好地至快地	草地 - "A" 賽道	12	12	凱旋駿驥(B430)	何澤堯	丁冠豪	118	1097	8	10-1/4	5 7 7 12	1:23.00	9.5	-	-	+ 1	B/H	5	沙田	2.7							
2019/11/9	10	第三班	1400米	(80-60)	好地至快地	草地 - "A" 賽道	13	1	怡威(C496)	巴度	霍利時	133	1021	7	12-1/4	11 12 13 13	1:23.34	175	-	-	+ 1	TT1	5	沙田	2.7							
2019/11/9	10	第三班	1400米	(80-60)	好地至快地	草地 - "A" 賽道	14	14	香江穩勝(T254)	黃皓楠	鄭俊偉	113	1320	13	15-1/4	4 1 2 14	1:23.82	252	-	-	* 1	CP	8	沙田	2.7							
2019/11/17	1	第四班	1200米	(60-40)	好地	草地 - "B" 賽道	1	9	好大大(C425)	潘頓	賀賢	128	1259	7	-	2 2 1	1:09.63	2.9	1st Hot	-	* 1	H1	4	沙田	2.71	14.0			329.0	106.0	95.0	
2019/11/17	1	第四班	1200米	(60-40)	好地	草地 - "B" 賽道	2	13	老友威威(T349)	郭能	葉楚航	123	1239	13	頸位	8 7 2	1:09.69	19	-	-	+ 1	TT	8	沙田	2.71		34.0		329.0	106.0		315.0
2019/11/17	1	第四班	1200米	(60-40)	好地	草地 - "B" 賽道	3	10	三生好運(C359)	布文	羅富全	128	1061	4	3/4	7 5 3	1:09.77	10	-	-	+ 1	 	5	沙田	2.71			35.0			95.0	315.0
2019/11/17	1	第四班	1200米	(60-40)	好地	草地 - "B" 賽道	4	14	喜多樂(C224)	楊明綸	丁冠豪	118	1181	2	1-1/2	5 6 4	1:09.89	15	-	-	+ 1	B-/TT	4	沙田	2.71							
2019/11/17	1	第四班	1200米	(60-40)	好地	草地 - "B" 賽道	5	4	特醒(C060)	蘇兆輝	韋達	129	1147	3	2	10 9 5	1:09.96	7.7	-	-	1	B/XB	5	沙田	2.71							
2019/11/17	1	第四班	1200米	(60-40)	好地	草地 - "B" 賽道	6	6	木火同明(C460)	利敬國	何良	129	1065	1	2	4 4 6	1:09.96	5.3	-	-	+ 1	H	4	沙田	2.71							
2019/11/17	1	第四班	1200米	(60-40)	好地	草地 - "B" 賽道	7	1	嘉應精彩(C526)	田泰安	告東尼	133	1077	10	3	14 14 7	1:10.12	28	-	-	+ 1	TT1	4	沙田	2.71							
2019/11/17	1	第四班	1200米	(60-40)	好地	草地 - "B" 賽道	8	3	如真如假(C222)	莫雷拉	方嘉柏	130	1123	14	3-1/2	9 10 8	1:10.18	5	2nd Hot	-	+ 1	B-	4	沙田	2.71							
2019/11/17	1	第四班	1200米	(60-40)	好地	草地 - "B" 賽道	9	7	千金不換(D091)	巴度	高伯新	128	1326	9	4-3/4	11 11 9	1:10.40	44	-	-	+ 1	 	3	沙田	2.71							
2019/11/17	1	第四班	1200米	(60-40)	好地	草地 - "B" 賽道	10	2	大四喜(A301)	蔡明紹	約翰摩亞	130	1202	6	5-3/4	1 1 10	1:10.53	25	-	-	* 1	B/TT	-	沙田	2.71							
2019/11/17	1	第四班	1200米	(60-40)	好地	草地 - "B" 賽道	11	8	高大威猛(C470)	黎海榮	姚本輝	128	1244	12	5-3/4	6 8 11	1:10.56	106	-	-	* 1	 	4	沙田	2.71							
2019/11/17	1	第四班	1200米	(60-40)	好地	草地 - "B" 賽道	12	12	鑲藍旗(C167)	梁家俊	文家良	128	1110	11	8	12 12 12	1:10.91	231	-	-	1	H-/TT-	4	沙田	2.71							
2019/11/17	1	第四班	1200米	(60-40)	好地	草地 - "B" 賽道	13	11	衝關王(C378)	巫顯東	鄭俊偉	125	1109	5	8-1/2	13 13 13	1:10.98	274	-	-	+ 1	H-/TT	4	沙田	2.71							
2019/11/17	1	第四班	1200米	(60-40)	好地	草地 - "B" 賽道	14	5	遨遊之星(C098)	黃皓楠	容天鵬	126	1185	8	8-1/2	3 3 14	1:11.01	39	-	-	+ 1	V/TT2	4	沙田	2.71							
2019/11/17	2	第四班	2000米	(60-40)	好地	草地 - "B" 賽道	1	12	高瞻遠矚(B345)	莫雷拉	約翰摩亞	116	1017	1	-	5 6 5 6 1	2:03.35	1.9	1st Hot	-	1	PC-/B2	4	沙田	2.71	12.0			134.0	47.5	27.5	
2019/11/17	2	第四班	2000米	(60-40)	好地	草地 - "B" 賽道	2	8	常拼常勝(V037)	利敬國	苗禮德	125	1075	3	1-1/4	4 5 6 5 2	2:03.54	16	-	-	1	V/TT	-	沙田	2.71		35.5		134.0	47.5		95.5
2019/11/17	2	第四班	2000米	(60-40)	好地	草地 - "B" 賽道	3	3	可愛寶(T029)	潘頓	葉楚航	130	1167	8	2	10 9 9 7 3	2:03.66	5.3	2nd Hot	-	+ 1	H/XB	-	沙田	2.71			17.0			27.5	95.5
2019/11/17	2	第四班	2000米	(60-40)	好地	草地 - "B" 賽道	4	10	君臨大地(V192)	黎海榮	何良	118	994	11	4	12 11 11 11 4	2:03.98	15	-	-	1	SR/TT	8	沙田	2.71							
2019/11/17	2	第四班	2000米	(60-40)	好地	草地 - "B" 賽道	5	1	皇龍司令(C208)	郭能	霍利時	133	1088	10	4	8 2 2 2 5	2:03.99	63	-	-	1	B	5	沙田	2.71							
2019/11/17	2	第四班	2000米	(60-40)	好地	草地 - "B" 賽道	6	7	自然君子(C089)	田泰安	方嘉柏	127	1159	9	4-1/4	2 3 4 3 6	2:04.04	21	-	-	2	B/H	5	沙田	2.71							
2019/11/17	2	第四班	2000米	(60-40)	好地	草地 - "B" 賽道	7	11	劍聶風(A201)	陳嘉熙	鄭俊偉	108	1070	6	4-3/4	3 4 3 4 7	2:04.12	12	-	-	1	CP	6	沙田	2.71							
2019/11/17	2	第四班	2000米	(60-40)	好地	草地 - "B" 賽道	8	9	埼豐(A083)	黃皓楠	徐雨石	120	1036	7	5	1 1 1 1 8	2:04.14	45	-	-	1	 	7	沙田	2.71							
2019/11/17	2	第四班	2000米	(60-40)	好地	草地 - "B" 賽道	9	4	原班人馬(C164)	潘明輝	葉楚航	128	1056	5	5-3/4	9 10 10 10 9	2:04.26	19	-	-	2	CP1/TT	5	沙田	2.71							
2019/11/17	2	第四班	2000米	(60-40)	好地	草地 - "B" 賽道	10	6	開心日子(A333)	蘇兆輝	沈集成	128	1100	2	6-1/4	6 8 8 9 10	2:04.34	8.2	-	-	1	B/TT	6	沙田	2.71							
2019/11/17	2	第四班	2000米	(60-40)	好地	草地 - "B" 賽道	11	5	福善(C426)	李寶利	高伯新	129	1063	12	7	11 12 12 12 11	2:04.48	33	-	-	1	XB	4	沙田	2.71							
2019/11/17	2	第四班	2000米	(60-40)	好地	草地 - "B" 賽道	12	2	型酒杯(A160)	史卓豐	方嘉柏	132	1271	4	8-1/4	7 7 7 8 12	2:04.66	81	-	-	1	V	-	沙田	2.71							
2019/11/17	3	第三班	1200米	(80-60)	好地	草地 - "B" 賽道	1	14	英之星(C058)	利敬國	姚本輝	115	1144	11	-	7 7 1	1:08.79	6.9	-	-	* 1	CP	4	沙田	2.71	27.5			128.5	55.5	637.5	
2019/11/17	3	第三班	1200米	(80-60)	好地	草地 - "B" 賽道	2	12	發財寶(B220)	陳嘉熙	韋達	109	1050	3	1-1/4	6 4 2	1:08.98	2.9	1st Hot	-	+ 1	B/XB	5	沙田	2.71		14.0		128.5	55.5		295.5
2019/11/17	3	第三班	1200米	(80-60)	好地	草地 - "B" 賽道	3	8	高明駿將(C511)	何澤堯	呂健威	124	1055	12	2-3/4	10 10 3	1:09.21	51	-	-	+ 1	B1/H1	4	沙田	2.71			121.5			637.5	295.5
2019/11/17	3	第三班	1200米	(80-60)	好地	草地 - "B" 賽道	4	6	同樂日(B087)	潘頓	沈集成	130	1054	13	2-3/4	3 3 4	1:09.22	4.2	2nd Hot	-	+ 1	B/TT	6	沙田	2.71							
2019/11/17	3	第三班	1200米	(80-60)	好地	草地 - "B" 賽道	5	2	旺旺龍(C294)	希威森	霍利時	132	1221	5	4-3/4	13 14 5	1:09.55	129	-	-	+ 1	 	-	沙田	2.71							
2019/11/17	3	第三班	1200米	(80-60)	好地	草地 - "B" 賽道	6	7	以戰養戰(D024)	布文	羅富全	127	1132	10	6	14 12 6	1:09.75	18	-	-	+ 1	 	4	沙田	2.71							
2019/11/17	3	第三班	1200米	(80-60)	好地	草地 - "B" 賽道	7	3	美麗甜心(B410)	蘇兆輝	約翰摩亞	131	1165	4	6-1/4	8 9 7	1:09.79	10	-	-	+ 1	B/TT	4	沙田	2.71							
2019/11/17	3	第三班	1200米	(80-60)	好地	草地 - "B" 賽道	8	13	閃耀榮光(B372)	田泰安	容天鵬	115	1157	6	6-3/4	5 5 8	1:09.85	7.6	-	-	+ 1	CP/TT	5	沙田	2.71							
2019/11/17	3	第三班	1200米	(80-60)	好地	草地 - "B" 賽道	9	9	印水紙(D043)	貝力斯	高伯新	123	1139	7	6-3/4	11 11 9	1:09.86	71	-	-	* 1	H1	4	沙田	2.71							
2019/11/17	3	第三班	1200米	(80-60)	好地	草地 - "B" 賽道	10	10	度身訂做(C522)	黃皓楠	鄭俊偉	120	1047	2	7-1/4	12 13 10	1:09.96	342	-	-	+ 1	 	4	沙田	2.71							
2019/11/17	3	第三班	1200米	(80-60)	好地	草地 - "B" 賽道	11	4	團結精神(B230)	史卓豐	蘇偉賢	131	1182	14	9-1/4	1 1 11	1:10.27	22	-	-	+ 1	B/TT	5	沙田	2.71							
2019/11/17	3	第三班	1200米	(80-60)	好地	草地 - "B" 賽道	12	5	晉神(C476)	潘明輝	葉楚航	128	1031	1	11	9 8 12	1:10.54	109	-	-	* 1	 	4	沙田	2.71							
2019/11/17	3	第三班	1200米	(80-60)	好地	草地 - "B" 賽道	13	1	艮志騰雲(B119)	巴度	文家良	133	1202	9	11-1/2	2 2 13	1:10.63	13	-	-	* 1	CP-	5	沙田	2.71							
2019/11/17	3	第三班	1200米	(80-60)	好地	草地 - "B" 賽道	14	11	智愛(A010)	梁家俊	蘇保羅	121	1196	8	12-1/2	4 6 14	1:10.78	23	-	-	+ 1	B	6	沙田	2.71							
2019/11/17	4	第四班	1400米	(60-40)	好地	草地 - "B" 賽道	1	3	歡樂小子(S235)	潘頓	文家良	131	1285	1	-	5 5 5 1	1:22.06	7.1	-	-	+ 1	V	9	沙田	2.71	21.5			602.5	187.0	129.0	
2019/11/17	4	第四班	1400米	(60-40)	好地	草地 - "B" 賽道	2	7	陽光大地(A130)	巴度	高伯新	126	1089	13	2-1/2	1 1 1 2	1:22.45	19	-	-	+ 1	B	6	沙田	2.71		44.0		602.5	187.0		245.5
2019/11/17	4	第四班	1400米	(60-40)	好地	草地 - "B" 賽道	3	14	爆騷(A207)	黎海榮	徐雨石	114	1086	10	2-3/4	14 13 14 3	1:22.49	10	-	-	+ 1	 	5	沙田	2.71			31.0			129.0	245.5
2019/11/17	4	第四班	1400米	(60-40)	好地	草地 - "B" 賽道	4	9	有錢分(B079)	田泰安	苗禮德	123	1137	4	2-3/4	8 9 9 4	1:22.52	3.3	1st Hot	-	1	B	5	沙田	2.71							
2019/11/17	4	第四班	1400米	(60-40)	好地	草地 - "B" 賽道	5	1	環翠戰士(A187)	薛恩	蘇保羅	133	1073	2	3-1/4	4 6 6 5	1:22.57	3.9	2nd Hot	-	* 1	 	6	沙田	2.71							
2019/11/17	4	第四班	1400米	(60-40)	好地	草地 - "B" 賽道	6	12	勇冠多(V376)	希威森	丁冠豪	116	1123	5	3-3/4	2 3 3 6	1:22.64	38	-	-	* 1	SR	6	沙田	2.71							
2019/11/17	4	第四班	1400米	(60-40)	好地	草地 - "B" 賽道	7	6	中神通(C444)	莫雷拉	蔡約翰	126	1139	3	4-1/4	9 8 7 7	1:22.74	13	-	-	+ 1	B1	4	沙田	2.71							
2019/11/17	4	第四班	1400米	(60-40)	好地	草地 - "B" 賽道	8	13	盛勢(V243)	巫顯東	葉楚航	112	1082	8	5-1/2	7 2 2 8	1:22.95	61	-	-	* 1	 	7	沙田	2.71							
2019/11/17	4	第四班	1400米	(60-40)	好地	草地 - "B" 賽道	9	11	真跑得(A220)	黃皓楠	方嘉柏	112	1104	9	5-3/4	11 10 10 9	1:22.98	207	-	-	1	TT	5	沙田	2.71							
2019/11/17	4	第四班	1400米	(60-40)	好地	草地 - "B" 賽道	10	2	神龍駒(B108)	蘇兆輝	告東尼	131	1075	14	6-1/4	10 11 12 10	1:23.06	9.6	-	-	* 1	H/TT	5	沙田	2.71							
2019/11/17	4	第四班	1400米	(60-40)	好地	草地 - "B" 賽道	11	4	活力飛彈(B322)	郭能	約翰摩亞	129	1166	6	6-1/4	6 7 8 11	1:23.06	30	-	-	* 1	CP	-	沙田	2.71							
2019/11/17	4	第四班	1400米	(60-40)	好地	草地 - "B" 賽道	12	5	龍鳳情祥(B185)	潘明輝	賀賢	126	1086	11	7	13 14 13 12	1:23.17	45	-	-	+ 1	 	5	沙田	2.71							
2019/11/17	4	第四班	1400米	(60-40)	好地	草地 - "B" 賽道	13	10	晴朗拍檔(B071)	李寶利	霍利時	117	1103	12	7-1/2	12 12 11 13	1:23.27	12	-	-	1	 	6	沙田	2.71							
2019/11/17	4	第四班	1400米	(60-40)	好地	草地 - "B" 賽道	14	8	活力長勝(C498)	楊明綸	容天鵬	125	1040	7	10-1/2	3 4 4 14	1:23.73	62	-	-	* 1	 	4	沙田	2.71							
2019/11/17	5	第三班	1400米	(80-60)	好地	草地 - "B" 賽道	1	14	健康在望(C172)	蘇兆輝	苗禮德	115	1000	6	-	7 7 7 1	1:21.37	2.7	1st Hot	-	+ 1	B	4	沙田	2.71	15.0			142.5	64.5	64.0	
2019/11/17	5	第三班	1400米	(80-60)	好地	草地 - "B" 賽道	2	6	元朗之星(C303)	何澤堯	文家良	126	1099	2	1/2	1 1 1 2	1:21.44	9.9	-	-	+ 1	 	4	沙田	2.71		28.5		142.5	64.5		194.0
2019/11/17	5	第三班	1400米	(80-60)	好地	草地 - "B" 賽道	3	5	利害了(C367)	沈拿	韋達	128	1054	1	1-3/4	2 3 3 3	1:21.62	12	-	-	+ 1	B-/XB/CP2	4	沙田	2.71			32.0			64.0	194.0
2019/11/17	5	第三班	1400米	(80-60)	好地	草地 - "B" 賽道	4	3	請跟我來(B440)	莫雷拉	蔡約翰	131	1113	10	2-1/2	10 11 9 4	1:21.77	12	-	-	+ 1	TT	4	沙田	2.71							
2019/11/17	5	第三班	1400米	(80-60)	好地	草地 - "B" 賽道	5	1	追風者(B414)	巫顯東	丁冠豪	130	1120	4	2-3/4	3 4 4 5	1:21.80	9.7	-	-	+ 1	 	5	沙田	2.71							
2019/11/17	5	第三班	1400米	(80-60)	好地	草地 - "B" 賽道	6	9	全民佳知(C288)	利敬國	姚本輝	125	1138	8	3-1/2	8 9 8 6	1:21.93	7.2	2nd Hot	-	+ 1	CP-/H-/XB1/TT-	4	沙田	2.71							
2019/11/17	5	第三班	1400米	(80-60)	好地	草地 - "B" 賽道	7	13	明欣賞(C327)	潘明輝	賀賢	117	1062	12	4	13 14 14 7	1:22.00	10	-	-	+ 1	H1	4	沙田	2.71							
2019/11/17	5	第三班	1400米	(80-60)	好地	草地 - "B" 賽道	8	7	綠色高山(C448)	巴度	沈集成	125	1103	11	4-3/4	12 12 11 8	1:22.14	53	-	-	+ 1	H/TT	-	沙田	2.71							
2019/11/17	5	第三班	1400米	(80-60)	好地	草地 - "B" 賽道	9	2	喜勝勁駒(C325)	薛恩	方嘉柏	132	1077	14	5	9 8 10 9	1:22.16	19	-	-	+ 1	B1	4	沙田	2.71							
2019/11/17	5	第三班	1400米	(80-60)	好地	草地 - "B" 賽道	10	11	加州多寶(C077)	田泰安	告東尼	120	1130	7	5-1/4	5 2 2 10	1:22.19	19	-	-	+ 1	B/TT	5	沙田	2.71							
2019/11/17	5	第三班	1400米	(80-60)	好地	草地 - "B" 賽道	11	12	天生一對(C027)	史卓豐	蘇偉賢	120	1092	5	5-1/4	6 6 6 11	1:22.20	10	-	-	+ 1	 	5	沙田	2.71							
2019/11/17	5	第三班	1400米	(80-60)	好地	草地 - "B" 賽道	12	8	會展達人(C505)	貝力斯	葉楚航	125	1258	9	5-3/4	11 10 13 12	1:22.29	164	-	-	* 1	 	4	沙田	2.71							
2019/11/17	5	第三班	1400米	(80-60)	好地	草地 - "B" 賽道	13	10	嘉域騏(B110)	楊明綸	容天鵬	122	1257	13	5-3/4	14 13 12 13	1:22.29	87	-	-	* 1	TT	6	沙田	2.71							
2019/11/17	5	第三班	1400米	(80-60)	好地	草地 - "B" 賽道	14	4	家家成功(D069)	郭能	徐雨石	129	1175	3	6-1/2	4 5 5 14	1:22.42	222	-	-	+ 1	B1/TT1	4	沙田	2.71							
2019/11/17	6	國際二級賽	1600米 		好地至快地	草地 - "B" 賽道	1	2	夏威夷(C150)	莫雷拉	蔡約翰	123	1123	7	-	3 3 3 1	1:32.89	4.3	2nd Hot	-		 	5	沙田	2.71	12.0			146.5	24.0	14.0	
2019/11/17	6	國際二級賽	1600米 		好地至快地	草地 - "B" 賽道	2	5	嘉應之星(C198)	田泰安	告東尼	123	1116	4	3/4	2 2 2 2	1:33.04	8.4	-	-		CP/TT	5	沙田	2.71		14.5		146.5	24.0		17.0
2019/11/17	6	國際二級賽	1600米 		好地至快地	草地 - "B" 賽道	3	1	美麗傳承(V380)	潘頓	約翰摩亞	128	1151	1	1-3/4	1 1 1 3	1:33.15	1.3	1st Hot	-		B/TT	7	沙田	2.71			10.1			14.0	17.0
2019/11/17	6	國際二級賽	1600米 		好地至快地	草地 - "B" 賽道	4	4	精明才子(B090)	巴度	羅富全	123	1126	2	2	5 5 5 4	1:33.23	56	-	-		XB/CP1	6	沙田	2.71							
2019/11/17	6	國際二級賽	1600米 		好地至快地	草地 - "B" 賽道	5	3	龍船鼓響(T286)	潘明輝	姚本輝	123	1027	6	2-1/4	7 7 7 5	1:33.27	62	-	-		H/XB	8	沙田	2.71							
2019/11/17	6	國際二級賽	1600米 		好地至快地	草地 - "B" 賽道	6	7	非凡才子(C095)	布文	容天鵬	123	1109	3	5	4 4 4 6	1:33.69	21	-	-		 	5	沙田	2.71							
2019/11/17	6	國際二級賽	1600米 		好地至快地	草地 - "B" 賽道	7	6	烽煙四喜(A036)	蘇兆輝	苗禮德	123	1144	5	6-1/2	6 6 6 7	1:33.93	31	-	-		TT	6	沙田	2.71							
2019/11/17	7	國際二級賽	2000米 		好地至快地	草地 - "B" 賽道	1	1	時時精綵(B101)	潘頓	告東尼	128	1073	3	-	4 4 3 1 1	1:59.77	1.9	1st Hot	-		XB/TT	6	沙田	2.71	11.0			130.5	52.0	41.5	
2019/11/17	7	國際二級賽	2000米 		好地至快地	草地 - "B" 賽道	2	8	添滿意(C079)	布文	羅富全	123	1097	4	1-1/4	5 5 6 4 2	1:59.97	16	-	-		B	5	沙田	2.71		29.5		130.5	52.0		142.5
2019/11/17	7	國際二級賽	2000米 		好地至快地	草地 - "B" 賽道	3	4	川河尊駒(A252)	沈拿	方嘉柏	123	1162	5	2-1/2	3 3 4 5 3	2:00.14	12	-	-		V	7	沙田	2.71			28.0			41.5	142.5
2019/11/17	7	國際二級賽	2000米 		好地至快地	草地 - "B" 賽道	4	3	跳出香港(A238)	何澤堯	方嘉柏	123	1114	8	4-1/4	8 8 7 6 4	2:00.45	3.9	2nd Hot	-		XB	6	沙田	2.71							
2019/11/17	7	國際二級賽	2000米 		好地至快地	草地 - "B" 賽道	5	9	好好瑪(B318)	巴度	賀賢	123	1045	9	6	9 9 9 8 5	2:00.74	53	-	-		 	5	沙田	2.71							
2019/11/17	7	國際二級賽	2000米 		好地至快地	草地 - "B" 賽道	6	7	鷹雄(A093)	利敬國	約翰摩亞	123	1097	6	9	7 7 8 7 6	2:01.23	20	-	-		B/TT	7	沙田	2.71							
2019/11/17	7	國際二級賽	2000米 		好地至快地	草地 - "B" 賽道	7	6	馬克羅斯(A066)	田泰安	告東尼	123	1256	2	14-1/2	1 1 1 2 7	2:02.08	18	-	-		TT	7	沙田	2.71							
2019/11/17	7	國際二級賽	2000米 		好地至快地	草地 - "B" 賽道	8	5	達龍駒(C075)	莫雷拉	羅富全	123	1115	7	21-1/4	6 6 5 9 8	2:03.17	26	-	-		CP	5	沙田	2.71							
2019/11/17	7	國際二級賽	2000米 		好地至快地	草地 - "B" 賽道	9	2	歡樂之光(B236)	蘇兆輝	羅富全	128	1175	1	22-1/4	2 2 2 3 9	2:03.32	7.2	-	-		B/TT	6	沙田	2.71							
2019/11/17	8	國際二級賽	1200米 		好地至快地	草地 - "B" 賽道	1	14	忠心勇士(C336)	田泰安	約翰摩亞	113	1246	9	-	1 1 1	1:07.58	2.8	1st Hot	-		 	3	沙田	2.71	15.5			203.0	74.5	57.5	
2019/11/17	8	國際二級賽	1200米 		好地至快地	草地 - "B" 賽道	2	4	旺蝦王(A299)	利敬國	蔡約翰	123	1236	6	2	4 4 2	1:07.88	11	-	-		 	5	沙田	2.71		33.0		203.0	74.5		154.5
2019/11/17	8	國際二級賽	1200米 		好地至快地	草地 - "B" 賽道	3	1	爭分奪秒(V397)	莫雷拉	蔡約翰	128	1150	8	3	10 10 3	1:08.05	9.7	-	-		TT	6	沙田	2.71			26.5			57.5	154.5
2019/11/17	8	國際二級賽	1200米 		好地至快地	草地 - "B" 賽道	4	10	美麗滿載(C003)	何澤堯	蔡約翰	123	1175	14	3-3/4	12 12 4	1:08.16	30	-	-		 	5	沙田	2.71							
2019/11/17	8	國際二級賽	1200米 		好地至快地	草地 - "B" 賽道	5	8	有理共想(B180)	蘇兆輝	高伯新	123	1190	3	4	9 9 5	1:08.21	14	-	-		B	6	沙田	2.71							
2019/11/17	8	國際二級賽	1200米 		好地至快地	草地 - "B" 賽道	6	3	翩翩(V344)	史卓豐	蔡約翰	123	1156	4	4	8 8 6	1:08.23	48	-	-		 	7	沙田	2.71							
2019/11/17	8	國際二級賽	1200米 		好地至快地	草地 - "B" 賽道	7	7	天下為攻(A257)	沈拿	蔡約翰	123	1084	2	4-1/2	6 5 7	1:08.30	104	-	-		TT	-	沙田	2.71							
2019/11/17	8	國際二級賽	1200米 		好地至快地	草地 - "B" 賽道	8	2	紅衣醒神(V153)	布文	羅富全	128	1114	12	5	7 7 8	1:08.39	18	-	-		 	7	沙田	2.71							
2019/11/17	8	國際二級賽	1200米 		好地至快地	草地 - "B" 賽道	9	13	常感恩(B312)	郭能	約翰摩亞	123	1250	13	6	2 2 9	1:08.54	10	-	-		CP	4	沙田	2.71							
2019/11/17	8	國際二級賽	1200米 		好地至快地	草地 - "B" 賽道	10	11	帝豪福星(B348)	潘頓	沈集成	123	1127	7	6	5 6 10	1:08.55	3.5	2nd Hot	-		TT	4	沙田	2.71							
2019/11/17	8	國際二級賽	1200米 		好地至快地	草地 - "B" 賽道	11	5	小巨人(V342)	巴度	賀賢	123	1047	10	9-3/4	11 11 11	1:09.15	30	-	-		 	-	沙田	2.71							
2019/11/17	8	國際二級賽	1200米 		好地至快地	草地 - "B" 賽道	12	12	首映(A051)	楊明綸	呂健威	123	1130	5	15-3/4	3 3 12	1:10.11	161	-	-		SR	-	沙田	2.71							
2019/11/17	8	國際二級賽	1200米 		好地至快地	草地 - "B" 賽道	PU	6	巴基之星(V325)	薛恩	蘇保羅	123	1213	1	---	---	---	15	-	-		V1	-	沙田	2.71							
2019/11/17	8	國際二級賽	1200米 		好地至快地	草地 - "B" 賽道		9	平湖之星(A262)	梁家俊	容天鵬	123	---	---	---	---	---	---	-	-	-	-	-	沙田	2.71							
2019/11/17	9	第二班	1200米	(100-80)	好地至快地	草地 - "B" 賽道	1	11	牛角仔(C234)	何澤堯	蘇偉賢	120	1085	2	-	6 4 1	1:08.56	4.2	2nd Hot	-	1	CP	4	沙田	2.71	15.5			513.5	161.0	52.0	
2019/11/17	9	第二班	1200米	(100-80)	好地至快地	草地 - "B" 賽道	2	3	百勝龍(V356)	楊明綸	呂健威	131	1183	5	1	9 6 2	1:08.72	33	-	-	+ 1	B/H/TT	7	沙田	2.71		72.5		513.5	161.0		320.0
2019/11/17	9	第二班	1200米	(100-80)	好地至快地	草地 - "B" 賽道	3	12	最合拍(B393)	利敬國	沈集成	120	1108	13	1	5 5 3	1:08.73	7.8	-	-	1	B/TT	4	沙田	2.71			23.5			52.0	320.0
2019/11/17	9	第二班	1200米	(100-80)	好地至快地	草地 - "B" 賽道	4	1	仁者荃心(A157)	蔡明紹	文家良	132	1132	4	1-1/4	3 3 4	1:08.78	12	-	-	1	 	6	沙田	2.71							
2019/11/17	9	第二班	1200米	(100-80)	好地至快地	草地 - "B" 賽道	5	7	日日精彩(B461)	潘頓	羅富全	125	1226	1	1-1/2	2 1 5	1:08.80	3	1st Hot	-	1	 	4	沙田	2.71							
2019/11/17	9	第二班	1200米	(100-80)	好地至快地	草地 - "B" 賽道	6	2	精算風暴(B173)	史卓豐	蔡約翰	131	1162	10	3-1/2	10 9 6	1:09.12	25	-	-	2	PC	5	沙田	2.71							
2019/11/17	9	第二班	1200米	(100-80)	好地至快地	草地 - "B" 賽道	7	6	友瑩囍(B249)	莫雷拉	蔡約翰	125	1285	9	4-3/4	13 11 7	1:09.31	6.5	-	-	1	 	-	沙田	2.71							
2019/11/17	9	第二班	1200米	(100-80)	好地至快地	草地 - "B" 賽道	8	5	開心神駒(T200)	沈拿	苗禮德	126	1105	3	5	12 13 8	1:09.37	131	-	-	2	 	8	沙田	2.71							
2019/11/17	9	第二班	1200米	(100-80)	好地至快地	草地 - "B" 賽道	9	14	騰龍駒(B349)	巴度	苗禮德	118	1110	6	5-1/2	7 8 9	1:09.45	35	-	-	+ 1	B	5	沙田	2.71							
2019/11/17	9	第二班	1200米	(100-80)	好地至快地	草地 - "B" 賽道	10	4	遨遊戰士(C247)	田泰安	姚本輝	130	1114	12	6-3/4	1 2 10	1:09.65	8	-	-	+ 1	XB1/TT-	4	沙田	2.71							
2019/11/17	9	第二班	1200米	(100-80)	好地至快地	草地 - "B" 賽道	11	9	悅跑得(C502)	李寶利	葉楚航	123	1139	14	7	14 12 11	1:09.68	269	-	-	1	XB1/TT1	4	沙田	2.71							
2019/11/17	9	第二班	1200米	(100-80)	好地至快地	草地 - "B" 賽道	12	8	勇猛神駒(C462)	蘇兆輝	沈集成	124	1113	7	7-3/4	11 14 12	1:09.79	151	-	-	2	XB1/TT	4	沙田	2.71							
2019/11/17	9	第二班	1200米	(100-80)	好地至快地	草地 - "B" 賽道	13	13	紅運大師(C287)	貝力斯	蔡約翰	119	1050	8	9-1/4	4 7 13	1:10.06	69	-	-	3	 	4	沙田	2.71							
2019/11/17	9	第二班	1200米	(100-80)	好地至快地	草地 - "B" 賽道	14	10	美麗友盈(C124)	潘明輝	約翰摩亞	118	1095	11	10-1/2	8 10 14	1:10.26	40	-	-	+ 1	CP1	5	沙田	2.71							
2019/11/17	10	第二班	1800米	(100-80)	好地至快地	草地 - "B" 賽道	1	12	四通八達(C024)	史卓豐	蔡約翰	120	1065	11	-	10 11 11 11 1	1:47.22	5.1	2nd Hot	-	1	P	5	沙田	2.71	20.0			146.0	54.0	108.0	
2019/11/17	10	第二班	1800米	(100-80)	好地至快地	草地 - "B" 賽道	2	13	任我行(C297)	何澤堯	約翰摩亞	119	1044	13	1/2	12 12 13 14 2	1:47.31	6	-	-	2	CP	5	沙田	2.71		23.5		146.0	54.0		95.5
2019/11/17	10	第二班	1800米	(100-80)	好地至快地	草地 - "B" 賽道	3	4	喜蓮騏星(C165)	利敬國	告東尼	127	1039	7	3/4	9 8 8 7 3	1:47.35	9.9	-	-	2	XB/TT	5	沙田	2.71			31.5			108.0	95.5
2019/11/17	10	第二班	1800米	(100-80)	好地至快地	草地 - "B" 賽道	4	1	陸寶(B153)	楊明綸	告東尼	131	991	9	1-1/4	11 10 10 9 4	1:47.43	25	-	-	1	H/PC/TT	6	沙田	2.71							
2019/11/17	10	第二班	1800米	(100-80)	好地至快地	草地 - "B" 賽道	5	7	與龍共舞(B129)	沈拿	何良	123	1095	12	1-1/4	14 13 12 12 5	1:47.44	37	-	-	+ 1	H/P/TT	6	沙田	2.71							
2019/11/17	10	第二班	1800米	(100-80)	好地至快地	草地 - "B" 賽道	6	3	天池怪俠(B350)	潘頓	蘇偉賢	128	1141	4	1-3/4	8 9 9 10 6	1:47.50	3.1	1st Hot	-	1	H	5	沙田	2.71							
2019/11/17	10	第二班	1800米	(100-80)	好地至快地	草地 - "B" 賽道	7	11	蟲草之星(B070)	貝力斯	呂健威	120	1185	6	2	2 3 4 4 7	1:47.55	20	-	-	1	B	5	沙田	2.71							
2019/11/17	10	第二班	1800米	(100-80)	好地至快地	草地 - "B" 賽道	8	2	佳騰駒(B160)	陳嘉熙	羅富全	120	1203	2	3	1 1 1 1 8	1:47.69	30	-	-	2	H/TT	-	沙田	2.71							
2019/11/17	10	第二班	1800米	(100-80)	好地至快地	草地 - "B" 賽道	9	9	傑彩繽紛(B457)	希威森	蔡約翰	121	1039	1	3	7 6 6 6 9	1:47.70	15	-	-	2	B	5	沙田	2.71							
2019/11/17	10	第二班	1800米	(100-80)	好地至快地	草地 - "B" 賽道	10	6	美麗經典(C049)	郭能	約翰摩亞	125	1101	10	3-1/2	4 4 3 3 10	1:47.77	61	-	-	1	B	5	沙田	2.71							
2019/11/17	10	第二班	1800米	(100-80)	好地至快地	草地 - "B" 賽道	11	10	星運明爵(C431)	莫雷拉	方嘉柏	121	1090	14	3-1/2	13 14 14 13 11	1:47.79	15	-	-	1	PC-/XB	4	沙田	2.71							
2019/11/17	10	第二班	1800米	(100-80)	好地至快地	草地 - "B" 賽道	12	14	得勝駒(B112)	巴度	韋達	118	1117	5	3-3/4	5 7 7 8 12	1:47.82	30	-	-	1	SR-/XB/B2	5	沙田	2.71							
2019/11/17	10	第二班	1800米	(100-80)	好地至快地	草地 - "B" 賽道	13	8	電路二號(B387)	田泰安	告東尼	122	1045	8	4-1/2	3 2 2 2 13	1:47.95	38	-	-	3	B1/H1/TT	-	沙田	2.71							
2019/11/17	10	第二班	1800米	(100-80)	好地至快地	草地 - "B" 賽道	14	5	繽紛遊戲(C013)	蘇兆輝	羅富全	126	1077	3	6-1/2	6 5 5 5 14	1:48.25	13	-	-	1	B	5	沙田	2.71							
2019/11/20	1	第五班	1650米	(40-0)	好地至快地	草地 - "C+3" 賽道	1	1	超霸無敵(C256)	史卓豐	姚本輝	133	1045	8	-	1 1 1 1	1:40.43	29	-	-	* 1	SR1	4	跑馬地	2.7	74.5			772.5	237.0	560.0	
2019/11/20	1	第五班	1650米	(40-0)	好地至快地	草地 - "C+3" 賽道	2	2	大眾勁駒(B074)	巴度	文家良	132	1143	4	1/2	8 8 7 2	1:40.53	7.3	-	-	+ 1	B	5	跑馬地	2.7		22.5		772.5	237.0		177.0
2019/11/20	1	第五班	1650米	(40-0)	好地至快地	草地 - "C+3" 賽道	3	6	醉開心(B286)	蘇兆輝	葉楚航	131	1098	12	3	12 12 12 3	1:40.91	15	-	-	+ 1	E/TT	5	跑馬地	2.7			50.5			560.0	177.0
2019/11/20	1	第五班	1650米	(40-0)	好地至快地	草地 - "C+3" 賽道	4	3	金津輝煌(V400)	沈拿	苗禮德	132	1162	10	3-3/4	7 3 4 4	1:41.01	18	-	-	+ 1	B	6	跑馬地	2.7							
2019/11/20	1	第五班	1650米	(40-0)	好地至快地	草地 - "C+3" 賽道	5	8	金錢炮(T022)	何澤堯	呂健威	129	954	1	3-3/4	5 6 5 5	1:41.03	6	2nd Hot	-	+ 1	B/H/XB	8	跑馬地	2.7							
2019/11/20	1	第五班	1650米	(40-0)	好地至快地	草地 - "C+3" 賽道	6	5	活力寶駒(B279)	潘頓	賀賢	131	1165	3	4-1/2	6 7 8 6	1:41.13	2.3	1st Hot	-	+ 1	B	5	跑馬地	2.7							
2019/11/20	1	第五班	1650米	(40-0)	好地至快地	草地 - "C+3" 賽道	7	4	駿協精英(V207)	梁家俊	何良	131	1177	7	4-1/2	3 5 6 7	1:41.13	10	-	-	1	H/SR	7	跑馬地	2.7							
2019/11/20	1	第五班	1650米	(40-0)	好地至快地	草地 - "C+3" 賽道	8	9	福嘉旺旺(B302)	貝力斯	方嘉柏	128	1062	2	4-3/4	4 4 3 8	1:41.19	11	-	-	* 1	B2/TT2	-	跑馬地	2.7							
2019/11/20	1	第五班	1650米	(40-0)	好地至快地	草地 - "C+3" 賽道	9	7	港林福星(A307)	薛恩	沈集成	130	1101	11	5-1/4	10 9 9 9	1:41.25	48	-	-	1	B	-	跑馬地	2.7							
2019/11/20	1	第五班	1650米	(40-0)	好地至快地	草地 - "C+3" 賽道	10	10	執到笑(B130)	田泰安	蘇保羅	127	1161	6	5-1/4	9 10 11 10	1:41.28	13	-	-	+ 1	B/TT	5	跑馬地	2.7							
2019/11/20	1	第五班	1650米	(40-0)	好地至快地	草地 - "C+3" 賽道	11	11	萬里威揚(A055)	黎海榮	徐雨石	126	1050	5	7-1/4	11 11 10 11	1:41.59	27	-	-	+ 1	B	7	跑馬地	2.7							
2019/11/20	1	第五班	1650米	(40-0)	好地至快地	草地 - "C+3" 賽道	12	12	劍追聲(B445)	楊明綸	告東尼	124	1040	9	7-3/4	2 2 2 12	1:41.65	62	-	-	+ 1	TT	5	跑馬地	2.7							
2019/11/20	2	第四班	1200米	(60-40)	好地至快地	草地 - "C+3" 賽道	1	6	同盟力量(C036)	何澤堯	姚本輝	127	1224	8	-	1 1 1	1:09.79	4.6	-	-	+ 1	B	4	跑馬地	2.7	19.0			95.5	37.5	172.5	
2019/11/20	2	第四班	1200米	(60-40)	好地至快地	草地 - "C+3" 賽道	2	1	紅褲日(C272)	薛恩	鄭俊偉	133	1152	3	1-3/4	4 3 2	1:10.08	4	1st Hot	-	* 2	B/TT	5	跑馬地	2.7		14.5		95.5	37.5		135.5
2019/11/20	2	第四班	1200米	(60-40)	好地至快地	草地 - "C+3" 賽道	3	3	人和家盛(C531)	潘頓	沈集成	132	1004	4	2	5 8 3	1:10.10	15	-	-	* 2	 	4	跑馬地	2.7			50.5			172.5	135.5
2019/11/20	2	第四班	1200米	(60-40)	好地至快地	草地 - "C+3" 賽道	4	12	三圓䮭路(C149)	利敬國	葉楚航	117	1111	5	2-1/4	3 5 4	1:10.14	8.3	-	-	+ 1	 	6	跑馬地	2.7							
2019/11/20	2	第四班	1200米	(60-40)	好地至快地	草地 - "C+3" 賽道	5	5	好友益(T265)	黃皓楠	徐雨石	125	1028	1	2-3/4	7 7 5	1:10.22	15	-	-	* 2	B	7	跑馬地	2.7							
2019/11/20	2	第四班	1200米	(60-40)	好地至快地	草地 - "C+3" 賽道	6	7	甲烷(C469)	希威森	霍利時	127	1070	10	3-1/4	2 2 6	1:10.32	4.4	2nd Hot	-	* 1	 	4	跑馬地	2.7							
2019/11/20	2	第四班	1200米	(60-40)	好地至快地	草地 - "C+3" 賽道	7	9	新威龍(V412)	巴度	高伯新	126	1204	11	3-1/2	6 4 7	1:10.37	36	-	-	* 2	CP/TT	-	跑馬地	2.7							
2019/11/20	2	第四班	1200米	(60-40)	好地至快地	草地 - "C+3" 賽道	8	10	醉翁意(C016)	田泰安	蔡約翰	122	1059	9	3-1/2	8 6 8	1:10.37	9.8	-	-	* 1	P	4	跑馬地	2.7							
2019/11/20	2	第四班	1200米	(60-40)	好地至快地	草地 - "C+3" 賽道	9	8	雙節棍(C357)	李寶利	方嘉柏	127	1058	2	4-1/2	10 10 9	1:10.50	25	-	-	* 2	 	5	跑馬地	2.7							
2019/11/20	2	第四班	1200米	(60-40)	好地至快地	草地 - "C+3" 賽道	10	11	君子精神(V274)	梁家俊	蘇偉賢	119	993	7	4-3/4	9 9 10	1:10.56	12	-	-	+ 1	 	7	跑馬地	2.7							
2019/11/20	2	第四班	1200米	(60-40)	好地至快地	草地 - "C+3" 賽道	11	4	分到笑(C078)	潘明輝	賀賢	130	1067	6	7-1/4	11 11 11	1:10.94	117	-	-	* 1	 	4	跑馬地	2.7							
2019/11/20	2	第四班	1200米	(60-40)	好地至快地	草地 - "C+3" 賽道	12	2	勁得手(C030)	巫顯東	容天鵬	129	1259	12	19-1/4	12 12 12	1:12.86	55	-	-	* 2	B/TT	4	跑馬地	2.7							
2019/11/20	3	第四班	1200米	(60-40)	好地至快地	草地 - "C+3" 賽道	1	3	君達星(B019)	潘頓	丁冠豪	131	1166	7	-	1 1 1	1:08.92	2.3	1st Hot	-	* 2	 	5	跑馬地	2.7	16.0			87.0	38.5	206.5	
2019/11/20	3	第四班	1200米	(60-40)	好地至快地	草地 - "C+3" 賽道	2	4	精算八方(A221)	田泰安	蔡約翰	131	1132	3	5-1/2	2 3 2	1:09.82	6.5	-	-	* 2	PC/XB	6	跑馬地	2.7		19.5		87.0	38.5		424.5
2019/11/20	3	第四班	1200米	(60-40)	好地至快地	草地 - "C+3" 賽道	3	11	齊齊發(B356)	何澤堯	鄭俊偉	120	1190	11	5-3/4	10 9 3	1:09.84	47	-	-	+ 1	B	5	跑馬地	2.7			90.0			206.5	424.5
2019/11/20	3	第四班	1200米	(60-40)	好地至快地	草地 - "C+3" 賽道	4	2	神州俊馬(A282)	郭能	蘇保羅	132	1144	5	6-1/4	7 7 4	1:09.94	15	-	-	* 2	 	6	跑馬地	2.7							
2019/11/20	3	第四班	1200米	(60-40)	好地至快地	草地 - "C+3" 賽道	5	7	霹靂狂龍(D003)	潘明輝	賀賢	123	1023	10	7	11 10 5	1:10.03	73	-	-	* 2	H1	4	跑馬地	2.7							
2019/11/20	3	第四班	1200米	(60-40)	好地至快地	草地 - "C+3" 賽道	6	6	機智之星(D021)	沈拿	姚本輝	125	984	6	7-1/4	8 8 6	1:10.10	39	-	-	* 2	H1	4	跑馬地	2.7							
2019/11/20	3	第四班	1200米	(60-40)	好地至快地	草地 - "C+3" 賽道	7	10	太陽戰馬(C212)	蘇兆輝	徐雨石	120	1200	8	7-1/2	3 2 7	1:10.11	6.8	-	-	+ 1	 	5	跑馬地	2.7							
2019/11/20	3	第四班	1200米	(60-40)	好地至快地	草地 - "C+3" 賽道	8	8	友享友賞(A142)	梁家俊	蘇偉賢	122	1179	9	8-1/2	6 5 8	1:10.27	23	-	-	* 2	B	6	跑馬地	2.7							
2019/11/20	3	第四班	1200米	(60-40)	好地至快地	草地 - "C+3" 賽道	9	12	勁飛聖(T361)	巫顯東	容天鵬	111	1064	12	9-1/2	12 12 9	1:10.45	84	-	-	+ 1	TT	7	跑馬地	2.7							
2019/11/20	3	第四班	1200米	(60-40)	好地至快地	草地 - "C+3" 賽道	10	1	無價寶(B254)	楊明綸	何良	133	1127	4	12-1/4	5 6 10	1:10.89	5.8	2nd Hot	W P	+ 1	H/TT	5	跑馬地	2.7							
2019/11/20	3	第四班	1200米	(60-40)	好地至快地	草地 - "C+3" 賽道	11	5	上浦精神(C350)	黎海榮	沈集成	125	1048	1	17-3/4	9 11 11	1:11.77	96	-	-	* 1	TT1	5	跑馬地	2.7							
2019/11/20	3	第四班	1200米	(60-40)	好地至快地	草地 - "C+3" 賽道	DNF	9	遨遊神駒(B168)	巴度	羅富全	122	1127	2	---	4 4	---	7.8	-	-	* 1	B/TT	-	跑馬地	2.7							
2019/11/20	4	第四班	1650米	(60-40)	好地至快地	草地 - "C+3" 賽道	1	12	新界之星(A081)	黎海榮	姚本輝	118	1056	1	-	3 3 2 1	1:39.63	28	-	-	+ 1	 	6	跑馬地	2.7	65.0			1472.5	335.5	441.5	
2019/11/20	4	第四班	1650米	(60-40)	好地至快地	草地 - "C+3" 賽道	2	10	鑽飾神聖(A419)	田泰安	苗禮德	122	1196	9	1/2	10 10 10 2	1:39.74	8.7	-	-	* 1	 	6	跑馬地	2.7		24.5		1472.5	335.5		136.5
2019/11/20	4	第四班	1650米	(60-40)	好地至快地	草地 - "C+3" 賽道	3	5	永益善(B003)	利敬國	沈集成	125	1106	7	3/4	4 4 5 3	1:39.76	12	-	-	* 2	B	6	跑馬地	2.7			33.5			441.5	136.5
2019/11/20	4	第四班	1650米	(60-40)	好地至快地	草地 - "C+3" 賽道	4	4	夢幻戰士(C280)	蘇兆輝	告東尼	127	1120	3	1-1/4	6 6 6 4	1:39.85	3.6	2nd Hot	-	* 2	CP/H/TT	4	跑馬地	2.7							
2019/11/20	4	第四班	1650米	(60-40)	好地至快地	草地 - "C+3" 賽道	5	1	放眼量(A140)	梁家俊	何良	131	1039	4	1-3/4	5 5 4 5	1:39.89	13	-	-	+ 1	CP/H	6	跑馬地	2.7							
2019/11/20	4	第四班	1650米	(60-40)	好地至快地	草地 - "C+3" 賽道	6	9	多多(C109)	李寶利	蔡約翰	122	1021	5	2-1/4	7 8 8 6	1:39.98	5.4	-	-	+ 1	H	4	跑馬地	2.7							
2019/11/20	4	第四班	1650米	(60-40)	好地至快地	草地 - "C+3" 賽道	7	11	事必獲利(T002)	郭能	方嘉柏	121	1135	8	2-1/4	9 9 9 7	1:40.00	19	-	-	* 2	TT	-	跑馬地	2.7							
2019/11/20	4	第四班	1650米	(60-40)	好地至快地	草地 - "C+3" 賽道	8	3	悅目星光(A137)	潘頓	徐雨石	129	1128	2	2-1/2	1 1 1 8	1:40.03	3.5	1st Hot	-	1	 	7	跑馬地	2.7							
2019/11/20	4	第四班	1650米	(60-40)	好地至快地	草地 - "C+3" 賽道	9	7	陽明滿滿(B047)	何澤堯	蘇偉賢	124	1071	6	3-1/4	8 7 7 9	1:40.13	28	-	-	* 1	TT	5	跑馬地	2.7							
2019/11/20	4	第四班	1650米	(60-40)	好地至快地	草地 - "C+3" 賽道	10	2	藍海策略(A411)	潘明輝	葉楚航	129	1072	12	4-1/4	12 12 12 10	1:40.32	35	-	-	* 1	B	6	跑馬地	2.7							
2019/11/20	4	第四班	1650米	(60-40)	好地至快地	草地 - "C+3" 賽道	11	6	狂想派(C235)	蔡明紹	蘇保羅	125	1112	11	7-1/4	11 11 11 11	1:40.77	85	-	-	1	B1	-	跑馬地	2.7							
2019/11/20	4	第四班	1650米	(60-40)	好地至快地	草地 - "C+3" 賽道	12	8	快閃的(A189)	希威森	霍利時	123	1056	10	15	2 2 3 12	1:42.04	24	-	-	+ 2	B/TT	6	跑馬地	2.7							
2019/11/20	5	第四班	1650米	(60-40)	好地至快地	草地 - "C+3" 賽道	1	5	肥仔威威(B366)	何澤堯	方嘉柏	126	1020	1	-	6 6 6 1	1:40.32	6.3	-	-	+ 1	V/TT	5	跑馬地	2.7	21.5			1415.0	403.0	69.5	
2019/11/20	5	第四班	1650米	(60-40)	好地至快地	草地 - "C+3" 賽道	2	10	又夠醒(C305)	希威森	姚本輝	119	1154	3	1-1/4	4 4 2 2	1:40.48	30	-	-	* 2	B-	4	跑馬地	2.7		115.5		1415.0	403.0		643.0
2019/11/20	5	第四班	1650米	(60-40)	好地至快地	草地 - "C+3" 賽道	3	4	都市神話(A086)	薛恩	容天鵬	126	1021	4	2-1/2	7 7 7 3	1:40.68	6.7	-	-	+ 1	B	6	跑馬地	2.7			22.0			69.5	643.0
2019/11/20	5	第四班	1650米	(60-40)	好地至快地	草地 - "C+3" 賽道	4	3	火百合(B050)	潘頓	羅富全	128	1204	11	2-3/4	3 3 4 4	1:40.77	4.3	2nd Hot	-	+ 1	TT	6	跑馬地	2.7							
2019/11/20	5	第四班	1650米	(60-40)	好地至快地	草地 - "C+3" 賽道	5	1	步履娛飛(C289)	陳嘉熙	告東尼	123	1205	2	3-1/2	1 1 1 5	1:40.87	3.6	1st Hot	-	1	CP	5	跑馬地	2.7							
2019/11/20	5	第四班	1650米	(60-40)	好地至快地	草地 - "C+3" 賽道	6	7	總統之星(C170)	蔡明紹	沈集成	122	1056	10	4-1/4	5 5 5 6	1:40.99	43	-	-	+ 1	B/TT	4	跑馬地	2.7							
2019/11/20	5	第四班	1650米	(60-40)	好地至快地	草地 - "C+3" 賽道	7	11	管之星(B006)	田泰安	呂健威	119	1090	5	4-3/4	8 8 8 7	1:41.08	5.1	-	-	1	B/TT	6	跑馬地	2.7							
2019/11/20	5	第四班	1650米	(60-40)	好地至快地	草地 - "C+3" 賽道	8	2	情趣(V114)	沈拿	霍利時	131	1134	9	5-1/2	10 10 10 8	1:41.19	21	-	-	+ 1	B/TT	8	跑馬地	2.7							
2019/11/20	5	第四班	1650米	(60-40)	好地至快地	草地 - "C+3" 賽道	9	8	驃騎飛(C456)	梁家俊	蘇偉賢	122	1130	12	6	12 12 11 9	1:41.29	147	-	-	* 2	 	4	跑馬地	2.7							
2019/11/20	5	第四班	1650米	(60-40)	好地至快地	草地 - "C+3" 賽道	10	9	奔馳寶馬(V038)	貝力斯	蘇保羅	119	1183	6	7-3/4	9 9 9 10	1:41.57	62	-	-	* 2	B/TT	-	跑馬地	2.7							
2019/11/20	5	第四班	1650米	(60-40)	好地至快地	草地 - "C+3" 賽道	11	6	及時行樂(A125)	李寶利	徐雨石	124	1127	8	15-1/2	11 11 12 11	1:42.79	14	-	-	* 2	B	6	跑馬地	2.7							
2019/11/20	5	第四班	1650米	(60-40)	好地至快地	草地 - "C+3" 賽道	12	12	萬事欣(T129)	黎海榮	何良	115	1200	7	17	2 2 3 12	1:43.05	83	-	-	* 2	B2/TT	8	跑馬地	2.7							
2019/11/20	6	第三班	1200米	(80-60)	好地至快地	草地 - "C+3" 賽道	1	12	南莊加好(C025)	楊明綸	丁冠豪	116	1097	2	-	9 8 1	1:09.60	3.2	2nd Hot	-	* 2	H	5	跑馬地	2.7	15.0			189.0	65.5	28.5	
2019/11/20	6	第三班	1200米	(80-60)	好地至快地	草地 - "C+3" 賽道	2	2	永同歡欣(C232)	薛恩	容天鵬	132	1094	8	3/4	11 12 2	1:09.73	12	-	-	* 1	 	5	跑馬地	2.7		29.5		189.0	65.5		63.5
2019/11/20	6	第三班	1200米	(80-60)	好地至快地	草地 - "C+3" 賽道	3	1	精彩輝煌(B411)	潘頓	方嘉柏	133	1095	1	1-1/4	5 5 3	1:09.79	2.9	1st Hot	-	* 2	 	5	跑馬地	2.7			14.0			28.5	63.5
2019/11/20	6	第三班	1200米	(80-60)	好地至快地	草地 - "C+3" 賽道	4	9	美麗躍動(C318)	陳嘉熙	羅富全	113	1131	3	2-1/4	1 2 4	1:09.95	14	-	-	* 1	CP-/B1/TT	4	跑馬地	2.7							
2019/11/20	6	第三班	1200米	(80-60)	好地至快地	草地 - "C+3" 賽道	5	5	醒目勇駒(B456)	何澤堯	告東尼	128	1155	12	3-1/4	6 3 5	1:10.14	25	-	-	* 1	B/TT	5	跑馬地	2.7							
2019/11/20	6	第三班	1200米	(80-60)	好地至快地	草地 - "C+3" 賽道	6	11	索先生(T330)	潘明輝	賀賢	116	1142	10	3-1/2	2 1 6	1:10.16	40	-	-	* 1	B	-	跑馬地	2.7							
2019/11/20	6	第三班	1200米	(80-60)	好地至快地	草地 - "C+3" 賽道	7	3	勞動創造(C138)	黎海榮	沈集成	130	1057	9	3-1/2	10 10 7	1:10.18	35	-	-	* 2	B/TT	4	跑馬地	2.7							
2019/11/20	6	第三班	1200米	(80-60)	好地至快地	草地 - "C+3" 賽道	8	4	育馬妙星(V197)	田泰安	霍利時	128	1180	11	3-3/4	12 11 8	1:10.19	28	-	-	* 2	H	-	跑馬地	2.7							
2019/11/20	6	第三班	1200米	(80-60)	好地至快地	草地 - "C+3" 賽道	9	10	首飾大聖(B378)	巴度	蔡約翰	119	1090	5	4	8 9 9	1:10.26	4.5	-	-	* 1	 	5	跑馬地	2.7							
2019/11/20	6	第三班	1200米	(80-60)	好地至快地	草地 - "C+3" 賽道	10	6	大自然(C489)	蔡明紹	高伯新	126	1287	6	5	7 7 10	1:10.38	52	-	-	* 2	TT	4	跑馬地	2.7							
2019/11/20	6	第三班	1200米	(80-60)	好地至快地	草地 - "C+3" 賽道	11	8	翡翠劇院(A040)	梁家俊	文家良	125	1104	7	7	4 6 11	1:10.72	21	-	-	* 2	B	6	跑馬地	2.7							
2019/11/20	6	第三班	1200米	(80-60)	好地至快地	草地 - "C+3" 賽道	12	7	飛天劍(C463)	黃皓楠	徐雨石	122	1071	4	7	3 4 12	1:10.73	122	-	-	* 2	 	4	跑馬地	2.7							
2019/11/20	7	第二班	1000米	(100-80)	好地至快地	草地 - "C+3" 賽道	1	11	亮先生(B179)	潘明輝	賀賢	112	1114	6	-	3 3 1	0:56.25	18	-	-	+ 1	 	6	跑馬地	2.7	44.0			1810.5	448.0	100.5	
2019/11/20	7	第二班	1000米	(100-80)	好地至快地	草地 - "C+3" 賽道	2	9	年年旺(C122)	蔡明紹	高伯新	117	1195	10	1	12 8 2	0:56.41	22	-	-	+ 1	B/XB	5	跑馬地	2.7		48.0		1810.5	448.0		95.5
2019/11/20	7	第二班	1000米	(100-80)	好地至快地	草地 - "C+3" 賽道	3	3	怡昌寶寶(C273)	潘頓	丁冠豪	130	1200	9	1-1/2	4 4 3	0:56.49	2.8	1st Hot	-	+ 1	 	4	跑馬地	2.7			14.0			100.5	95.5
2019/11/20	7	第二班	1000米	(100-80)	好地至快地	草地 - "C+3" 賽道	4	12	凱旋來(C495)	巴度	霍利時	113	1163	1	1-3/4	5 5 4	0:56.54	6.9	-	W P	1	SR1/TT1	4	跑馬地	2.7							
2019/11/20	7	第二班	1000米	(100-80)	好地至快地	草地 - "C+3" 賽道	5	2	鑽得勁(A391)	沈拿	姚本輝	130	1137	4	1-3/4	6 6 5	0:56.54	11	-	-	2	 	6	跑馬地	2.7							
2019/11/20	7	第二班	1000米	(100-80)	好地至快地	草地 - "C+3" 賽道	6	5	弛曜風(C028)	薛恩	蔡約翰	125	1120	2	3-1/4	10 7 6	0:56.76	10	-	-	+ 1	E/TT	4	跑馬地	2.7							
2019/11/20	7	第二班	1000米	(100-80)	好地至快地	草地 - "C+3" 賽道	7	6	新強勇駿(B065)	利敬國	苗禮德	123	1023	12	3-3/4	7 9 7	0:56.85	25	-	-	1	XB	5	跑馬地	2.7							
2019/11/20	7	第二班	1000米	(100-80)	好地至快地	草地 - "C+3" 賽道	8	1	樂滿家(A293)	田泰安	鄭俊偉	133	1117	11	6	11 12 8	0:57.20	52	-	-	+ 1	B/H	6	跑馬地	2.7							
2019/11/20	7	第二班	1000米	(100-80)	好地至快地	草地 - "C+3" 賽道	9	10	新力寶(A379)	蘇兆輝	約翰摩亞	117	1228	3	6	8 10 9	0:57.22	3.9	2nd Hot	-	+ 1	CP	5	跑馬地	2.7							
2019/11/20	7	第二班	1000米	(100-80)	好地至快地	草地 - "C+3" 賽道	10	4	實力飛駒(V138)	陳嘉熙	蘇保羅	117	1108	8	7-1/2	1 1 10	0:57.44	25	-	-	* 1	B	7	跑馬地	2.7							
2019/11/20	7	第二班	1000米	(100-80)	好地至快地	草地 - "C+3" 賽道	11	8	極速駿馬(B211)	梁家俊	羅富全	118	1185	7	9-3/4	2 2 11	0:57.82	97	-	-	1	B/TT	5	跑馬地	2.7							
2019/11/20	7	第二班	1000米	(100-80)	好地至快地	草地 - "C+3" 賽道	12	7	小鳥敖翔(B069)	何澤堯	姚本輝	122	1222	5	12-1/2	9 11 12	0:58.24	13	-	-	* 1	V/TT	6	跑馬地	2.7							
2019/11/20	8	第三班	1650米	(80-60)	好地至快地	草地 - "C+3" 賽道	1	1	精神威(C345)	潘頓	羅富全	128	1131	11	-	2 3 3 1	1:39.22	3.5	1st Hot	-	+ 1	 	4	跑馬地	2.7	15.5			80.5	34.5	67.0	
2019/11/20	8	第三班	1650米	(80-60)	好地至快地	草地 - "C+3" 賽道	2	10	狂舞派(B404)	蔡明紹	容天鵬	122	1067	2	短馬頭位	7 7 7 2	1:39.23	3.9	2nd Hot	-	* 1	 	5	跑馬地	2.7		16.5		80.5	34.5		79.5
2019/11/20	8	第三班	1650米	(80-60)	好地至快地	草地 - "C+3" 賽道	3	3	智力寶(B311)	李寶利	蔡約翰	126	1193	5	頸位	8 8 6 3	1:39.26	10	-	-	* 1	 	5	跑馬地	2.7			30.0			67.0	79.5
2019/11/20	8	第三班	1650米	(80-60)	好地至快地	草地 - "C+3" 賽道	4	6	龍船(V186)	薛恩	鄭俊偉	124	1093	3	1-1/2	4 4 5 4	1:39.47	22	-	-	* 1	TT	7	跑馬地	2.7							
2019/11/20	8	第三班	1650米	(80-60)	好地至快地	草地 - "C+3" 賽道	5	4	超趣(C285)	貝力斯	霍利時	126	1083	6	1-3/4	9 9 10 5	1:39.50	14	-	-	* 1	H	5	跑馬地	2.7							
2019/11/20	8	第三班	1650米	(80-60)	好地至快地	草地 - "C+3" 賽道	6	11	勁加加(B319)	潘明輝	賀賢	120	1022	1	2-1/4	1 2 1 6	1:39.59	13	-	-	* 1	H-/P-	5	跑馬地	2.7							
2019/11/20	8	第三班	1650米	(80-60)	好地至快地	草地 - "C+3" 賽道	7	12	精彩飛動(B095)	沈拿	方嘉柏	119	1030	10	3	12 11 9 7	1:39.71	29	-	-	* 1	H/TT	6	跑馬地	2.7							
2019/11/20	8	第三班	1650米	(80-60)	好地至快地	草地 - "C+3" 賽道	8	7	陽明高高(B132)	何澤堯	呂健威	124	1094	12	3-3/4	6 6 8 8	1:39.83	9.2	-	-	* 1	 	5	跑馬地	2.7							
2019/11/20	8	第三班	1650米	(80-60)	好地至快地	草地 - "C+3" 賽道	9	9	心中有您(B283)	巫顯東	何良	120	1073	9	4-3/4	3 1 2 9	1:39.99	31	-	-	* 1	H/V	5	跑馬地	2.7							
2019/11/20	8	第三班	1650米	(80-60)	好地至快地	草地 - "C+3" 賽道	10	5	嘜誰嘜誰(C323)	田泰安	告東尼	125	1169	7	5-1/4	10 10 11 10	1:40.06	8	-	-	+ 1	B/TT	4	跑馬地	2.7							
2019/11/20	8	第三班	1650米	(80-60)	好地至快地	草地 - "C+3" 賽道	11	8	一見傾心(B401)	蘇兆輝	蘇保羅	123	1205	4	6	5 5 4 11	1:40.19	14	-	-	+ 1	B	5	跑馬地	2.7							
2019/11/20	8	第三班	1650米	(80-60)	好地至快地	草地 - "C+3" 賽道	12	2	翡翠福星(V020)	梁家俊	文家良	127	1137	8	11-1/4	11 12 12 12	1:41.01	37	-	-	* 1	B	7	跑馬地	2.7							
2019/11/20	9	第三班	1200米	(80-60)	好地至快地	草地 - "C+3" 賽道	1 平頭馬	5	明駿之星(C229)	薛恩	蔡約翰	123	1139	12	-	11 11 1	1:09.25	15	-	-	* 2	B	4	跑馬地	2.7	42.0			415.5	127.5	154.0	
2019/11/20	9	第三班	1200米	(80-60)	好地至快地	草地 - "C+3" 賽道	1 平頭馬	11	晨曦飛馬(C351)	巴度	方嘉柏	116	1012	3	-	6 5 1	1:09.25	4.3	2nd Hot	-	+ 1	TT	5	跑馬地	2.7		16.0		415.5	127.5		55.5
2019/11/20	9	第三班	1200米	(80-60)	好地至快地	草地 - "C+3" 賽道	3	6	知道必勝(C383)	利敬國	沈集成	120	1207	9	2-3/4	4 2 3	1:09.71	5.3	-	-	* 1	B1/TT	3	跑馬地	2.7			21.0			154.0	55.5
2019/11/20	9	第三班	1200米	(80-60)	好地至快地	草地 - "C+3" 賽道	4	7	大師級(C271)	楊明綸	丁冠豪	119	1136	11	3-1/4	9 8 4	1:09.78	36	-	-	+ 1	B	4	跑馬地	2.7							
2019/11/20	9	第三班	1200米	(80-60)	好地至快地	草地 - "C+3" 賽道	5	4	手到回來(C001)	梁家俊	容天鵬	125	1155	2	3-1/2	7 6 5	1:09.80	7	-	-	* 2	B-/TT	5	跑馬地	2.7							
2019/11/20	9	第三班	1200米	(80-60)	好地至快地	草地 - "C+3" 賽道	6	1	鑽飛鷹(B309)	潘頓	姚本輝	133	1211	5	4	2 3 6	1:09.88	3.7	1st Hot	-	* 1	XB	-	跑馬地	2.7							
2019/11/20	9	第三班	1200米	(80-60)	好地至快地	草地 - "C+3" 賽道	7	12	軍炮(V371)	巫顯東	葉楚航	111	1118	6	4	10 9 7	1:09.89	57	-	-	* 2	B	7	跑馬地	2.7							
2019/11/20	9	第三班	1200米	(80-60)	好地至快地	草地 - "C+3" 賽道	8	8	騰龍超影(T372)	蘇兆輝	蘇保羅	119	1152	7	5-1/4	12 12 8	1:10.11	29	-	-	* 2	V/TT	8	跑馬地	2.7							
2019/11/20	9	第三班	1200米	(80-60)	好地至快地	草地 - "C+3" 賽道	9	2	朝五晚九(B330)	陳嘉熙	羅富全	123	1043	1	5-1/2	5 4 9	1:10.12	16	-	-	* 2	CP/XB	-	跑馬地	2.7							
2019/11/20	9	第三班	1200米	(80-60)	好地至快地	草地 - "C+3" 賽道	10	3	嶺寶峯(B333)	何澤堯	徐雨石	125	1067	8	8-1/4	8 10 10	1:10.56	28	-	-	* 1	 	6	跑馬地	2.7							
2019/11/20	9	第三班	1200米	(80-60)	好地至快地	草地 - "C+3" 賽道	11	9	真精采(C270)	希威森	呂健威	119	1168	4	10-1/4	3 7 11	1:10.88	112	-	-	* 2	H1/TT	4	跑馬地	2.7							
2019/11/20	9	第三班	1200米	(80-60)	好地至快地	草地 - "C+3" 賽道	12	10	快樂歡騰(B272)	田泰安	蘇偉賢	118	1160	10	10-1/2	1 1 12	1:10.91	7.5	-	-	* 2	TT	6	跑馬地	2.7							
2019/11/23	1	第四班	1200米	(60-40)	好地	草地 - "C" 賽道	1	2	行星夢(D100)	薛恩	沈集成	125	1321	6	-	2 2 1	1:09.10	4	1st Hot	-	* 1	TT1	4	沙田	2.71	14.0			165.0	63.5	436.5	
2019/11/23	1	第四班	1200米	(60-40)	好地	草地 - "C" 賽道	2	5	勁跑王(C420)	沈拿	告東尼	125	1154	4	短馬頭位	4 4 2	1:09.11	9.9	-	-	* 1	H1/TT1	4	沙田	2.71		35.0		165.0	63.5		870.0
2019/11/23	1	第四班	1200米	(60-40)	好地	草地 - "C" 賽道	3	6	摘星之光(D007)	潘明輝	蘇偉賢	123	1103	9	1-3/4	12 12 3	1:09.39	58	-	-	+ 1	H1	4	沙田	2.71			137.0			436.5	870.0
2019/11/23	1	第四班	1200米	(60-40)	好地	草地 - "C" 賽道	4	8	逐夢時代(C408)	巴度	高伯新	124	1110	1	2-1/2	7 6 4	1:09.51	4.3	2nd Hot	-	+ 1	 	-	沙田	2.71							
2019/11/23	1	第四班	1200米	(60-40)	好地	草地 - "C" 賽道	5	1	勝感(C324)	郭能	霍利時	133	1317	2	3-1/4	3 3 5	1:09.61	14	-	-	* 1	B1	4	沙田	2.71							
2019/11/23	1	第四班	1200米	(60-40)	好地	草地 - "C" 賽道	6	10	好友利(C223)	利敬國	徐雨石	121	1008	7	3-1/2	11 9 6	1:09.66	8.8	-	-	* 1	B	4	沙田	2.71							
2019/11/23	1	第四班	1200米	(60-40)	好地	草地 - "C" 賽道	7	4	追風驥足(D009)	史卓豐	蔡約翰	125	975	8	4-1/4	6 7 7	1:09.79	41	-	-	1	B1/TT1	4	沙田	2.71							
2019/11/23	1	第四班	1200米	(60-40)	好地	草地 - "C" 賽道	8	11	燈胆精英(A183)	李寶利	葉楚航	121	1164	10	4-3/4	10 10 8	1:09.86	11	-	-	* 1	B	6	沙田	2.71							
2019/11/23	1	第四班	1200米	(60-40)	好地	草地 - "C" 賽道	9	12	自由旺(A209)	黃皓楠	方嘉柏	114	1125	3	5	1 1 9	1:09.91	21	-	-	1	H/XB	-	沙田	2.71							
2019/11/23	1	第四班	1200米	(60-40)	好地	草地 - "C" 賽道	10	7	百寶袋(D008)	黎海榮	姚本輝	125	1087	11	7-1/4	5 5 10	1:10.26	27	-	-	* 1	H1	4	沙田	2.71							
2019/11/23	1	第四班	1200米	(60-40)	好地	草地 - "C" 賽道	11	9	旺旺寶駒(C418)	巫顯東	何良	120	1070	5	8-1/4	9 11 11	1:10.41	58	-	-	* 1	TT	4	沙田	2.71							
2019/11/23	1	第四班	1200米	(60-40)	好地	草地 - "C" 賽道	12	3	桃花旺(C364)	潘頓	賀賢	125	1027	12	9-1/4	8 8 12	1:10.56	4.5	-	-	+ 1	 	5	沙田	2.71							
2019/11/23	2	第五班	1400米	(40-0)	好地至快地	草地 - "C" 賽道	1	5	明月昇輝(A324)	巴度	韋達	132	1066	10	-	1 1 1 1	1:21.93	8.5	-	-	+ 1	P-/H	6	沙田	2.71	23.5			423.5	116.0	48.5	
2019/11/23	2	第五班	1400米	(40-0)	好地至快地	草地 - "C" 賽道	2	4	生生勝勝(C110)	何澤堯	姚本輝	133	992	1	2-1/4	12 11 11 2	1:22.29	11	-	-	* 1	B2	4	沙田	2.71		30.5		423.5	116.0		58.0
2019/11/23	2	第五班	1400米	(40-0)	好地至快地	草地 - "C" 賽道	3	2	探險家(C008)	史卓豐	徐雨石	133	1116	5	2-1/2	6 5 4 3	1:22.32	2.8	1st Hot	-	+ 1	B2	4	沙田	2.71			14.0			48.5	58.0
2019/11/23	2	第五班	1400米	(40-0)	好地至快地	草地 - "C" 賽道	4	6	神速寶(A087)	郭能	賀賢	132	1151	13	3-1/2	11 12 13 4	1:22.49	12	-	-	* 1	B	-	沙田	2.71							
2019/11/23	2	第五班	1400米	(40-0)	好地至快地	草地 - "C" 賽道	5	12	勇晉大師(B452)	利敬國	蘇偉賢	124	1098	7	3-3/4	8 9 8 5	1:22.51	12	-	-	+ 1	B1	5	沙田	2.71							
2019/11/23	2	第五班	1400米	(40-0)	好地至快地	草地 - "C" 賽道	6	1	東龍陣(B394)	薛恩	容天鵬	133	1084	2	4-1/2	5 6 6 6	1:22.64	7.8	-	-	* 1	TT	4	沙田	2.71							
2019/11/23	2	第五班	1400米	(40-0)	好地至快地	草地 - "C" 賽道	7	9	得賞(B288)	潘頓	葉楚航	126	1021	8	4-3/4	3 4 2 7	1:22.67	4.7	2nd Hot	-	+ 1	CP1	5	沙田	2.71							
2019/11/23	2	第五班	1400米	(40-0)	好地至快地	草地 - "C" 賽道	8	8	越跑越好(T140)	楊明綸	蘇保羅	131	1177	3	5-3/4	9 10 10 8	1:22.86	35	-	-	+ 1	B/TT	-	沙田	2.71							
2019/11/23	2	第五班	1400米	(40-0)	好地至快地	草地 - "C" 賽道	9	14	好運齊來(B124)	潘明輝	高伯新	112	1155	12	6	13 13 12 9	1:22.89	51	-	-	* 1	 	-	沙田	2.71							
2019/11/23	2	第五班	1400米	(40-0)	好地至快地	草地 - "C" 賽道	10	13	中華主將(B298)	沈拿	霍利時	121	1150	6	7-1/4	2 2 5 10	1:23.10	62	-	-	* 1	V	-	沙田	2.71							
2019/11/23	2	第五班	1400米	(40-0)	好地至快地	草地 - "C" 賽道	11	10	領闖者(A399)	貝力斯	方嘉柏	125	1176	9	11	7 7 7 11	1:23.67	14	-	-	* 1	XB/B1	-	沙田	2.71							
2019/11/23	2	第五班	1400米	(40-0)	好地至快地	草地 - "C" 賽道	12	7	出奇寶(B471)	希威森	苗禮德	131	992	4	12-1/2	10 8 9 12	1:23.94	55	-	-	* 1	B	-	沙田	2.71							
2019/11/23	2	第五班	1400米	(40-0)	好地至快地	草地 - "C" 賽道	13	11	獵狐章者(B187)	黎海榮	呂健威	124	1010	11	17-1/4	4 3 3 13	1:24.71	93	-	-	* 1	H-/B/TT	5	沙田	2.71							
2019/11/23	2	第五班	1400米	(40-0)	好地至快地	草地 - "C" 賽道		3	奮鬥揚威(C354)	巫顯東	何良	130	---	---	---	---	---	---	-	-	-	-	5	沙田	2.71							
2019/11/23	3	第四班	1000米	(60-40)	好地至快地	草地 - "C" 賽道	1	4	小太陽(D035)	潘頓	沈集成	128	1097	4	-	1 1 1	0:56.01	1.8	1st Hot	-	+ 1	 	3	沙田	2.71	11.5			280.5	99.0	140.5	
2019/11/23	3	第四班	1000米	(60-40)	好地至快地	草地 - "C" 賽道	2	12	二話不說(C134)	潘明輝	葉楚航	116	1076	12	4-1/4	7 6 2	0:56.68	28	-	-	+ 1	H-/B1	4	沙田	2.71		60.5		280.5	99.0		1303.0
2019/11/23	3	第四班	1000米	(60-40)	好地至快地	草地 - "C" 賽道	3	8	無敵勇士(C483)	史卓豐	文家良	125	1248	1	5-1/2	11 9 3	0:56.86	50	-	-	* 1	 	3	沙田	2.71			94.0			140.5	1303.0
2019/11/23	3	第四班	1000米	(60-40)	好地至快地	草地 - "C" 賽道	4	5	戰熊三千(C457)	郭能	霍利時	125	1176	11	5-1/2	12 8 4	0:56.88	13	-	-	1	 	3	沙田	2.71							
2019/11/23	3	第四班	1000米	(60-40)	好地至快地	草地 - "C" 賽道	5	13	鼓浪威風(C088)	利敬國	姚本輝	115	1235	13	5-1/2	3 2 5	0:56.90	12	-	-	* 1	CP/XB1/TT	4	沙田	2.71							
2019/11/23	3	第四班	1000米	(60-40)	好地至快地	草地 - "C" 賽道	6	9	晨曦寶馬(C023)	李寶利	蔡約翰	123	1106	14	6-3/4	2 3 6	0:57.07	43	-	-	+ 1	B	4	沙田	2.71							
2019/11/23	3	第四班	1000米	(60-40)	好地至快地	草地 - "C" 賽道	7	3	龍城勝將(B178)	陳嘉熙	苗禮德	120	1102	2	7	9 10 7	0:57.12	22	-	-	* 1	 	-	沙田	2.71							
2019/11/23	3	第四班	1000米	(60-40)	好地至快地	草地 - "C" 賽道	8	2	嘉喜旺(C421)	巫顯東	何良	127	1075	7	7	14 14 8	0:57.13	205	-	-	+ 1	H1/XB1	4	沙田	2.71							
2019/11/23	3	第四班	1000米	(60-40)	好地至快地	草地 - "C" 賽道	9	6	明月千山(C403)	巴度	高伯新	125	1170	10	7-1/2	8 11 9	0:57.20	11	-	-	+ 1	B/TT	4	沙田	2.71							
2019/11/23	3	第四班	1000米	(60-40)	好地至快地	草地 - "C" 賽道	10	11	雲淡風輕(C040)	楊明綸	蘇偉賢	120	1174	6	7-3/4	10 12 10	0:57.26	191	-	-	* 1	H/TT	4	沙田	2.71							
2019/11/23	3	第四班	1000米	(60-40)	好地至快地	草地 - "C" 賽道	11	1	傳盛(B416)	薛恩	呂健威	133	1210	8	9-1/4	4 4 11	0:57.49	3.8	2nd Hot	-	+ 1	TT1	4	沙田	2.71							
2019/11/23	3	第四班	1000米	(60-40)	好地至快地	草地 - "C" 賽道	12	10	駿爵士(C406)	沈拿	方嘉柏	123	1220	9	10-3/4	6 5 12	0:57.75	60	-	-	+ 1	 	4	沙田	2.71							
2019/11/23	3	第四班	1000米	(60-40)	好地至快地	草地 - "C" 賽道	13	7	海豚星(C332)	何澤堯	徐雨石	125	1133	3	11-1/2	5 7 13	0:57.84	107	-	-	* 1	 	3	沙田	2.71							
2019/11/23	3	第四班	1000米	(60-40)	好地至快地	草地 - "C" 賽道	14	14	星河戰駒(C245)	黃皓楠	丁冠豪	111	1103	5	15-3/4	13 13 14	0:58.51	78	-	-	* 1	 	4	沙田	2.71							
2019/11/23	4	第四班	1600米	(60-40)	好地至快地	草地 - "C" 賽道	1	8	芙蓉莊(B339)	蔡明紹	姚本輝	122	1003	12	-	12 12 10 1	1:34.53	11	-	-	+ 1	B	5	沙田	2.71	30.5			1244.0	333.5	123.0	
2019/11/23	4	第四班	1600米	(60-40)	好地至快地	草地 - "C" 賽道	2	10	開心大師(B222)	陳嘉熙	方嘉柏	109	1110	6	3/4	10 10 7 2	1:34.67	25	-	-	1	TT	5	沙田	2.71		64.0		1244.0	333.5		273.5
2019/11/23	4	第四班	1600米	(60-40)	好地至快地	草地 - "C" 賽道	3	3	韻妙星(A363)	潘頓	霍利時	132	1259	5	2-1/2	8 8 6 3	1:34.94	7.3	-	W P	+ 1	B	6	沙田	2.71			23.5			123.0	273.5
2019/11/23	4	第四班	1600米	(60-40)	好地至快地	草地 - "C" 賽道	4	5	寶得住(C125)	李寶利	葉楚航	129	1025	13	2-3/4	14 13 12 4	1:34.95	30	-	-	* 1	XB1/TT	5	沙田	2.71							
2019/11/23	4	第四班	1600米	(60-40)	好地至快地	草地 - "C" 賽道	5	13	電訊火箭(C137)	史卓豐	徐雨石	119	1075	14	3	2 4 2 5	1:35.01	6.5	-	-	+ 1	B2	5	沙田	2.71							
2019/11/23	4	第四班	1600米	(60-40)	好地至快地	草地 - "C" 賽道	6	6	陽光(A371)	郭能	呂健威	128	1121	10	3-1/2	3 5 8 6	1:35.10	21	-	-	* 1	V-	6	沙田	2.71							
2019/11/23	4	第四班	1600米	(60-40)	好地至快地	草地 - "C" 賽道	7	14	小福將(C096)	利敬國	沈集成	118	1051	4	3-3/4	6 2 3 7	1:35.11	3.1	1st Hot	-	+ 1	B/H	4	沙田	2.71							
2019/11/23	4	第四班	1600米	(60-40)	好地至快地	草地 - "C" 賽道	8	1	福多寶(B026)	薛恩	賀賢	133	1118	8	3-3/4	11 11 11 8	1:35.12	12	-	-	+ 1	B	5	沙田	2.71							
2019/11/23	4	第四班	1600米	(60-40)	好地至快地	草地 - "C" 賽道	9	9	潮州小子(T412)	黃皓楠	容天鵬	117	1184	1	3-3/4	13 14 13 9	1:35.13	73	-	-	+ 1	TT	8	沙田	2.71							
2019/11/23	4	第四班	1600米	(60-40)	好地至快地	草地 - "C" 賽道	10	11	七寶(B314)	何澤堯	約翰摩亞	119	1068	3	4	5 7 9 10	1:35.15	5.4	2nd Hot	-	1	B/TT	-	沙田	2.71							
2019/11/23	4	第四班	1600米	(60-40)	好地至快地	草地 - "C" 賽道	11	4	偉大勝利(C048)	沈拿	韋達	132	1038	9	4	9 6 5 11	1:35.16	11	-	-	* 1	H-/XB1	6	沙田	2.71							
2019/11/23	4	第四班	1600米	(60-40)	好地至快地	草地 - "C" 賽道	12	2	大眾精英(A416)	巴度	羅富全	133	1078	7	4	4 1 1 12	1:35.18	39	-	-	* 1	XB	-	沙田	2.71							
2019/11/23	4	第四班	1600米	(60-40)	好地至快地	草地 - "C" 賽道	13	12	錶之精靈(C184)	潘明輝	文家良	117	1104	11	7-1/2	1 3 4 13	1:35.71	114	-	-	* 1	B	4	沙田	2.71							
2019/11/23	4	第四班	1600米	(60-40)	好地至快地	草地 - "C" 賽道	14	7	快樂森林(C347)	黎海榮	蘇偉賢	124	1063	2	30-3/4	7 9 14 14	1:39.44	234	-	-	1	TT	-	沙田	2.71							
2019/11/23	4	第四班	1600米	(60-40)	好地至快地	草地 - "C" 賽道			友誼之星(V379)	---	蘇保羅	131	---	---	---	---	---	---	-	-	-	-	7	沙田	2.71							
2019/11/23	5	第三班	1200米	(80-60)	好地	全天候跑道	1	7	錶之銳(C193)	何澤堯	呂健威	120	1128	12	-	8 6 1	1:08.22	2.3	1st Hot	-	1	B/H/TT	5	沙田	2.71	13.0			1352.0	382.0	167.5	
2019/11/23	5	第三班	1200米	(80-60)	好地	全天候跑道	2	2	越感(T273)	郭能	霍利時	130	1222	11	4	4 4 2	1:08.87	125	-	-	* 2	 	8	沙田	2.71		199.5		1352.0	382.0		2598.5
2019/11/23	5	第三班	1200米	(80-60)	好地	全天候跑道	3	12	紅粉彩影(C284)	希威森	韋達	116	1065	7	5	7 8 3	1:09.01	41	-	-	1	XB	5	沙田	2.71			88.5			167.5	2598.5
2019/11/23	5	第三班	1200米	(80-60)	好地	全天候跑道	4	5	添好運(T306)	利敬國	蘇偉賢	125	1143	9	6	9 9 4	1:09.16	19	-	-	1	B/TT	-	沙田	2.71							
2019/11/23	5	第三班	1200米	(80-60)	好地	全天候跑道	5	8	公証揚鳴(V078)	楊明綸	鄭俊偉	120	1148	4	6	11 11 5	1:09.19	9.1	-	-	2	B	-	沙田	2.71							
2019/11/23	5	第三班	1200米	(80-60)	好地	全天候跑道	6	1	發財先生(B265)	貝力斯	文家良	133	1163	6	6-1/2	3 3 6	1:09.27	10	-	-	1	H/P	6	沙田	2.71							
2019/11/23	5	第三班	1200米	(80-60)	好地	全天候跑道	7	4	旋里多彩(B469)	黃皓楠	徐雨石	123	1058	10	7-1/4	1 1 7	1:09.39	25	-	-	* 2	B/H2	4	沙田	2.71							
2019/11/23	5	第三班	1200米	(80-60)	好地	全天候跑道	8	10	連利之星(S093)	潘明輝	蘇保羅	118	1131	5	10	10 10 8	1:09.81	20	-	-	1	B	9	沙田	2.71							
2019/11/23	5	第三班	1200米	(80-60)	好地	全天候跑道	9	9	銀河飛馬(C275)	蔡明紹	丁冠豪	120	1003	8	11-1/2	6 7 9	1:10.05	10	-	-	+ 1	H/P	4	沙田	2.71							
2019/11/23	5	第三班	1200米	(80-60)	好地	全天候跑道	10	11	赤水神駒(V364)	巫顯東	葉楚航	115	1193	1	13	2 2 10	1:10.31	19	-	-	2	 	6	沙田	2.71							
2019/11/23	5	第三班	1200米	(80-60)	好地	全天候跑道	11	6	星叻(C257)	史卓豐	羅富全	121	1056	3	13-3/4	5 5 11	1:10.43	3.9	2nd Hot	-	+ 1	 	4	沙田	2.71							
2019/11/23	5	第三班	1200米	(80-60)	好地	全天候跑道	12	3	冠鋒(D086)	巴度	高伯新	126	1141	2	15-1/4	12 12 12	1:10.65	122	-	-	* 1	 	4	沙田	2.71							
2019/11/23	6	第四班	1400米	(60-40)	好地至快地	草地 - "C" 賽道	1	2	精簡最好(B464)	利敬國	姚本輝	133	1066	5	-	1 1 1 1	1:21.32	4	1st Hot	-	+ 1	V	4	沙田	2.71	18.5			276.5	104.5	78.5	
2019/11/23	6	第四班	1400米	(60-40)	好地至快地	草地 - "C" 賽道	2	11	金碧科(B225)	李寶利	鄭俊偉	121	1026	9	1-3/4	14 13 13 2	1:21.58	11	-	-	+ 1	 	5	沙田	2.71		35.5		276.5	104.5		185.0
2019/11/23	6	第四班	1400米	(60-40)	好地至快地	草地 - "C" 賽道	3	10	得益良多(C353)	沈拿	約翰摩亞	122	1102	1	2	3 3 2 3	1:21.62	11	-	-	+ 1	CP/XB/TT	4	沙田	2.71			29.0			78.5	185.0
2019/11/23	6	第四班	1400米	(60-40)	好地至快地	草地 - "C" 賽道	4	7	正本開心(C227)	郭能	羅富全	124	1137	12	2-1/4	9 8 9 4	1:21.68	28	-	-	+ 1	TT	4	沙田	2.71							
2019/11/23	6	第四班	1400米	(60-40)	好地至快地	草地 - "C" 賽道	5	13	爪皇烈焰(T353)	史卓豐	霍利時	120	1183	6	2-1/4	8 9 8 5	1:21.69	68	-	-	* 1	B/TT	8	沙田	2.71							
2019/11/23	6	第四班	1400米	(60-40)	好地至快地	草地 - "C" 賽道	6	8	有錢分(B079)	巴度	苗禮德	123	1127	14	4-1/4	13 14 10 6	1:22.00	5.9	-	-	+ 1	B	5	沙田	2.71							
2019/11/23	6	第四班	1400米	(60-40)	好地至快地	草地 - "C" 賽道	7	5	天意(V417)	潘頓	蘇保羅	125	1190	10	4-3/4	11 11 11 7	1:22.06	4.1	2nd Hot	-	+ 1	B	6	沙田	2.71							
2019/11/23	6	第四班	1400米	(60-40)	好地至快地	草地 - "C" 賽道	8	12	飛帥(C455)	黎海榮	何良	121	1171	7	5-1/2	4 4 5 8	1:22.19	88	-	-	+ 1	H	4	沙田	2.71							
2019/11/23	6	第四班	1400米	(60-40)	好地至快地	草地 - "C" 賽道	9	1	綫路勇駒(A041)	希威森	告東尼	133	1183	8	5-3/4	6 5 4 9	1:22.24	10	-	-	+ 1	B/H/TT	7	沙田	2.71							
2019/11/23	6	第四班	1400米	(60-40)	好地至快地	草地 - "C" 賽道	10	9	特駒聯盟(C472)	貝力斯	蔡約翰	123	1026	4	7-1/4	5 6 7 10	1:22.48	11	-	-	* 1	TT	3	沙田	2.71							
2019/11/23	6	第四班	1400米	(60-40)	好地至快地	草地 - "C" 賽道	11	6	超凡動力(C434)	巫顯東	葉楚航	122	1099	2	10	10 10 12 11	1:22.90	151	-	-	* 1	 	4	沙田	2.71							
2019/11/23	6	第四班	1400米	(60-40)	好地至快地	草地 - "C" 賽道	12	14	十分酷(A328)	何澤堯	方嘉柏	117	1186	3	11-1/2	7 7 6 12	1:23.17	8.6	-	-	+ 1	B-/H/P2	6	沙田	2.71							
2019/11/23	6	第四班	1400米	(60-40)	好地至快地	草地 - "C" 賽道	13	4	合夥同心(C530)	潘明輝	賀賢	123	1113	13	11-3/4	12 12 14 13	1:23.18	191	-	-	1	H1	4	沙田	2.71							
2019/11/23	6	第四班	1400米	(60-40)	好地至快地	草地 - "C" 賽道	14	3	阿凡達(V123)	黃皓楠	徐雨石	125	1094	11	20	2 2 3 14	1:24.52	124	-	-	* 1	V-	7	沙田	2.71							
2019/11/23	7	第一班	1600米	(110-85)	好地至快地	草地 - "C" 賽道	1	11	百步穿雲(A165)	潘頓	賀賢	120	1142	10	-	10 11 9 1	1:33.08	4.8	2nd Hot	-		H	7	沙田	2.71	19.5			98.5	43.5	352.5	
2019/11/23	7	第一班	1600米	(110-85)	好地至快地	草地 - "C" 賽道	2	8	協霸神駒(B405)	利敬國	沈集成	125	1066	11	1-1/2	11 12 13 2	1:33.31	3.7	1st Hot	-		SR/TT	5	沙田	2.71		16.0		98.5	43.5		271.0
2019/11/23	7	第一班	1600米	(110-85)	好地至快地	草地 - "C" 賽道	3	13	共同分享(C506)	楊明綸	羅富全	117	1124	7	1-3/4	9 9 11 3	1:33.34	31	-	-		TT1	-	沙田	2.71			75.0			352.5	271.0
2019/11/23	7	第一班	1600米	(110-85)	好地至快地	草地 - "C" 賽道	4	12	綠色有運(B413)	潘明輝	方嘉柏	118	1083	8	1-3/4	8 8 7 4	1:33.37	34	-	-		B/H	5	沙田	2.71							
2019/11/23	7	第一班	1600米	(110-85)	好地至快地	草地 - "C" 賽道	5	9	紅運戰士(B355)	蔡明紹	蔡約翰	125	1039	14	2-1/4	14 14 12 5	1:33.44	47	-	-		TT	5	沙田	2.71							
2019/11/23	7	第一班	1600米	(110-85)	好地至快地	草地 - "C" 賽道	6	1	安騏(B109)	沈拿	約翰摩亞	133	1053	9	2-1/4	2 2 2 6	1:33.45	14	-	-		B/TT	6	沙田	2.71							
2019/11/23	7	第一班	1600米	(110-85)	好地至快地	草地 - "C" 賽道	7	2	勝得精彩(C061)	貝力斯	蔡約翰	132	1096	3	2-1/2	5 6 5 7	1:33.47	9.3	-	-		 	4	沙田	2.71							
2019/11/23	7	第一班	1600米	(110-85)	好地至快地	草地 - "C" 賽道	8	6	當家精選(V388)	薛恩	蔡約翰	129	1150	1	3-1/4	6 5 6 8	1:33.61	11	-	-		B	-	沙田	2.71							
2019/11/23	7	第一班	1600米	(110-85)	好地至快地	草地 - "C" 賽道	9	5	翠龍(B156)	李寶利	徐雨石	130	1070	6	4-1/4	7 7 8 9	1:33.75	45	-	-		H-/SR	6	沙田	2.71							
2019/11/23	7	第一班	1600米	(110-85)	好地至快地	草地 - "C" 賽道	10	7	幸福分享(A409)	何澤堯	呂健威	127	1001	12	4-1/2	13 13 14 10	1:33.82	18	-	-		H-/TT2	6	沙田	2.71							
2019/11/23	7	第一班	1600米	(110-85)	好地至快地	草地 - "C" 賽道	11	14	慈愛恩典(C296)	巴度	苗禮德	116	1188	4	5-1/2	4 4 4 11	1:33.95	14	-	-		XB	5	沙田	2.71							
2019/11/23	7	第一班	1600米	(110-85)	好地至快地	草地 - "C" 賽道	12	4	志趣相投(A367)	史卓豐	蔡約翰	131	1091	13	8	12 10 10 12	1:34.35	32	-	-		B	6	沙田	2.71							
2019/11/23	7	第一班	1600米	(110-85)	好地至快地	草地 - "C" 賽道	13	10	妙算達人(B224)	陳嘉熙	羅富全	112	1260	5	9	1 1 1 13	1:34.53	9.9	-	-		V-/B2/TT	5	沙田	2.71							
2019/11/23	7	第一班	1600米	(110-85)	好地至快地	草地 - "C" 賽道	14	3	信心保證(B105)	郭能	約翰摩亞	132	1241	2	9-1/2	3 3 3 14	1:34.61	9.2	-	-		B/XB	6	沙田	2.71							
2019/11/23	8	第三班	1200米	(80-60)	好地	全天候跑道	1	9	寶山鷹(C248)	史卓豐	丁冠豪	121	1087	9	-	3 3 1	1:09.00	4.1	2nd Hot	-	+ 2	 	4	沙田	2.71	16.0			115.5	40.5	144.0	
2019/11/23	8	第三班	1200米	(80-60)	好地	全天候跑道	2	4	公証福將(A148)	楊明綸	鄭俊偉	126	1191	1	2-1/4	6 6 2	1:09.37	5.4	-	-	1	XB/TT	7	沙田	2.71		14.0		115.5	40.5		157.0
2019/11/23	8	第三班	1200米	(80-60)	好地	全天候跑道	3	3	好鬥心(C443)	何澤堯	呂健威	126	1098	11	2-1/4	10 10 3	1:09.37	22	-	-	2	H/TT1	5	沙田	2.71			51.5			144.0	157.0
2019/11/23	8	第三班	1200米	(80-60)	好地	全天候跑道	4	1	最驫(A022)	利敬國	沈集成	133	1166	8	2-1/2	9 7 4	1:09.42	12	-	-	1	B/TT	7	沙田	2.71							
2019/11/23	8	第三班	1200米	(80-60)	好地	全天候跑道	5	7	夢幻人生(C166)	陳嘉熙	文家良	115	1150	6	3-1/4	1 1 5	1:09.51	2.4	1st Hot	-	2	B	4	沙田	2.71							
2019/11/23	8	第三班	1200米	(80-60)	好地	全天候跑道	6	8	獎金大王(B433)	李寶利	葉楚航	122	1111	7	6-3/4	4 4 6	1:10.07	34	-	-	* 1	 	5	沙田	2.71							
2019/11/23	8	第三班	1200米	(80-60)	好地	全天候跑道	7	2	軍力勁(B192)	潘頓	約翰摩亞	129	1204	5	6-3/4	2 2 7	1:10.08	7	-	-	+ 1	B	5	沙田	2.71							
2019/11/23	8	第三班	1200米	(80-60)	好地	全天候跑道	8	6	團結一致(C494)	希威森	霍利時	126	975	3	8	8 11 8	1:10.28	43	-	-	1	XB1	4	沙田	2.71							
2019/11/23	8	第三班	1200米	(80-60)	好地	全天候跑道	9	5	騷哥利(C430)	黃皓楠	徐雨石	123	1012	4	9	5 5 9	1:10.43	125	-	-	1	H1	5	沙田	2.71							
2019/11/23	8	第三班	1200米	(80-60)	好地	全天候跑道	10	12	醒目再臨(A314)	黎海榮	蘇偉賢	116	1163	10	9-1/4	11 9 10	1:10.50	146	-	-	* 2	B/H/TT	6	沙田	2.71							
2019/11/23	8	第三班	1200米	(80-60)	好地	全天候跑道	11	10	榮惑(C370)	潘明輝	告東尼	118	1055	12	10	12 12 11	1:10.61	157	-	-	* 1	B/TT	4	沙田	2.71							
2019/11/23	8	第三班	1200米	(80-60)	好地	全天候跑道	12	11	快樂凱旋(B195)	巫顯東	容天鵬	115	1113	2	12	7 8 12	1:10.93	40	-	-	* 1	 	5	沙田	2.71							
2019/11/23	9	第三班	1600米	(80-60)	好地至快地	草地 - "C" 賽道	1	4	友誼至好(C050)	何澤堯	姚本輝	129	1013	12	-	12 12 10 1	1:33.89	7.8	-	-	1	XB	5	沙田	2.71	27.0			327.0	122.5	196.0	
2019/11/23	9	第三班	1600米	(80-60)	好地至快地	草地 - "C" 賽道	2	1	健快聯盟(C135)	巴度	蘇保羅	133	1174	14	3/4	3 4 1 2	1:34.02	10	-	-	1	 	5	沙田	2.71		31.0		327.0	122.5		262.5
2019/11/23	9	第三班	1600米	(80-60)	好地至快地	草地 - "C" 賽道	3	12	錶之皇者(B398)	黎海榮	文家良	120	1231	9	1-1/4	6 7 2 3	1:34.11	23	-	-	+ 1	B	5	沙田	2.71			50.5			196.0	262.5
2019/11/23	9	第三班	1600米	(80-60)	好地至快地	草地 - "C" 賽道	4	2	包裝才子(C069)	潘頓	告東尼	130	1191	6	1-1/4	9 11 9 4	1:34.11	2.5	1st Hot	-	1	B/TT	-	沙田	2.71							
2019/11/23	9	第三班	1600米	(80-60)	好地至快地	草地 - "C" 賽道	5	10	睡眠攻略(C493)	郭能	霍利時	123	1124	11	3	10 10 12 5	1:34.37	168	-	-	+ 1	SR	4	沙田	2.71							
2019/11/23	9	第三班	1600米	(80-60)	好地至快地	草地 - "C" 賽道	6	14	大道至正(C197)	李寶利	鄭俊偉	119	1155	3	3	8 6 6 6	1:34.37	8.4	-	-	+ 1	XB	5	沙田	2.71							
2019/11/23	9	第三班	1600米	(80-60)	好地至快地	草地 - "C" 賽道	7	9	縱橫四海(C142)	貝力斯	丁冠豪	123	1168	10	4-1/4	14 14 14 7	1:34.56	74	-	-	* 1	H/SR1/TT	5	沙田	2.71							
2019/11/23	9	第三班	1600米	(80-60)	好地至快地	草地 - "C" 賽道	8	6	勤德兼備(A071)	潘明輝	賀賢	124	1082	13	4-1/4	13 13 13 8	1:34.57	37	-	-	1	B	7	沙田	2.71							
2019/11/23	9	第三班	1600米	(80-60)	好地至快地	草地 - "C" 賽道	9	8	喜佳龍(B377)	史卓豐	蘇偉賢	125	1143	1	5	7 5 5 9	1:34.71	5.9	2nd Hot	-	1	XB/TT	5	沙田	2.71							
2019/11/23	9	第三班	1600米	(80-60)	好地至快地	草地 - "C" 賽道	10	5	快益善(B478)	薛恩	沈集成	127	1049	5	6	4 2 3 10	1:34.86	14	-	-	1	H	5	沙田	2.71							
2019/11/23	9	第三班	1600米	(80-60)	好地至快地	草地 - "C" 賽道	11	7	長長友(B472)	楊明綸	容天鵬	126	1138	7	6-1/4	5 8 4 11	1:34.88	23	-	-	+ 1	B	4	沙田	2.71							
2019/11/23	9	第三班	1600米	(80-60)	好地至快地	草地 - "C" 賽道	12	13	路路通(B256)	利敬國	羅富全	118	1180	4	7	2 3 7 12	1:35.00	15	-	-	1	B	-	沙田	2.71							
2019/11/23	9	第三班	1600米	(80-60)	好地至快地	草地 - "C" 賽道	13	3	川河寶駒(T375)	沈拿	苗禮德	130	998	2	7-1/2	11 9 11 13	1:35.08	44	-	-	1	B	-	沙田	2.71							
2019/11/23	9	第三班	1600米	(80-60)	好地至快地	草地 - "C" 賽道	14	11	安承(D059)	希威森	韋達	121	1061	8	18-1/2	1 1 8 14	1:36.84	119	-	-	+ 1	XB	5	沙田	2.71							
2019/11/23	10	第二班	1400米	(95-75)	好地至快地	草地 - "C" 賽道	1	1	金鎗六十(C238)	何澤堯	呂健威	133	1065	5	-	7 6 4 1	1:21.01	1.9	1st Hot	-	+ 1	 	4	沙田	2.71	12.5			91.0	37.5	46.0	
2019/11/23	10	第二班	1400米	(95-75)	好地至快地	草地 - "C" 賽道	2	8	力奇先鋒(B057)	利敬國	沈集成	124	1175	1	1-1/4	3 4 5 2	1:21.19	10	-	-	1	B/TT	-	沙田	2.71		22.5		91.0	37.5		117.5
2019/11/23	10	第二班	1400米	(95-75)	好地至快地	草地 - "C" 賽道	3	12	美麗滿紛(C475)	潘頓	蔡約翰	120	1183	9	2	1 1 1 3	1:21.31	10	-	-	+ 1	B	4	沙田	2.71			28.5			46.0	117.5
2019/11/23	10	第二班	1400米	(95-75)	好地至快地	草地 - "C" 賽道	4	7	開心好玩(B316)	陳嘉熙	沈集成	114	1142	11	2-1/4	4 2 2 4	1:21.39	4.5	2nd Hot	-	2	B/TT	6	沙田	2.71							
2019/11/23	10	第二班	1400米	(95-75)	好地至快地	草地 - "C" 賽道	5	10	紅心傾(C145)	巴度	告東尼	121	1037	2	3-1/4	8 7 8 5	1:21.55	23	-	-	1	B/TT	5	沙田	2.71							
2019/11/23	10	第二班	1400米	(95-75)	好地至快地	草地 - "C" 賽道	6	5	大金庫(C146)	沈拿	高伯新	126	1091	3	3-1/2	2 3 3 6	1:21.59	45	-	-	1	CP-/H-/TT	5	沙田	2.71							
2019/11/23	10	第二班	1400米	(95-75)	好地至快地	草地 - "C" 賽道	7	13	優悠皇(C399)	史卓豐	苗禮德	120	1026	14	4-1/4	11 12 12 7	1:21.68	26	-	-	+ 1	 	4	沙田	2.71							
2019/11/23	10	第二班	1400米	(95-75)	好地至快地	草地 - "C" 賽道	8	4	好運多贏(B257)	薛恩	羅富全	127	1131	8	4-3/4	10 10 9 8	1:21.79	33	-	-	1	SR/TT	5	沙田	2.71							
2019/11/23	10	第二班	1400米	(95-75)	好地至快地	草地 - "C" 賽道	9	3	競技勇士(B285)	潘明輝	葉楚航	128	1153	6	5-1/4	13 13 14 9	1:21.87	93	-	-	1	B	5	沙田	2.71							
2019/11/23	10	第二班	1400米	(95-75)	好地至快地	草地 - "C" 賽道	10	11	馬友冠(C299)	郭能	霍利時	121	1067	7	5-3/4	14 14 13 10	1:21.94	27	-	-	1	 	5	沙田	2.71							
2019/11/23	10	第二班	1400米	(95-75)	好地至快地	草地 - "C" 賽道	11	2	皇龍大將(T400)	李寶利	徐雨石	130	1115	12	8-3/4	12 11 11 11	1:22.40	34	-	-	1	B/TT	8	沙田	2.71							
2019/11/23	10	第二班	1400米	(95-75)	好地至快地	草地 - "C" 賽道	12	6	標準猴王(B244)	貝力斯	約翰摩亞	126	1219	13	9-1/2	6 8 7 12	1:22.54	43	-	-	2	XB	5	沙田	2.71							
2019/11/23	10	第二班	1400米	(95-75)	好地至快地	草地 - "C" 賽道	13	14	無限商機(C432)	希威森	丁冠豪	117	1178	10	10-1/4	9 9 10 13	1:22.64	161	-	-	* 1	H	4	沙田	2.71							
2019/11/23	10	第二班	1400米	(95-75)	好地至快地	草地 - "C" 賽道	14	9	駿皇綵(A170)	蔡明紹	約翰摩亞	124	1037	4	10-1/4	5 5 6 14	1:22.65	31	-	-	* 1	CP	6	沙田	2.71							
2019/11/27	1	第五班	1000米	(40-0)	好地	草地 - "A" 賽道	1	6	爪皇轟天(A291)	郭能	霍利時	131	1123	3	-	1 1 1	0:57.06	3.8	1st Hot	-	* 1	B2/TT	6	跑馬地	2.7	16.0			218.5	72.0	58.0	
2019/11/27	1	第五班	1000米	(40-0)	好地	草地 - "A" 賽道	2	2	喜勁驥(C006)	莫雷拉	蔡約翰	133	1115	2	2	5 3 2	0:57.39	11	-	-	+ 1	H	4	跑馬地	2.7		35.5		218.5	72.0		114.5
2019/11/27	1	第五班	1000米	(40-0)	好地	草地 - "A" 賽道	3	4	喜奔騰(B143)	巴度	韋達	132	1067	5	4	2 2 3	0:57.68	4.9	2nd Hot	-	* 1	B1/XB1	5	跑馬地	2.7			20.0			58.0	114.5
2019/11/27	1	第五班	1000米	(40-0)	好地	草地 - "A" 賽道	4	11	金剛秀(T436)	黎海榮	鄭俊偉	119	1109	1	4-3/4	8 7 4	0:57.82	14	-	-	* 1	B	7	跑馬地	2.7							
2019/11/27	1	第五班	1000米	(40-0)	好地	草地 - "A" 賽道	5	7	皇家魅力(A356)	蘇兆輝	蘇偉賢	131	1167	4	5-1/2	4 5 5	0:57.92	5.2	-	W P	* 1	SR/TT	6	跑馬地	2.7							
2019/11/27	1	第五班	1000米	(40-0)	好地	草地 - "A" 賽道	6	12	做得好(A082)	巫顯東	何良	111	1179	9	6	7 6 6	0:58.03	25	-	-	1	V/XB	6	跑馬地	2.7							
2019/11/27	1	第五班	1000米	(40-0)	好地	草地 - "A" 賽道	7	3	生生勝勝(C110)	潘明輝	姚本輝	131	992	11	6	12 12 7	0:58.03	11	-	-	1	B	4	跑馬地	2.7							
2019/11/27	1	第五班	1000米	(40-0)	好地	草地 - "A" 賽道	8	9	合作愉快(T392)	貝力斯	文家良	126	1146	7	7	6 9 8	0:58.19	24	-	-	* 1	H/TT	-	跑馬地	2.7							
2019/11/27	1	第五班	1000米	(40-0)	好地	草地 - "A" 賽道	9	1	八進(B263)	何澤堯	賀賢	133	1068	10	7-1/4	9 11 9	0:58.22	5.8	-	-	* 1	B1	5	跑馬地	2.7							
2019/11/27	1	第五班	1000米	(40-0)	好地	草地 - "A" 賽道	10	5	鋒仔(C282)	史卓豐	高伯新	131	1035	12	8-1/4	11 10 10	0:58.37	59	-	-	* 1	B	4	跑馬地	2.7							
2019/11/27	1	第五班	1000米	(40-0)	好地	草地 - "A" 賽道	11	10	城中霸(C101)	薛恩	沈集成	124	1168	8	8-3/4	3 4 11	0:58.46	56	-	-	* 1	B-/TT	4	跑馬地	2.7							
2019/11/27	1	第五班	1000米	(40-0)	好地	草地 - "A" 賽道	12	8	大將風勝(B419)	李寶利	葉楚航	126	1009	6	21-1/2	10 8 12	1:00.49	37	-	-	* 1	H-/B1	-	跑馬地	2.7							
2019/11/27	2	第四班	1200米	(60-40)	好地	草地 - "A" 賽道	1	1	傳奇(V357)	莫雷拉	呂健威	133	1125	2	-	7 6 1	1:09.77	2.1	1st Hot	-	* 1	B/TT	7	跑馬地	2.7	11.5			107.0	41.5	137.5	
2019/11/27	2	第四班	1200米	(60-40)	好地	草地 - "A" 賽道	2	11	善傳千里(A121)	蔡明紹	文家良	119	1099	7	2	3 2 2	1:10.08	8.8	-	-	2	 	6	跑馬地	2.7		23.0		107.0	41.5		302.0
2019/11/27	2	第四班	1200米	(60-40)	好地	草地 - "A" 賽道	3	7	從頭越(B073)	希威森	徐雨石	122	1177	9	2-1/4	1 1 3	1:10.14	33	-	-	1	B	6	跑馬地	2.7			79.0			137.5	302.0
2019/11/27	2	第四班	1200米	(60-40)	好地	草地 - "A" 賽道	4	5	肥仔(V071)	李寶利	韋達	126	1156	5	2-1/4	9 10 4	1:10.15	11	-	-	+ 1	B/XB	-	跑馬地	2.7							
2019/11/27	2	第四班	1200米	(60-40)	好地	草地 - "A" 賽道	5	6	君悅灣(P421)	黃皓楠	鄭俊偉	121	1212	3	2-1/2	2 3 5	1:10.18	50	-	-	* 2	H/TT	9	跑馬地	2.7							
2019/11/27	2	第四班	1200米	(60-40)	好地	草地 - "A" 賽道	6	10	富祿(C352)	蘇兆輝	葉楚航	120	1093	11	3	10 8 6	1:10.23	7.8	-	-	* 2	XB1/H2	5	跑馬地	2.7							
2019/11/27	2	第四班	1200米	(60-40)	好地	草地 - "A" 賽道	7	9	勁瀟灑(C252)	何澤堯	羅富全	121	1106	8	3-3/4	6 4 7	1:10.38	12	-	-	+ 1	B/XB/TT	4	跑馬地	2.7							
2019/11/27	2	第四班	1200米	(60-40)	好地	草地 - "A" 賽道	8	2	運才(A251)	沈拿	方嘉柏	127	1210	10	4-1/4	11 12 8	1:10.46	34	-	-	* 2	H/XB	6	跑馬地	2.7							
2019/11/27	2	第四班	1200米	(60-40)	好地	草地 - "A" 賽道	9	12	全心全意(C254)	巴度	姚本輝	118	1102	4	4-3/4	5 5 9	1:10.52	5.2	2nd Hot	-	+ 2	 	4	跑馬地	2.7							
2019/11/27	2	第四班	1200米	(60-40)	好地	草地 - "A" 賽道	10	8	功夫茶(C136)	貝力斯	賀賢	121	1123	6	5-1/4	12 11 10	1:10.60	23	-	-	1	XB	4	跑馬地	2.7							
2019/11/27	2	第四班	1200米	(60-40)	好地	草地 - "A" 賽道	11	3	橋津精彩(C468)	蘇狄雄	蘇偉賢	124	1109	1	7-1/2	8 9 11	1:10.95	239	-	-	+ 1	 	4	跑馬地	2.7							
2019/11/27	2	第四班	1200米	(60-40)	好地	草地 - "A" 賽道	12	4	神期大帝(D107)	巫顯東	告東尼	123	1057	12	20-1/2	4 7 12	1:13.05	48	-	-	1	H1/TT1	3	跑馬地	2.7							
2019/11/27	3	第五班	1800米	(40-0)	好地	草地 - "A" 賽道	1	3	金童(V232)	沈拿	呂健威	128	1084	8	-	7 8 8 8 1	1:50.72	8.7	-	-	+ 1	B	8	跑馬地	2.7	30.0			131.5	53.0	197.0	
2019/11/27	3	第五班	1800米	(40-0)	好地	草地 - "A" 賽道	2	12	醒目快駒(B107)	莫雷拉	鄭俊偉	115	1099	7	頸位	8 9 10 10 2	1:50.75	3.1	1st Hot	-	+ 1	H/TT	6	跑馬地	2.7		16.5		131.5	53.0		120.5
2019/11/27	3	第五班	1800米	(40-0)	好地	草地 - "A" 賽道	3	6	賞心星(C251)	薛恩	方嘉柏	126	1173	12	1-1/4	10 11 12 9 3	1:50.92	14	-	-	1	V/TT1	4	跑馬地	2.7			42.5			197.0	120.5
2019/11/27	3	第五班	1800米	(40-0)	好地	草地 - "A" 賽道	4	8	明德之星(B395)	希威森	賀賢	121	1053	9	2-1/2	11 10 11 7 4	1:51.10	14	-	-	+ 1	 	4	跑馬地	2.7							
2019/11/27	3	第五班	1800米	(40-0)	好地	草地 - "A" 賽道	5	11	財帥(B134)	蔡明紹	蘇保羅	116	1114	10	2-1/2	1 1 1 1 5	1:51.13	15	-	-	* 1	B-/BO1	5	跑馬地	2.7							
2019/11/27	3	第五班	1800米	(40-0)	好地	草地 - "A" 賽道	6	5	龍騰馬躍(V202)	何澤堯	丁冠豪	127	1208	3	3	6 7 7 2 6	1:51.20	10	-	-	+ 1	B/XB	7	跑馬地	2.7							
2019/11/27	3	第五班	1800米	(40-0)	好地	草地 - "A" 賽道	7	2	帝豪寶駒(C035)	郭能	蘇偉賢	130	1167	11	4-1/4	2 2 2 3 7	1:51.41	13	-	-	1	PC/TT	5	跑馬地	2.7							
2019/11/27	3	第五班	1800米	(40-0)	好地	草地 - "A" 賽道	8	7	祥光普照(A273)	蘇狄雄	何良	123	1032	5	4-1/4	3 4 4 4 8	1:51.41	8.9	-	-	+ 1	CP	-	跑馬地	2.7							
2019/11/27	3	第五班	1800米	(40-0)	好地	草地 - "A" 賽道	9	1	乘勝追擊(V369)	蘇兆輝	韋達	133	1089	2	5	5 3 3 6 9	1:51.52	7.6	2nd Hot	-	+ 1	B	-	跑馬地	2.7							
2019/11/27	3	第五班	1800米	(40-0)	好地	草地 - "A" 賽道	10	10	綠駿精英(B448)	李寶利	葉楚航	119	1178	6	5-1/2	9 5 5 5 10	1:51.59	36	-	-	+ 1	B	5	跑馬地	2.7							
2019/11/27	3	第五班	1800米	(40-0)	好地	草地 - "A" 賽道	11	9	競駿飛鷹(B292)	巴度	霍利時	120	1215	1	8-3/4	12 12 9 12 11	1:52.12	7.8	-	-	+ 1	B	5	跑馬地	2.7							
2019/11/27	3	第五班	1800米	(40-0)	好地	草地 - "A" 賽道	12	4	威紫荊(B325)	史卓豐	徐雨石	128	1013	4	12	4 6 6 11 12	1:52.65	72	-	-	+ 1	 	4	跑馬地	2.7							
2019/11/27	4	第四班	2200米	(60-40)	好地	草地 - "A" 賽道	1	6	高瞻遠矚(B345)	蘇兆輝	約翰摩亞	121	999	10	-	2 3 2 2 1 1	2:17.32	4.9	2nd Hot	-	1	B	4	跑馬地	2.7	19.5			84.0	37.0	127.0	
2019/11/27	4	第四班	2200米	(60-40)	好地	草地 - "A" 賽道	2	10	醉醒神(B436)	莫雷拉	呂健威	116	1043	6	頭位	9 6 8 9 9 2	2:17.35	3	1st Hot	-	+ 1	H/XB	4	跑馬地	2.7		15.5		84.0	37.0		94.0
2019/11/27	4	第四班	2200米	(60-40)	好地	草地 - "A" 賽道	3	12	蒜頭爺爺(V039)	蔡明紹	葉楚航	114	1023	8	1-1/2	4 4 4 4 3 3	2:17.55	20	-	-	1	B	7	跑馬地	2.7			41.5			127.0	94.0
2019/11/27	4	第四班	2200米	(60-40)	好地	草地 - "A" 賽道	4	8	神州福星(B326)	希威森	羅富全	119	1023	1	2	5 5 5 6 6 4	2:17.64	6.4	-	-	1	TT	6	跑馬地	2.7							
2019/11/27	4	第四班	2200米	(60-40)	好地	草地 - "A" 賽道	5	5	牛精輝煌(A118)	史卓豐	鄭俊偉	123	1104	5	2-1/4	12 12 12 12 12 5	2:17.69	13	-	-	2	H	7	跑馬地	2.7							
2019/11/27	4	第四班	2200米	(60-40)	好地	草地 - "A" 賽道	6	7	力王(A065)	郭能	霍利時	121	1056	3	2-3/4	8 9 9 8 8 6	2:17.75	14	-	-	1	 	7	跑馬地	2.7							
2019/11/27	4	第四班	2200米	(60-40)	好地	草地 - "A" 賽道	7	1	精彩飛動(B095)	巴度	方嘉柏	133	1017	4	2-3/4	10 10 10 11 10 7	2:17.78	10	-	-	1	H/TT	6	跑馬地	2.7							
2019/11/27	4	第四班	2200米	(60-40)	好地	草地 - "A" 賽道	8	3	開心日子(A333)	薛恩	沈集成	125	1106	9	3-1/4	7 8 6 5 5 8	2:17.85	36	-	-	1	B/TT	6	跑馬地	2.7							
2019/11/27	4	第四班	2200米	(60-40)	好地	草地 - "A" 賽道	9	2	其樂無窮(S147)	沈拿	鄭俊偉	128	1108	11	3-1/2	11 11 11 10 11 9	2:17.90	36	-	-	* 1	B/TT	9	跑馬地	2.7							
2019/11/27	4	第四班	2200米	(60-40)	好地	草地 - "A" 賽道	10	4	鵲橋飛渡(A247)	何澤堯	高伯新	124	1084	7	4-1/2	3 2 3 3 4 10	2:18.02	17	-	-	* 1	H/P/TT	6	跑馬地	2.7							
2019/11/27	4	第四班	2200米	(60-40)	好地	草地 - "A" 賽道	11	11	君臨大地(V192)	黎海榮	何良	115	1005	2	5	6 7 7 7 7 11	2:18.13	9.1	-	-	1	SR/TT	8	跑馬地	2.7							
2019/11/27	4	第四班	2200米	(60-40)	好地	草地 - "A" 賽道	12	9	馬友寶寶(C085)	潘明輝	蘇保羅	115	1115	12	11-1/2	1 1 1 1 2 12	2:19.14	128	-	-	+ 1	B/TT1	-	跑馬地	2.7							
2019/11/27	5	第四班	1200米	(60-40)	好地	草地 - "A" 賽道	1	10	孖寶(C239)	蔡明紹	蘇保羅	119	1210	9	-	2 1 1	1:10.61	9.6	-	-	1	XB	4	跑馬地	2.7	26.0			118.5	44.5	73.5	
2019/11/27	5	第四班	1200米	(60-40)	好地	草地 - "A" 賽道	2	4	王者奇兵(C130)	莫雷拉	姚本輝	130	1157	3	1/2	6 7 2	1:10.69	2.2	1st Hot	-	+ 1	 	4	跑馬地	2.7		11.5		118.5	44.5		26.0
2019/11/27	5	第四班	1200米	(60-40)	好地	草地 - "A" 賽道	3	6	帝豪精彩(D010)	史卓豐	文家良	125	1208	5	3/4	3 3 3	1:10.75	4.2	2nd Hot	-	+ 1	 	4	跑馬地	2.7			15.5			73.5	26.0
2019/11/27	5	第四班	1200米	(60-40)	好地	草地 - "A" 賽道	4	3	銀亮之星(B027)	潘明輝	何良	130	1106	12	1-1/4	11 11 4	1:10.81	18	-	-	1	H	6	跑馬地	2.7							
2019/11/27	5	第四班	1200米	(60-40)	好地	草地 - "A" 賽道	5	5	分到笑(C078)	何澤堯	賀賢	126	1060	1	1-3/4	10 8 5	1:10.91	58	-	-	2	XB1	4	跑馬地	2.7							
2019/11/27	5	第四班	1200米	(60-40)	好地	草地 - "A" 賽道	6	9	超級炮彈(C281)	李寶利	丁冠豪	120	1147	2	2	5 6 6	1:10.94	38	-	-	* 2	H	4	跑馬地	2.7							
2019/11/27	5	第四班	1200米	(60-40)	好地	草地 - "A" 賽道	7	1	童話(B238)	黎海榮	徐雨石	133	1129	8	2-1/2	7 4 7	1:11.02	11	-	-	* 2	B/SR	6	跑馬地	2.7							
2019/11/27	5	第四班	1200米	(60-40)	好地	草地 - "A" 賽道	8	2	大聚會(V293)	郭能	高伯新	132	1088	10	2-3/4	9 9 8	1:11.03	22	-	-	+ 1	CP	7	跑馬地	2.7							
2019/11/27	5	第四班	1200米	(60-40)	好地	草地 - "A" 賽道	9	7	銀時(C216)	黃皓楠	容天鵬	120	1133	11	4-3/4	1 2 9	1:11.38	25	-	-	2	B	5	跑馬地	2.7							
2019/11/27	5	第四班	1200米	(60-40)	好地	草地 - "A" 賽道	10	8	一路順風(C453)	蘇兆輝	苗禮德	123	1116	7	4-3/4	4 5 10	1:11.38	6.8	-	-	* 1	 	4	跑馬地	2.7							
2019/11/27	5	第四班	1200米	(60-40)	好地	草地 - "A" 賽道	11	11	辣得真(C021)	沈拿	羅富全	119	1064	4	5-1/2	8 10 11	1:11.49	73	-	-	* 2	B/H	4	跑馬地	2.7							
2019/11/27	5	第四班	1200米	(60-40)	好地	草地 - "A" 賽道		12	紅旗福星(B417)	蘇狄雄	蘇偉賢	115	---	---	---	---	---	---	-	-	-	-	-	跑馬地	2.7							
2019/11/27	6	第三班	1000米	(80-60)	好地	草地 - "A" 賽道	1	6	金匯昇(C010)	莫雷拉	蔡約翰	124	1096	1	-	6 3 1	0:57.04	5	-	-	+ 1	 	4	跑馬地	2.7	19.0			86.0	35.0	82.5	
2019/11/27	6	第三班	1000米	(80-60)	好地	草地 - "A" 賽道	2	10	獎進(C283)	貝力斯	方嘉柏	119	1152	2	頸位	1 1 2	0:57.09	2.7	1st Hot	-	+ 1	TT	-	跑馬地	2.7		12.5		86.0	35.0		39.5
2019/11/27	6	第三班	1000米	(80-60)	好地	草地 - "A" 賽道	3	12	電子群星(C132)	潘明輝	文家良	113	1035	3	2-1/2	12 9 3	0:57.45	10	-	-	1	H	4	跑馬地	2.7			24.5			82.5	39.5
2019/11/27	6	第三班	1000米	(80-60)	好地	草地 - "A" 賽道	4	5	大武士(B216)	薛恩	沈集成	126	1137	4	3-3/4	2 2 4	0:57.66	6.3	-	-	+ 1	TT	6	跑馬地	2.7							
2019/11/27	6	第三班	1000米	(80-60)	好地	草地 - "A" 賽道	5	4	皇仁先鋒(A381)	李寶利	徐雨石	131	1139	7	4-1/4	8 5 5	0:57.73	37	-	-	+ 1	B	-	跑馬地	2.7							
2019/11/27	6	第三班	1000米	(80-60)	好地	草地 - "A" 賽道	6	1	正陽清風(B343)	蔡明紹	姚本輝	133	1191	10	4-1/2	9 11 6	0:57.74	4.7	2nd Hot	-	1	B	5	跑馬地	2.7							
2019/11/27	6	第三班	1000米	(80-60)	好地	草地 - "A" 賽道	7	11	富萬家(V286)	巫顯東	何良	116	1080	5	5-1/2	3 4 7	0:57.90	31	-	-	* 1	H/TT	7	跑馬地	2.7							
2019/11/27	6	第三班	1000米	(80-60)	好地	草地 - "A" 賽道	8	3	加州神箭(A417)	希威森	告東尼	131	1112	8	5-1/2	7 8 8	0:57.91	28	-	-	* 1	H/TT	6	跑馬地	2.7							
2019/11/27	6	第三班	1000米	(80-60)	好地	草地 - "A" 賽道	9	2	大風暴(B055)	巴度	韋達	132	1177	6	8	4 6 9	0:58.32	18	-	-	* 1	B/XB	-	跑馬地	2.7							
2019/11/27	6	第三班	1000米	(80-60)	好地	草地 - "A" 賽道	10	8	英之友(A373)	黃皓楠	容天鵬	118	1113	9	10	5 10 10	0:58.62	133	-	-	1	B-	6	跑馬地	2.7							
2019/11/27	6	第三班	1000米	(80-60)	好地	草地 - "A" 賽道	11	7	陽明酷酷(C259)	史卓豐	丁冠豪	123	1074	11	13-3/4	11 12 11	0:59.25	251	-	-	1	CP/H/TT	4	跑馬地	2.7							
2019/11/27	6	第三班	1000米	(80-60)	好地	草地 - "A" 賽道	12	9	美麗天驕(C274)	何澤堯	約翰摩亞	120	1054	12	14-3/4	10 7 12	0:59.39	31	-	-	+ 1	CP/TT	-	跑馬地	2.7							
2019/11/27	7	第四班	1200米	(60-40)	好地	草地 - "A" 賽道	1	4	如真如假(C222)	薛恩	方嘉柏	126	1129	2	-	2 1 1	1:09.93	3.2	1st Hot	-	+ 1	TT1	4	跑馬地	2.7	13.0			53.0	27.5	52.5	
2019/11/27	7	第四班	1200米	(60-40)	好地	草地 - "A" 賽道	2	3	開心人生(C065)	何澤堯	呂健威	129	1230	1	3/4	8 7 2	1:10.04	3.5	2nd Hot	-	2	H/XB1/TT	4	跑馬地	2.7		15.5		53.0	27.5		57.5
2019/11/27	7	第四班	1200米	(60-40)	好地	草地 - "A" 賽道	3	10	旋風腿(B002)	莫雷拉	蔡約翰	122	1108	10	2	10 9 3	1:10.22	9.4	-	-	1	PC	-	跑馬地	2.7			27.5			52.5	57.5
2019/11/27	7	第四班	1200米	(60-40)	好地	草地 - "A" 賽道	4	7	紅旺(C341)	巴度	葉楚航	125	1183	5	2	3 3 4	1:10.25	5	-	-	+ 1	H1/TT	4	跑馬地	2.7							
2019/11/27	7	第四班	1200米	(60-40)	好地	草地 - "A" 賽道	5	2	問鼎高峰(A009)	郭能	高伯新	132	1155	4	2	5 4 5	1:10.27	14	-	-	* 2	B2	-	跑馬地	2.7							
2019/11/27	7	第四班	1200米	(60-40)	好地	草地 - "A" 賽道	6	9	玩到贏(B468)	貝力斯	容天鵬	123	1059	11	3-3/4	12 11 6	1:10.53	43	-	-	+ 1	H/TT	5	跑馬地	2.7							
2019/11/27	7	第四班	1200米	(60-40)	好地	草地 - "A" 賽道	7	11	威風駿馬(B437)	史卓豐	蘇保羅	122	1108	7	8	6 8 7	1:11.21	16	-	-	* 2	BO	5	跑馬地	2.7							
2019/11/27	7	第四班	1200米	(60-40)	好地	草地 - "A" 賽道	8	6	成功星駒(D065)	希威森	霍利時	126	988	12	9-1/4	11 12 8	1:11.42	135	-	-	* 1	 	4	跑馬地	2.7							
2019/11/27	7	第四班	1200米	(60-40)	好地	草地 - "A" 賽道	9	8	幸運寶策(C246)	李寶利	丁冠豪	123	1143	3	9-1/2	9 10 9	1:11.43	73	-	-	* 1	H	-	跑馬地	2.7							
2019/11/27	7	第四班	1200米	(60-40)	好地	草地 - "A" 賽道	10	12	好利錢(A332)	蘇兆輝	苗禮德	120	1051	8	9-3/4	4 5 10	1:11.49	10	-	-	* 2	 	-	跑馬地	2.7							
2019/11/27	7	第四班	1200米	(60-40)	好地	草地 - "A" 賽道	11	1	香江穩勝(T254)	潘明輝	鄭俊偉	131	1309	9	11-3/4	7 6 11	1:11.83	39	-	-	+ 1	CP	8	跑馬地	2.7							
2019/11/27	7	第四班	1200米	(60-40)	好地	草地 - "A" 賽道	12	5	嘭嘭聲(D015)	蘇狄雄	何良	124	1116	6	16-3/4	1 2 12	1:12.59	125	-	-	2	H/XB	4	跑馬地	2.7							
2019/11/27	8	第三班	1800米	(80-60)	好地	草地 - "A" 賽道	1	7	興惑(B351)	何澤堯	告東尼	123	1028	5	-	6 7 6 7 1	1:49.08	13	-	-	+ 1	CP/TT	6	跑馬地	2.7	41.5			522.5	188.5	444.5	
2019/11/27	8	第三班	1800米	(80-60)	好地	草地 - "A" 賽道	2	10	超班福星(C183)	史卓豐	丁冠豪	121	1088	11	短馬頭位	11 10 10 6 2	1:49.10	8.5	-	-	+ 1	CP/TT	5	跑馬地	2.7		27.5		522.5	188.5		276.0
2019/11/27	8	第三班	1800米	(80-60)	好地	草地 - "A" 賽道	3	9	紅麗舍(A005)	蘇兆輝	文家良	122	1167	10	頭位	4 5 4 4 3	1:49.11	19	-	-	+ 1	B	7	跑馬地	2.7			55.0			444.5	276.0
2019/11/27	8	第三班	1800米	(80-60)	好地	草地 - "A" 賽道	4	3	扎西德勒(C084)	郭能	約翰摩亞	125	1126	7	頸位	3 3 2 2 4	1:49.13	6.3	2nd Hot	-	+ 1	CP/TT	5	跑馬地	2.7							
2019/11/27	8	第三班	1800米	(80-60)	好地	草地 - "A" 賽道	5	5	盈嘉輝(C080)	薛恩	徐雨石	123	1053	2	1/2	9 9 9 9 5	1:49.16	10	-	-	* 1	B/TT	5	跑馬地	2.7							
2019/11/27	8	第三班	1800米	(80-60)	好地	草地 - "A" 賽道	6	4	文武傳奇(B137)	巴度	沈集成	124	1120	4	1/2	8 8 8 3 6	1:49.18	12	-	-	+ 1	B/TT	5	跑馬地	2.7							
2019/11/27	8	第三班	1800米	(80-60)	好地	草地 - "A" 賽道	7	6	共創歡樂(C210)	巫顯東	何良	120	1051	6	1-3/4	1 2 3 5 7	1:49.36	8.6	-	-	1	 	5	跑馬地	2.7							
2019/11/27	8	第三班	1800米	(80-60)	好地	草地 - "A" 賽道	8	11	關鍵時機(C159)	沈拿	方嘉柏	119	1127	1	1-3/4	7 6 7 10 8	1:49.38	4.1	1st Hot	-	1	 	5	跑馬地	2.7							
2019/11/27	8	第三班	1800米	(80-60)	好地	草地 - "A" 賽道	9	2	鑲白旗(B336)	李寶利	霍利時	129	1007	12	1-3/4	12 12 12 11 9	1:49.38	15	-	-	+ 1	 	6	跑馬地	2.7							
2019/11/27	8	第三班	1800米	(80-60)	好地	草地 - "A" 賽道	10	1	吉金寶(C298)	莫雷拉	苗禮德	132	1077	9	2-1/2	10 11 11 12 10	1:49.48	7.5	-	-	+ 1	B/XB	5	跑馬地	2.7							
2019/11/27	8	第三班	1800米	(80-60)	好地	草地 - "A" 賽道	11	12	明月光(T369)	蔡明紹	蘇保羅	118	1057	3	4-3/4	5 4 5 8 11	1:49.82	26	-	-	+ 1	B	8	跑馬地	2.7							
2019/11/27	8	第三班	1800米	(80-60)	好地	草地 - "A" 賽道	12	8	幸運時代(A045)	潘明輝	賀賢	120	1072	8	5-1/2	2 1 1 1 12	1:49.96	23	-	-	+ 1	B	-	跑馬地	2.7							
2019/11/27	9	第三班	1200米	(80-60)	好地	草地 - "A" 賽道	1	10	高耀智星(C067)	史卓豐	苗禮德	119	1120	4	-	4 4 1	1:09.91	3.1	2nd Hot	-	+ * 1	 	4	跑馬地	2.7	14.0			45.5	25.0	83.5	
2019/11/27	9	第三班	1200米	(80-60)	好地	草地 - "A" 賽道	2	5	好好學習(C458)	何澤堯	呂健威	124	1075	2	1/2	2 2 2	1:10.01	2.7	1st Hot	-	* 1	H/TT1	4	跑馬地	2.7		14.0		45.5	25.0		91.5
2019/11/27	9	第三班	1200米	(80-60)	好地	草地 - "A" 賽道	3	7	紅星(V273)	李寶利	葉楚航	120	1091	5	1-1/2	6 5 3	1:10.14	16	-	-	* 1	 	7	跑馬地	2.7			37.5			83.5	91.5
2019/11/27	9	第三班	1200米	(80-60)	好地	草地 - "A" 賽道	4	12	活力勇士(A313)	蔡明紹	約翰摩亞	114	1098	7	1-1/2	8 7 4	1:10.17	14	-	-	* 1	CP	6	跑馬地	2.7							
2019/11/27	9	第三班	1200米	(80-60)	好地	草地 - "A" 賽道	5	3	紅旗星將(A049)	郭能	蘇保羅	129	1215	3	2	5 6 5	1:10.22	7.4	-	-	* 1	B	6	跑馬地	2.7							
2019/11/27	9	第三班	1200米	(80-60)	好地	草地 - "A" 賽道	6	4	神舟寶駒(C269)	希威森	徐雨石	128	1214	6	3-1/4	9 9 6	1:10.44	85	-	-	* 1	TT	6	跑馬地	2.7							
2019/11/27	9	第三班	1200米	(80-60)	好地	草地 - "A" 賽道	7	6	維港奔流(D042)	蘇兆輝	韋達	121	1086	9	3-3/4	7 8 7	1:10.49	21	-	-	* 1	 	4	跑馬地	2.7							
2019/11/27	9	第三班	1200米	(80-60)	好地	草地 - "A" 賽道	8	1	一舖縱橫(B385)	黎海榮	丁冠豪	133	1062	1	3-3/4	3 3 8	1:10.51	13	-	-	* 1	H/TT	5	跑馬地	2.7							
2019/11/27	9	第三班	1200米	(80-60)	好地	草地 - "A" 賽道	9	9	電子大師(A254)	貝力斯	方嘉柏	119	1136	10	4-3/4	11 10 9	1:10.66	19	-	-	* 1	V/XB	6	跑馬地	2.7							
2019/11/27	9	第三班	1200米	(80-60)	好地	草地 - "A" 賽道	10	11	夢幻仙子(V222)	潘明輝	蘇偉賢	113	1171	12	5-1/4	12 12 10	1:10.76	105	-	-	* 1	TT	7	跑馬地	2.7							
2019/11/27	9	第三班	1200米	(80-60)	好地	草地 - "A" 賽道	11	8	正本雄心(V303)	沈拿	霍利時	119	1181	8	6-3/4	10 11 11	1:11.00	20	-	-	* 1	B/TT	6	跑馬地	2.7							
2019/11/27	9	第三班	1200米	(80-60)	好地	草地 - "A" 賽道	12	2	良才(A100)	巫顯東	文家良	129	1124	11	7	1 1 12	1:11.02	42	-	-	* 1	H/P/TT	6	跑馬地	2.7							
2019/12/1	1	第四班（條件限制）	1400米	(60-40)	好地	草地 - "C+3" 賽道	1	10	達心星(D088)	李寶利	方嘉柏	128	1154	9	-	7 8 6 1	1:22.36	4.2	-	-	1	TT1	3	沙田	2.7	15.5			1103.5	278.0	320.0	
2019/12/1	1	第四班（條件限制）	1400米	(60-40)	好地	草地 - "C+3" 賽道	2	3	發財福星(C413)	巫顯東	何良	127	1068	7	頸位	2 2 2 2	1:22.40	45	-	-	+ 1	 	4	沙田	2.7		94.5		1103.5	278.0		1703.5
2019/12/1	1	第四班（條件限制）	1400米	(60-40)	好地	草地 - "C+3" 賽道	3	13	精彩千里(C331)	郭能	約翰摩亞	122	1138	4	1-1/2	3 5 4 3	1:22.61	59	-	-	1	XB-	3	沙田	2.7			124.0			320.0	1703.5
2019/12/1	1	第四班（條件限制）	1400米	(60-40)	好地	草地 - "C+3" 賽道	4	8	凌駕(C386)	莫雷拉	蔡約翰	128	1097	10	1-3/4	9 9 8 4	1:22.63	3.2	1st Hot	-	1	 	3	沙田	2.7							
2019/12/1	1	第四班（條件限制）	1400米	(60-40)	好地	草地 - "C+3" 賽道	5	7	勁力威龍(C437)	巴度	文家良	128	1067	2	1-3/4	6 7 5 5	1:22.65	11	-	-	1	 	3	沙田	2.7							
2019/12/1	1	第四班（條件限制）	1400米	(60-40)	好地	草地 - "C+3" 賽道	6	5	千金不換(D091)	何澤堯	高伯新	128	1337	3	2	11 11 11 6	1:22.69	13	-	-	1	TT1	3	沙田	2.7							
2019/12/1	1	第四班（條件限制）	1400米	(60-40)	好地	草地 - "C+3" 賽道	7	1	嘉應精彩(C526)	田泰安	告東尼	133	1068	11	2-1/4	10 10 9 7	1:22.71	3.7	2nd Hot	-	1	TT	4	沙田	2.7							
2019/12/1	1	第四班（條件限制）	1400米	(60-40)	好地	草地 - "C+3" 賽道	8	12	乘勢歡心(C423)	梁家俊	容天鵬	127	1105	12	3	13 13 10 8	1:22.83	11	-	-	1	CP	4	沙田	2.7							
2019/12/1	1	第四班（條件限制）	1400米	(60-40)	好地	草地 - "C+3" 賽道	9	9	幸運飛彈(C501)	貝力斯	賀賢	128	1111	8	3	12 12 12 9	1:22.86	101	-	-	1	 	3	沙田	2.7							
2019/12/1	1	第四班（條件限制）	1400米	(60-40)	好地	草地 - "C+3" 賽道	10	14	豹子膽(C389)	希威森	徐雨石	120	1138	13	4-1/2	14 14 13 10	1:23.08	55	-	-	1	P-	3	沙田	2.7							
2019/12/1	1	第四班（條件限制）	1400米	(60-40)	好地	草地 - "C+3" 賽道	11	6	一代莊主(C419)	潘明輝	葉楚航	126	1106	14	5-1/2	8 6 7 11	1:23.25	169	-	-	1	TT	4	沙田	2.7							
2019/12/1	1	第四班（條件限制）	1400米	(60-40)	好地	草地 - "C+3" 賽道	12	4	無極戰士(D073)	蘇兆輝	姚本輝	128	1199	1	6	5 3 3 12	1:23.33	35	-	-	1	B1	3	沙田	2.7							
2019/12/1	1	第四班（條件限制）	1400米	(60-40)	好地	草地 - "C+3" 賽道	13	11	同有友(D048)	薛恩	沈集成	128	1186	5	9-1/4	1 1 1 13	1:23.82	25	-	-	1	 	3	沙田	2.7							
2019/12/1	1	第四班（條件限制）	1400米	(60-40)	好地	草地 - "C+3" 賽道	14	2	金獅勁將(C202)	沈拿	韋達	130	1082	6	27-1/2	4 4 14 14	1:26.77	63	-	-	* 1	H1	-	沙田	2.7							
2019/12/1	2	第五班	1650米	(40-0)	好地	全天候跑道	1	6	威震天(V119)	潘明輝	姚本輝	126	1120	1	-	1 1 1 1	1:39.50	13	-	-	1	B/TT	8	沙田	2.7	34.5			397.5	109.0	56.0	
2019/12/1	2	第五班	1650米	(40-0)	好地	全天候跑道	2	11	神乎其技(A174)	莫雷拉	苗禮德	116	1063	12	3-1/4	7 8 7 2	1:40.03	5.6	-	-	+ 1	B	6	沙田	2.7		18.0		397.5	109.0		29.0
2019/12/1	2	第五班	1650米	(40-0)	好地	全天候跑道	3	1	探險家(C008)	何澤堯	徐雨石	133	1116	9	3-1/4	4 6 5 3	1:40.04	2.3	1st Hot	-	1	B	4	沙田	2.7			12.5			56.0	29.0
2019/12/1	2	第五班	1650米	(40-0)	好地	全天候跑道	4	12	易勝相吸(B275)	巴度	鄭俊偉	114	1143	2	4-1/4	2 2 2 4	1:40.18	6.1	-	-	+ 1	B-/PC2/TT	-	沙田	2.7							
2019/12/1	2	第五班	1650米	(40-0)	好地	全天候跑道	5	2	盛勢(V243)	蘇狄雄	葉楚航	131	1082	11	4-3/4	6 3 3 5	1:40.27	47	-	-	1	 	7	沙田	2.7							
2019/12/1	2	第五班	1650米	(40-0)	好地	全天候跑道	6	8	向前看(B331)	梁家俊	鄭俊偉	122	1115	7	6-1/4	5 4 4 6	1:40.49	17	-	-	2	TT	6	沙田	2.7							
2019/12/1	2	第五班	1650米	(40-0)	好地	全天候跑道	7	10	大地和平(S254)	黎海榮	文家良	118	1128	4	6-1/4	10 11 12 7	1:40.50	65	-	-	* 1	B/TT	9	沙田	2.7							
2019/12/1	2	第五班	1650米	(40-0)	好地	全天候跑道	8	9	萬霸駒(A186)	田泰安	蘇保羅	118	1118	5	6-1/2	8 9 8 8	1:40.52	5.5	2nd Hot	-	1	B/TT	-	沙田	2.7							
2019/12/1	2	第五班	1650米	(40-0)	好地	全天候跑道	9	13	非同凡響(B242)	巫顯東	呂健威	110	1041	10	7	12 12 11 9	1:40.64	54	-	-	1	B/H/XB/TT	5	沙田	2.7							
2019/12/1	2	第五班	1650米	(40-0)	好地	全天候跑道	10	3	天賦威力(B335)	郭能	賀賢	132	1038	8	10-1/4	9 7 9 10	1:41.13	50	-	-	+ 1	B-/TT	5	沙田	2.7							
2019/12/1	2	第五班	1650米	(40-0)	好地	全天候跑道	11	4	薪勇(A340)	貝力斯	文家良	130	1185	3	19-3/4	3 5 6 11	1:42.66	45	-	-	2	B	-	沙田	2.7							
2019/12/1	2	第五班	1650米	(40-0)	好地	全天候跑道	12	5	協力神駒(B364)	蔡明紹	高伯新	129	1134	6	51-3/4	11 10 10 12	1:47.77	27	-	-	1	 	-	沙田	2.7							
2019/12/1	2	第五班	1650米	(40-0)	好地	全天候跑道		7	金獅雷將(A325)	沈拿	韋達	123	---	---	---	---	---	---	-	-	-	-	-	沙田	2.7							
2019/12/1	3	第四班	1200米	(60-40)	好地	草地 - "C+3" 賽道	1	1	合衷共濟(B250)	潘明輝	賀賢	131	1108	1	-	1 1 1	1:09.72	1.7	1st Hot	-	+ 1	 	4	沙田	2.7	12.0			99.5	46.5	42.5	
2019/12/1	3	第四班	1200米	(60-40)	好地	草地 - "C+3" 賽道	2	12	太陽戰馬(C212)	黃皓楠	徐雨石	115	1189	4	1-1/4	4 3 2	1:09.90	16	-	-	1	B1	5	沙田	2.7		31.5		99.5	46.5		169.0
2019/12/1	3	第四班	1200米	(60-40)	好地	草地 - "C+3" 賽道	3	7	首飾傳奇(D032)	莫雷拉	蔡約翰	125	1171	2	2-3/4	6 5 3	1:10.12	10	-	-	* 1	B1	4	沙田	2.7			27.5			42.5	169.0
2019/12/1	3	第四班	1200米	(60-40)	好地	草地 - "C+3" 賽道	4	2	玩得好(A383)	沈拿	韋達	129	1048	5	3-1/4	8 8 4	1:10.26	9.3	2nd Hot	-	* 1	 	6	沙田	2.7							
2019/12/1	3	第四班	1200米	(60-40)	好地	草地 - "C+3" 賽道	5	5	加州雷電(D147)	田泰安	告東尼	125	1173	11	3-1/2	7 7 5	1:10.30	25	-	-	+ 1	TT1	3	沙田	2.7							
2019/12/1	3	第四班	1200米	(60-40)	好地	草地 - "C+3" 賽道	6	8	喜駿之星(D033)	何澤堯	文家良	125	1124	10	4-1/4	5 6 6	1:10.40	9.6	-	-	+ 1	 	4	沙田	2.7							
2019/12/1	3	第四班	1200米	(60-40)	好地	草地 - "C+3" 賽道	7	11	胆大威猛(C338)	希威森	姚本輝	125	1134	9	5	2 2 7	1:10.54	16	-	-	+ 1	 	3	沙田	2.7							
2019/12/1	3	第四班	1200米	(60-40)	好地	草地 - "C+3" 賽道	8	10	高耀俊星(C516)	蔡明紹	高伯新	125	1173	3	5-3/4	9 10 8	1:10.64	20	-	-	* 1	 	3	沙田	2.7							
2019/12/1	3	第四班	1200米	(60-40)	好地	草地 - "C+3" 賽道	9	4	必有利(C410)	梁家俊	沈集成	125	1170	6	7-3/4	10 11 9	1:10.96	91	-	-	* 1	B/TT	-	沙田	2.7							
2019/12/1	3	第四班	1200米	(60-40)	好地	草地 - "C+3" 賽道	10	6	合夥年代(C534)	貝力斯	蘇偉賢	125	1128	7	8-1/4	11 9 10	1:11.03	234	-	-	* 1	B1	4	沙田	2.7							
2019/12/1	3	第四班	1200米	(60-40)	好地	草地 - "C+3" 賽道	11	3	遨遊千里(C363)	蘇兆輝	容天鵬	126	1112	8	8-1/4	3 4 11	1:11.05	10	-	-	+ 1	TT	5	沙田	2.7							
2019/12/1	3	第四班	1200米	(60-40)	好地	草地 - "C+3" 賽道	12	9	江山駿駒(C207)	蘇狄雄	蘇保羅	123	1079	12	11-3/4	12 12 12	1:11.61	286	-	-	* 1	TT	-	沙田	2.7							
2019/12/1	3	第四班	1200米	(60-40)	好地	草地 - "C+3" 賽道			優達星(C356)	巴度	葉楚航	125	---	---	---	---	---	---	-	-	-	-	4	沙田	2.7							
2019/12/1	3	第四班	1200米	(60-40)	好地	草地 - "C+3" 賽道			衝關王(C378)	---	鄭俊偉	123	---	---	---	---	---	---	-	-	-	-	4	沙田	2.7							
2019/12/1	4	第五班	1200米	(40-0)	好地	全天候跑道	1	11	鱷臨天下(B141)	梁家俊	容天鵬	122	1256	11	-	1 1 1	1:08.92	14	-	-	1	B/TT	5	沙田	2.7	39.0			361.5	118.0	129.5	
2019/12/1	4	第五班	1200米	(40-0)	好地	全天候跑道	2	12	樂無極(B277)	蘇兆輝	文家良	116	1105	1	5-3/4	9 8 2	1:09.82	5.3	2nd Hot	-	1	V	5	沙田	2.7		18.5		361.5	118.0		58.0
2019/12/1	4	第五班	1200米	(40-0)	好地	全天候跑道	3	7	為您贏(B157)	郭能	鄭俊偉	126	1250	5	5-3/4	10 10 3	1:09.83	5.9	-	-	* 1	B	-	沙田	2.7			21.0			129.5	58.0
2019/12/1	4	第五班	1200米	(40-0)	好地	全天候跑道	4	6	洪荒駿駒(A031)	莫雷拉	徐雨石	128	1152	7	6	8 9 4	1:09.88	4.4	1st Hot	-	* 1	V	6	沙田	2.7							
2019/12/1	4	第五班	1200米	(40-0)	好地	全天候跑道	5	4	天皇巨星(V367)	薛恩	蘇保羅	132	1195	3	6-1/4	11 11 5	1:09.90	12	-	-	+ 1	B	6	沙田	2.7							
2019/12/1	4	第五班	1200米	(40-0)	好地	全天候跑道	6	1	鼓浪威風(C088)	沈拿	姚本輝	133	1231	8	6-1/2	2 2 6	1:09.97	5.7	-	-	1	CP/XB/TT	4	沙田	2.7							
2019/12/1	4	第五班	1200米	(40-0)	好地	全天候跑道	7	8	眾善積福(B334)	黃皓楠	蘇偉賢	121	1088	4	7	5 5 7	1:10.04	117	-	-	* 1	CP/TT	5	沙田	2.7							
2019/12/1	4	第五班	1200米	(40-0)	好地	全天候跑道	8	9	城中霸(C101)	潘明輝	沈集成	122	1164	2	8	12 12 8	1:10.19	42	-	-	1	TT	4	沙田	2.7							
2019/12/1	4	第五班	1200米	(40-0)	好地	全天候跑道	9	2	八心之友(A007)	田泰安	韋達	132	1088	10	9-3/4	7 6 9	1:10.47	11	-	-	+ 1	P	-	沙田	2.7							
2019/12/1	4	第五班	1200米	(40-0)	好地	全天候跑道	10	5	勁快步(A053)	巴度	高伯新	131	1150	6	10-3/4	6 7 10	1:10.62	10	-	-	+ 1	B	7	沙田	2.7							
2019/12/1	4	第五班	1200米	(40-0)	好地	全天候跑道	11	3	漸信龍駒(C017)	李寶利	葉楚航	132	1042	9	14	3 4 11	1:11.16	25	-	-	+ 1	XB/B1/TT	5	沙田	2.7							
2019/12/1	4	第五班	1200米	(40-0)	好地	全天候跑道	12	10	砂漿邦(A097)	巫顯東	何良	119	1154	12	16-1/4	4 3 12	1:11.50	17	-	-	1	V	-	沙田	2.7							
2019/12/1	5	第四班	1800米	(60-40)	好地	全天候跑道	1	12	劍聶風(A201)	蘇兆輝	鄭俊偉	117	1061	14	-	1 2 1 1 1	1:48.17	7.8	-	-	1	CP-/B2	6	沙田	2.7	26.5			1800.5	506.0	79.0	
2019/12/1	5	第四班	1800米	(60-40)	好地	全天候跑道	2	3	皇龍司令(C208)	郭能	霍利時	130	1092	11	2	4 5 5 4 2	1:48.47	35	-	-	1	B	5	沙田	2.7		84.0		1800.5	506.0		269.0
2019/12/1	5	第四班	1800米	(60-40)	好地	全天候跑道	3	6	加州明雋(B363)	田泰安	告東尼	122	1118	13	2-1/4	3 3 4 3 3	1:48.53	4.6	2nd Hot	-	1	TT	5	沙田	2.7			17.5			79.0	269.0
2019/12/1	5	第四班	1800米	(60-40)	好地	全天候跑道	4	9	南莊瑞寶(B428)	黎海榮	呂健威	120	1172	10	2-1/4	12 12 12 11 4	1:48.53	6	-	-	1	B/H	5	沙田	2.7							
2019/12/1	5	第四班	1800米	(60-40)	好地	全天候跑道	5	14	雄龍(C191)	莫雷拉	蘇偉賢	115	1137	8	3-3/4	6 7 7 6 5	1:48.79	3.2	1st Hot	-	+ 1	H/TT	4	沙田	2.7							
2019/12/1	5	第四班	1800米	(60-40)	好地	全天候跑道	6	2	威利熱流(T281)	梁家俊	蘇保羅	132	1139	5	4	13 13 13 12 6	1:48.81	31	-	-	1	B	8	沙田	2.7							
2019/12/1	5	第四班	1800米	(60-40)	好地	全天候跑道	7	7	埼豐(A083)	黃皓楠	徐雨石	119	1037	7	4-1/2	2 1 2 2 7	1:48.88	17	-	-	1	 	7	沙田	2.7							
2019/12/1	5	第四班	1800米	(60-40)	好地	全天候跑道	8	4	王者再現(V156)	何澤堯	姚本輝	127	1125	9	5	9 10 10 10 8	1:48.96	9.6	-	-	1	V	7	沙田	2.7							
2019/12/1	5	第四班	1800米	(60-40)	好地	全天候跑道	9	10	跑得威(C127)	巫顯東	沈集成	116	1094	3	5-3/4	7 6 6 7 9	1:49.11	26	-	-	1	B/TT	5	沙田	2.7							
2019/12/1	5	第四班	1800米	(60-40)	好地	全天候跑道	10	5	大雁塔(C090)	薛恩	蔡約翰	123	996	6	6-1/4	8 8 9 8 10	1:49.18	32	-	-	* 1	B	-	沙田	2.7							
2019/12/1	5	第四班	1800米	(60-40)	好地	全天候跑道	11	13	放馬過來(V407)	蘇狄雄	葉楚航	113	1131	1	8	5 4 3 5 11	1:49.43	68	-	-	1	TT	7	沙田	2.7							
2019/12/1	5	第四班	1800米	(60-40)	好地	全天候跑道	12	8	事必獲利(T002)	巴度	方嘉柏	120	1146	2	11	10 9 8 9 12	1:49.91	29	-	-	1	TT	-	沙田	2.7							
2019/12/1	5	第四班	1800米	(60-40)	好地	全天候跑道	13	11	喜盈運(V337)	蔡明紹	何良	117	1134	4	12-3/4	11 11 11 13 13	1:50.20	18	-	-	1	H/TT	7	沙田	2.7							
2019/12/1	5	第四班	1800米	(60-40)	好地	全天候跑道		1	兵貴神速(B299)	沈拿	羅富全	133	---	---	---	---	---	---	-	-	-	-	5	沙田	2.7							
2019/12/1	6	第四班	1200米	(60-40)	好地	全天候跑道	1	5	福喜多多(B128)	莫雷拉	呂健威	127	1138	1	-	5 5 1	1:09.00	2.1	1st Hot	-	+ 1	B	5	沙田	2.7	13.0			149.5	61.5	54.0	
2019/12/1	6	第四班	1200米	(60-40)	好地	全天候跑道	2	10	超然(V255)	黃皓楠	鄭俊偉	118	1074	8	頸位	8 9 2	1:09.05	15	-	-	+ 1	 	7	沙田	2.7		35.5		149.5	61.5		190.5
2019/12/1	6	第四班	1200米	(60-40)	好地	全天候跑道	3	6	上捕先鋒(C300)	郭能	霍利時	127	1174	6	頸位	3 3 3	1:09.07	13	-	-	* 1	B	5	沙田	2.7			34.5			54.0	190.5
2019/12/1	6	第四班	1200米	(60-40)	好地	全天候跑道	4	11	好友無敵(A217)	黎海榮	文家良	119	1080	2	2-1/4	7 6 4	1:09.37	39	-	-	* 1	B	6	沙田	2.7							
2019/12/1	6	第四班	1200米	(60-40)	好地	全天候跑道	5	7	晨曦巨星(D002)	巴度	高伯新	126	1196	3	3	4 4 5	1:09.47	133	-	-	+ 1	 	4	沙田	2.7							
2019/12/1	6	第四班	1200米	(60-40)	好地	全天候跑道	6	2	精算八方(A221)	薛恩	蔡約翰	132	1133	12	3	12 12 6	1:09.47	9.1	-	-	+ 1	PC/XB	6	沙田	2.7							
2019/12/1	6	第四班	1200米	(60-40)	好地	全天候跑道	7	4	笑春風(A011)	潘明輝	丁冠豪	114	1112	11	3	2 2 7	1:09.48	11	-	-	1	B	6	沙田	2.7							
2019/12/1	6	第四班	1200米	(60-40)	好地	全天候跑道	8	8	春風得意(C309)	蘇狄雄	何良	123	1044	4	3-3/4	11 8 8	1:09.62	9.5	-	-	+ 1	H	4	沙田	2.7							
2019/12/1	6	第四班	1200米	(60-40)	好地	全天候跑道	9	3	瑩之光(B080)	李寶利	方嘉柏	131	1178	7	7	9 10 9	1:10.13	20	-	-	* 1	V1/TT-	5	沙田	2.7							
2019/12/1	6	第四班	1200米	(60-40)	好地	全天候跑道	10	12	叫座力(B267)	田泰安	沈集成	119	1104	10	7-1/4	6 7 10	1:10.18	19	-	-	* 1	H/TT	5	沙田	2.7							
2019/12/1	6	第四班	1200米	(60-40)	好地	全天候跑道	11	1	龍城猛將(V225)	蘇兆輝	苗禮德	133	1200	5	8-1/4	10 11 11	1:10.33	7	2nd Hot	-	1	B/TT	6	沙田	2.7							
2019/12/1	6	第四班	1200米	(60-40)	好地	全天候跑道	12	9	箭神寶(C384)	梁家俊	徐雨石	121	1180	9	8-1/2	1 1 12	1:10.38	51	-	-	* 1	B	4	沙田	2.7							
2019/12/1	6	第四班	1200米	(60-40)	好地	全天候跑道			盈華盛甲(A179)	何澤堯	賀賢	130	---	---	---	---	---	---	-	-	-	-	6	沙田	2.7							
2019/12/1	7	第三班	1000米	(80-60)	好地	草地 - "C+3" 賽道	1	10	韋小寶(C188)	田泰安	蘇保羅	120	1113	11	-	11 5 1	0:56.21	2.5	1st Hot	-	1	B	4	沙田	2.7	14.0			437.5	144.0	33.5	
2019/12/1	7	第三班	1000米	(80-60)	好地	草地 - "C+3" 賽道	2	2	當家猴王(D142)	薛恩	約翰摩亞	133	1041	1	1-1/2	4 4 2	0:56.44	22	-	-	+ 1	CP1	3	沙田	2.7		60.5		437.5	144.0		220.5
2019/12/1	7	第三班	1000米	(80-60)	好地	草地 - "C+3" 賽道	3	7	大紅包(B246)	何澤堯	呂健威	123	1050	8	2-1/4	8 7 3	0:56.56	5.7	-	-	1	XB	6	沙田	2.7			19.5			33.5	220.5
2019/12/1	7	第三班	1000米	(80-60)	好地	草地 - "C+3" 賽道	4	14	叫關健康(A064)	蔡明紹	文家良	113	1022	7	3-3/4	13 9 4	0:56.80	53	-	-	1	B	6	沙田	2.7							
2019/12/1	7	第三班	1000米	(80-60)	好地	草地 - "C+3" 賽道	5	8	奮鬥同心(C314)	郭能	姚本輝	120	1155	3	3-3/4	2 2 5	0:56.81	9.7	-	-	1	H	4	沙田	2.7							
2019/12/1	7	第三班	1000米	(80-60)	好地	草地 - "C+3" 賽道	6	11	跳出世界(C333)	貝力斯	蔡約翰	118	1238	13	4	3 3 6	0:56.86	14	-	-	* 1	B	4	沙田	2.7							
2019/12/1	7	第三班	1000米	(80-60)	好地	草地 - "C+3" 賽道	7	9	加州更好(B204)	莫雷拉	告東尼	120	1141	5	5	6 6 7	0:57.00	5.1	2nd Hot	-	+ 1	B/TT	5	沙田	2.7							
2019/12/1	7	第三班	1000米	(80-60)	好地	草地 - "C+3" 賽道	8	13	自在人生(B169)	潘明輝	羅富全	114	1192	6	5-1/2	14 10 8	0:57.08	58	-	-	* 1	XB/TT	6	沙田	2.7							
2019/12/1	7	第三班	1000米	(80-60)	好地	草地 - "C+3" 賽道	9	12	連利福將(B475)	巴度	葉楚航	117	1099	10	5-1/2	10 13 9	0:57.11	12	-	-	* 1	B1	4	沙田	2.7							
2019/12/1	7	第三班	1000米	(80-60)	好地	草地 - "C+3" 賽道	10	4	極速前進(V390)	梁家俊	容天鵬	127	1253	9	7-1/2	9 14 10	0:57.42	15	-	-	1	V/TT	6	沙田	2.7							
2019/12/1	7	第三班	1000米	(80-60)	好地	草地 - "C+3" 賽道	11	1	金糠(D134)	希威森	霍利時	133	1035	2	7-3/4	7 8 11	0:57.46	71	-	-	+ 1	SR1	4	沙田	2.7							
2019/12/1	7	第三班	1000米	(80-60)	好地	草地 - "C+3" 賽道	12	5	大俠士(C373)	黎海榮	沈集成	123	1149	4	8-1/4	1 1 12	0:57.52	73	-	-	+ 1	 	5	沙田	2.7							
2019/12/1	7	第三班	1000米	(80-60)	好地	草地 - "C+3" 賽道	13	3	大醇威(D150)	沈拿	方嘉柏	128	1129	14	9-1/2	12 12 13	0:57.73	40	-	-	+ 1	 	3	沙田	2.7							
2019/12/1	7	第三班	1000米	(80-60)	好地	草地 - "C+3" 賽道	14	6	飛天劍(C463)	巫顯東	徐雨石	120	1067	12	10-1/4	5 11 14	0:57.87	252	-	-	* 1	 	4	沙田	2.7							
2019/12/1	8	第二班	1200米	(100-80)	好地	全天候跑道	1	2	仁者荃心(A157)	蔡明紹	文家良	127	1125	3	-	5 3 1	1:07.89	3.3	2nd Hot	-	+ 1	 	6	沙田	2.7	12.5			57.0	25.5	76.0	
2019/12/1	8	第二班	1200米	(100-80)	好地	全天候跑道	2	7	好好利高(C226)	田泰安	徐雨石	118	1191	8	2	1 1 2	1:08.21	3.1	1st Hot	-	+ 1	 	4	沙田	2.7		15.5		57.0	25.5		79.5
2019/12/1	8	第二班	1200米	(100-80)	好地	全天候跑道	3	12	帝豪寶寶(A050)	巴度	沈集成	114	1166	7	2	9 10 3	1:08.22	15	-	-	1	B/TT	6	沙田	2.7			35.0			76.0	79.5
2019/12/1	8	第二班	1200米	(100-80)	好地	全天候跑道	4	11	鞍歌(A177)	蘇兆輝	姚本輝	115	1126	10	2-1/4	7 6 4	1:08.23	9.2	-	-	+ 1	B	6	沙田	2.7							
2019/12/1	8	第二班	1200米	(100-80)	好地	全天候跑道	5	5	輝煌星(B163)	巫顯東	呂健威	116	1198	9	2-1/2	12 11 5	1:08.30	68	-	-	+ 1	TT	6	沙田	2.7							
2019/12/1	8	第二班	1200米	(100-80)	好地	全天候跑道	6	3	好吉利(A418)	何澤堯	約翰摩亞	127	1097	5	3-3/4	10 7 6	1:08.50	8.3	-	W P	1	PC	6	沙田	2.7							
2019/12/1	8	第二班	1200米	(100-80)	好地	全天候跑道	7	6	帆哥兒(B089)	莫雷拉	方嘉柏	118	1073	4	5-1/2	8 8 7	1:08.79	5.5	-	-	+ 1	B/H/TT	6	沙田	2.7							
2019/12/1	8	第二班	1200米	(100-80)	好地	全天候跑道	8	8	順勢寶(V310)	潘明輝	賀賢	115	1068	2	6-1/2	11 12 8	1:08.95	34	-	-	* 1	B	-	沙田	2.7							
2019/12/1	8	第二班	1200米	(100-80)	好地	全天候跑道	9	4	禾道駒(B253)	希威森	告東尼	121	1082	1	8	6 9 9	1:09.16	24	-	-	1	B/TT	5	沙田	2.7							
2019/12/1	8	第二班	1200米	(100-80)	好地	全天候跑道	10	1	樂滿家(A293)	郭能	鄭俊偉	132	1115	11	10	4 2 10	1:09.49	123	-	-	1	H-/B	6	沙田	2.7							
2019/12/1	8	第二班	1200米	(100-80)	好地	全天候跑道	11	10	電訊驫馬(C181)	黎海榮	丁冠豪	116	1138	12	13-3/4	2 4 11	1:10.11	106	-	-	* 1	TT	5	沙田	2.7							
2019/12/1	8	第二班	1200米	(100-80)	好地	全天候跑道	12	9	極速駿馬(B211)	梁家俊	羅富全	117	1177	6	18-1/2	3 5 12	1:10.87	105	-	-	+ 1	B/TT	5	沙田	2.7							
2019/12/1	9	第三班	1650米	(80-60)	好地	全天候跑道	1	13	安賦(B353)	蘇兆輝	方嘉柏	118	1086	3	-	8 8 7 1	1:38.74	4.1	1st Hot	-	1	V	6	沙田	2.7	16.5			153.0	58.0	169.5	
2019/12/1	9	第三班	1650米	(80-60)	好地	全天候跑道	2	6	好鬥心(C443)	何澤堯	呂健威	126	1107	8	頭位	11 11 11 2	1:38.76	5.6	2nd Hot	-	1	H/TT	5	沙田	2.7		23.5		153.0	58.0		253.5
2019/12/1	9	第三班	1650米	(80-60)	好地	全天候跑道	3	9	興爾(B203)	沈拿	韋達	125	1046	5	1/2	4 3 3 3	1:38.84	22	-	-	* 1	P/XB	-	沙田	2.7			49.0			169.5	253.5
2019/12/1	9	第三班	1650米	(80-60)	好地	全天候跑道	4 平頭馬	2	安喜(V338)	郭能	約翰摩亞	132	1119	9	3/4	7 7 8 4	1:38.85	21	-	-	1	B-/PC2/TT	-	沙田	2.7							
2019/12/1	9	第三班	1650米	(80-60)	好地	全天候跑道	4 平頭馬	14	上浦福滿(A193)	莫雷拉	霍利時	118	1059	13	3/4	9 9 9 4	1:38.85	9.7	-	-	+ 1	B	6	沙田	2.7							
2019/12/1	9	第三班	1650米	(80-60)	好地	全天候跑道	6	7	蒙古傳奇(B317)	黎海榮	徐雨石	126	1162	2	1-1/4	5 5 5 6	1:38.95	16	-	-	1	 	6	沙田	2.7							
2019/12/1	9	第三班	1650米	(80-60)	好地	全天候跑道	7	1	酷比哥(C192)	田泰安	羅富全	133	1050	7	2	3 4 4 7	1:39.04	5.8	-	-	+ 1	CP/TT	4	沙田	2.7							
2019/12/1	9	第三班	1650米	(80-60)	好地	全天候跑道	8	4	和平路(B161)	薛恩	容天鵬	129	1136	6	2	10 10 10 8	1:39.05	15	-	-	1	H/XB/TT	6	沙田	2.7							
2019/12/1	9	第三班	1650米	(80-60)	好地	全天候跑道	9	8	馬主星輝(B427)	巫顯東	沈集成	123	1064	10	3	14 14 14 9	1:39.22	43	-	-	+ 1	B/TT	5	沙田	2.7							
2019/12/1	9	第三班	1650米	(80-60)	好地	全天候跑道	10	3	美麗標緻(C057)	蔡明紹	告東尼	130	1087	11	4	2 2 2 10	1:39.36	17	-	-	1	B/TT	4	沙田	2.7							
2019/12/1	9	第三班	1650米	(80-60)	好地	全天候跑道	11	11	鵰神(B023)	巴度	丁冠豪	119	1153	14	4	1 1 1 11	1:39.39	5.6	2nd Hot	-	+ 1	H	6	沙田	2.7							
2019/12/1	9	第三班	1650米	(80-60)	好地	全天候跑道	12	5	恆駿寶駒(T262)	梁家俊	蘇偉賢	127	1100	1	5	6 6 6 12	1:39.54	36	-	-	1	B/H	8	沙田	2.7							
2019/12/1	9	第三班	1650米	(80-60)	好地	全天候跑道	13	10	中華之光(A168)	黃皓楠	葉楚航	120	1110	12	6-1/2	13 13 12 13	1:39.78	141	-	-	* 1	P2/TT	6	沙田	2.7							
2019/12/1	9	第三班	1650米	(80-60)	好地	全天候跑道	14	12	大步走(V336)	蘇狄雄	何良	117	1138	4	18	12 12 13 14	1:41.62	109	-	-	1	H/V	-	沙田	2.7							
2019/12/1	10	第三班	1400米	(80-60)	好地	草地 - "C+3" 賽道	1	5	請跟我來(B440)	莫雷拉	蔡約翰	130	1105	1	-	4 4 4 1	1:21.66	5.4	-	-	+ 1	TT	4	沙田	2.7	21.0			1489.5	467.0	116.0	
2019/12/1	10	第三班	1400米	(80-60)	好地	草地 - "C+3" 賽道	2	10	歡樂小子(S235)	黎海榮	文家良	121	1289	7	頸位	10 9 8 2	1:21.71	60	-	-	1	V	9	沙田	2.7		121.0		1489.5	467.0		704.5
2019/12/1	10	第三班	1400米	(80-60)	好地	草地 - "C+3" 賽道	3	13	順意寶(B164)	田泰安	韋達	117	1151	8	1/2	3 5 5 3	1:21.76	14	-	-	+ 1	B	5	沙田	2.7			32.0			116.0	704.5
2019/12/1	10	第三班	1400米	(80-60)	好地	草地 - "C+3" 賽道	4	3	美麗甜心(B410)	郭能	約翰摩亞	131	1171	10	1	2 3 3 4	1:21.82	29	-	-	+ 1	B/TT	4	沙田	2.7							
2019/12/1	10	第三班	1400米	(80-60)	好地	草地 - "C+3" 賽道	5	9	再享耆成(B227)	蔡明紹	容天鵬	121	1082	5	1-1/2	1 2 1 5	1:21.91	10	-	-	+ 1	B	5	沙田	2.7							
2019/12/1	10	第三班	1400米	(80-60)	好地	草地 - "C+3" 賽道	6	4	飈驥(C160)	貝力斯	丁冠豪	130	1114	2	1-3/4	8 7 6 6	1:21.95	13	-	-	+ 1	H-/B/TT	5	沙田	2.7							
2019/12/1	10	第三班	1400米	(80-60)	好地	草地 - "C+3" 賽道	7	11	佳運來(T380)	何澤堯	徐雨石	118	1019	4	3-1/4	12 14 10 7	1:22.17	11	-	-	+ 1	 	8	沙田	2.7							
2019/12/1	10	第三班	1400米	(80-60)	好地	草地 - "C+3" 賽道	8	12	翡翠綠(C056)	蘇兆輝	苗禮德	117	1114	6	4	7 10 14 8	1:22.30	2.7	1st Hot	-	+ 1	B/XB	4	沙田	2.7							
2019/12/1	10	第三班	1400米	(80-60)	好地	草地 - "C+3" 賽道	9	7	財富超影(C392)	薛恩	蘇保羅	123	1106	11	4-1/4	11 12 13 9	1:22.33	109	-	-	+ 1	B1	4	沙田	2.7							
2019/12/1	10	第三班	1400米	(80-60)	好地	草地 - "C+3" 賽道	10	8	大眾歡呼(C225)	巴度	羅富全	121	1160	3	4-1/4	6 6 7 10	1:22.34	4.9	2nd Hot	-	* 1	XB/TT	4	沙田	2.7							
2019/12/1	10	第三班	1400米	(80-60)	好地	草地 - "C+3" 賽道	11	14	金剛之星(A067)	黃皓楠	鄭俊偉	114	1199	14	6-1/2	5 1 2 11	1:22.71	294	-	-	* 1	B/TT	-	沙田	2.7							
2019/12/1	10	第三班	1400米	(80-60)	好地	草地 - "C+3" 賽道	12	6	老實人(B200)	李寶利	霍利時	126	1236	9	7	9 11 9 12	1:22.76	41	-	-	* 1	 	5	沙田	2.7							
2019/12/1	10	第三班	1400米	(80-60)	好地	草地 - "C+3" 賽道	13	1	聰明導彈(C037)	梁家俊	蘇偉賢	133	1074	13	11	14 13 12 13	1:23.41	27	-	-	+ 1	B/TT	4	沙田	2.7							
2019/12/1	10	第三班	1400米	(80-60)	好地	草地 - "C+3" 賽道	14	2	成才(B085)	潘明輝	方嘉柏	130	1182	12	11-3/4	13 8 11 14	1:23.53	86	-	-	* 1	XB	6	沙田	2.7							
2019/12/4	1	第五班	1200米	(40-0)	好地	草地 - "B" 賽道	1	6	餘皇(B155)	沈拿	韋達	128	1092	5	-	6 5 1	1:10.00	3.4	1st Hot	-	+ 1	B	6	跑馬地	2.7	15.5			151.0	52.0	101.5	
2019/12/4	1	第五班	1200米	(40-0)	好地	草地 - "B" 賽道	2	1	安定繁盛(C064)	莫雷拉	羅富全	131	1115	11	鼻位	10 8 2	1:10.00	5.3	-	-	+ * 1	CP-/B2/TT	4	跑馬地	2.7		18.0		151.0	52.0		90.5
2019/12/4	1	第五班	1200米	(40-0)	好地	草地 - "B" 賽道	3	3	葵涌精英(C173)	巴度	高伯新	131	1132	10	1-1/2	11 12 3	1:10.22	11	-	-	+ 1	H2	4	跑馬地	2.7			32.0			101.5	90.5
2019/12/4	1	第五班	1200米	(40-0)	好地	草地 - "B" 賽道	4	10	神火金剛(B004)	李寶利	葉楚航	118	1060	12	1-1/2	12 11 4	1:10.24	22	-	-	+ 1	B	6	跑馬地	2.7							
2019/12/4	1	第五班	1200米	(40-0)	好地	草地 - "B" 賽道	5	12	勁皇子(V143)	田泰安	蔡約翰	114	1119	7	2-1/2	8 9 5	1:10.39	14	-	-	* 1	P/TT	7	跑馬地	2.7							
2019/12/4	1	第五班	1200米	(40-0)	好地	草地 - "B" 賽道	6	4	幸運大兄(A423)	蘇兆輝	蘇保羅	130	1048	9	2-1/2	2 2 6	1:10.40	8	-	-	+ * 1	B/TT	5	跑馬地	2.7							
2019/12/4	1	第五班	1200米	(40-0)	好地	草地 - "B" 賽道	7	7	怡昌福星(B357)	麥道朗	賀賢	125	1121	4	3-3/4	9 10 7	1:10.60	11	-	-	+ 1	B-/XB-/CP1	5	跑馬地	2.7							
2019/12/4	1	第五班	1200米	(40-0)	好地	草地 - "B" 賽道	8	2	濃有(C244)	梁家俊	文家良	131	1118	3	5	4 4 8	1:10.78	4.2	2nd Hot	-	+ 1	TT1	4	跑馬地	2.7							
2019/12/4	1	第五班	1200米	(40-0)	好地	草地 - "B" 賽道	9	5	神馬飛揚(V368)	巫顯東	鄭俊偉	125	1085	6	5	1 1 9	1:10.80	96	-	-	* 1	H-/TT	7	跑馬地	2.7							
2019/12/4	1	第五班	1200米	(40-0)	好地	草地 - "B" 賽道	10	9	劍追聲(B445)	何澤堯	告東尼	120	1043	2	6-1/4	7 7 10	1:11.01	33	-	-	* 1	TT	5	跑馬地	2.7							
2019/12/4	1	第五班	1200米	(40-0)	好地	草地 - "B" 賽道	11	11	中華主將(B298)	蔡明紹	霍利時	118	1161	8	6-1/2	5 6 11	1:11.02	70	-	-	* 1	V-/H1/B2	-	跑馬地	2.7							
2019/12/4	1	第五班	1200米	(40-0)	好地	草地 - "B" 賽道	12	8	獵狐章者(B187)	黎海榮	呂健威	121	1012	1	6-1/2	3 3 12	1:11.04	31	-	-	+ 1	B/TT	5	跑馬地	2.7							
2019/12/4	2	第五班	1650米	(40-0)	好地	草地 - "B" 賽道	1	7	喜悅明駒(A044)	梁家俊	丁冠豪	129	989	2	-	8 8 8 1	1:40.22	10	-	-	+ 1	H/TT	7	跑馬地	2.7	37.5			397.0	120.5	180.0	
2019/12/4	2	第五班	1650米	(40-0)	好地	草地 - "B" 賽道	2	5	金津輝煌(V400)	巴度	苗禮德	130	1169	1	頸位	4 6 5 2	1:40.27	8.3	-	-	+ 1	B	6	跑馬地	2.7		26.0		397.0	120.5		178.5
2019/12/4	2	第五班	1650米	(40-0)	好地	草地 - "B" 賽道	3	11	葵涌老友(A012)	潘頓	高伯新	120	1187	6	3/4	10 11 10 3	1:40.34	12	-	-	* 1	B	7	跑馬地	2.7			35.0			180.0	178.5
2019/12/4	2	第五班	1650米	(40-0)	好地	草地 - "B" 賽道	4	1	話晒事(B239)	莫艾誠	告東尼	133	1006	12	1	1 1 1 4	1:40.40	13	-	-	+ 1	B/TT	-	跑馬地	2.7							
2019/12/4	2	第五班	1650米	(40-0)	好地	草地 - "B" 賽道	5	8	利之喜(A405)	莫雷拉	蘇保羅	126	1195	4	1-3/4	2 2 3 5	1:40.49	4	1st Hot	-	+ 1	B	5	跑馬地	2.7							
2019/12/4	2	第五班	1650米	(40-0)	好地	草地 - "B" 賽道	6	9	堅離地(A235)	田泰安	蘇偉賢	126	1068	7	2-3/4	9 7 6 6	1:40.65	8.4	-	-	1	H/XB/TT	6	跑馬地	2.7							
2019/12/4	2	第五班	1650米	(40-0)	好地	草地 - "B" 賽道	7	2	真跑得(A220)	何澤堯	方嘉柏	133	1094	3	3	7 9 9 7	1:40.71	12	-	-	* 1	TT	5	跑馬地	2.7							
2019/12/4	2	第五班	1650米	(40-0)	好地	草地 - "B" 賽道	8	6	醉開心(B286)	蘇兆輝	葉楚航	130	1100	5	3-1/4	5 5 7 8	1:40.74	5.8	-	-	+ 1	E/TT	5	跑馬地	2.7							
2019/12/4	2	第五班	1650米	(40-0)	好地	草地 - "B" 賽道	9	4	神速寶(A087)	麥道朗	賀賢	130	1143	8	4-1/4	11 10 11 9	1:40.89	5.6	2nd Hot	-	1	B	-	跑馬地	2.7							
2019/12/4	2	第五班	1650米	(40-0)	好地	草地 - "B" 賽道	10	10	小島怡情(T390)	利敬國	文家良	125	1062	11	4-1/2	12 12 12 10	1:40.92	57	-	-	* 1	B	8	跑馬地	2.7							
2019/12/4	2	第五班	1650米	(40-0)	好地	草地 - "B" 賽道	11	3	好醒神(C175)	巫顯東	姚本輝	130	1044	9	5-3/4	3 3 4 11	1:41.15	76	-	-	* 1	B	4	跑馬地	2.7							
2019/12/4	2	第五班	1650米	(40-0)	好地	草地 - "B" 賽道	12	12	不忘初心(B231)	黎海榮	徐雨石	113	1077	10	7-1/2	6 4 2 12	1:41.41	82	-	-	1	H-/PC	5	跑馬地	2.7							
2019/12/4	3	第四班	1200米	(60-40)	好地	草地 - "B" 賽道	1	1	勝感(C324)	莫雅	霍利時	133	1313	2	-	3 3 1	1:10.13	8.7	-	-	+ 1	B	4	跑馬地	2.7	25.5			244.0	80.5	110.0	
2019/12/4	3	第四班	1200米	(60-40)	好地	草地 - "B" 賽道	2	10	馬功臣(A296)	田泰安	蘇偉賢	121	1116	5	1/2	6 5 2	1:10.22	5.2	-	-	+ 1	B/E/TT	6	跑馬地	2.7		18.0		244.0	80.5		77.5
2019/12/4	3	第四班	1200米	(60-40)	好地	草地 - "B" 賽道	3	3	超能量(B294)	巴度	韋達	131	1138	9	1/2	8 7 3	1:10.23	7.8	-	-	* 1	B/XB	5	跑馬地	2.7			27.5			110.0	77.5
2019/12/4	3	第四班	1200米	(60-40)	好地	草地 - "B" 賽道	4	4	壽臣(C326)	麥道朗	約翰摩亞	130	1121	7	3/4	2 1 4	1:10.27	4.7	1st Hot	-	* 1	B	4	跑馬地	2.7							
2019/12/4	3	第四班	1200米	(60-40)	好地	草地 - "B" 賽道	5	2	理想回報(A305)	莫雷拉	沈集成	132	1095	6	1-1/4	7 9 5	1:10.35	9.4	-	-	+ 1	P-/TT	7	跑馬地	2.7							
2019/12/4	3	第四班	1200米	(60-40)	好地	草地 - "B" 賽道	6	11	大運舞台(T256)	梁家俊	鄭俊偉	119	1101	11	1-1/2	11 10 6	1:10.37	101	-	-	* 1	B	9	跑馬地	2.7							
2019/12/4	3	第四班	1200米	(60-40)	好地	草地 - "B" 賽道	7	9	金碧輝煌(T076)	李寶利	丁冠豪	125	1088	12	1-3/4	10 11 7	1:10.43	37	-	-	* 1	B/TT	9	跑馬地	2.7							
2019/12/4	3	第四班	1200米	(60-40)	好地	草地 - "B" 賽道	8	5	怪獸都市(A190)	巫顯東	何良	127	1138	1	3-1/4	1 2 8	1:10.64	12	-	-	* 1	V	6	跑馬地	2.7							
2019/12/4	3	第四班	1200米	(60-40)	好地	草地 - "B" 賽道	9	12	隨我來(B300)	黎海榮	姚本輝	116	1036	4	3-3/4	5 6 9	1:10.75	13	-	-	* 1	TT	5	跑馬地	2.7							
2019/12/4	3	第四班	1200米	(60-40)	好地	草地 - "B" 賽道	10	7	影疾(C466)	利敬國	葉楚航	127	1106	3	4	4 4 10	1:10.79	5.1	2nd Hot	-	* 1	B1/TT	4	跑馬地	2.7							
2019/12/4	3	第四班	1200米	(60-40)	好地	草地 - "B" 賽道	11	6	閃電龍(D077)	何澤堯	羅富全	127	1180	8	7	9 8 11	1:11.25	48	-	-	* 1	 	4	跑馬地	2.7							
2019/12/4	3	第四班	1200米	(60-40)	好地	草地 - "B" 賽道	12	8	龍騰摘星(A294)	莫艾誠	苗禮德	127	1198	10	11	12 12 12	1:11.88	17	-	-	* 1	 	-	跑馬地	2.7							
2019/12/4	4	第四班	1000米	(60-40)	好地	草地 - "B" 賽道	1	7	閃電精靈(D071)	莫雅	告東尼	125	1157	3	-	3 3 1	0:57.10	5	2nd Hot	-	* 1	TT	3	跑馬地	2.7	20.5			176.0	66.5	63.5	
2019/12/4	4	第四班	1000米	(60-40)	好地	草地 - "B" 賽道	2	11	開心好友(B466)	川田將雅	姚本輝	116	1125	4	1-1/2	7 5 2	0:57.36	6.8	-	-	+ * 1	B	4	跑馬地	2.7		22.0		176.0	66.5		50.0
2019/12/4	4	第四班	1000米	(60-40)	好地	草地 - "B" 賽道	3	2	萬眾之力(C329)	田泰安	約翰摩亞	128	1020	5	1-3/4	4 4 3	0:57.37	3.6	1st Hot	-	* 1	 	3	跑馬地	2.7			17.0			63.5	50.0
2019/12/4	4	第四班	1000米	(60-40)	好地	草地 - "B" 賽道	4	12	哈蝦王旺(B381)	何澤堯	高伯新	116	1162	7	2	9 8 4	0:57.41	30	-	-	* 1	B/TT	5	跑馬地	2.7							
2019/12/4	4	第四班	1000米	(60-40)	好地	草地 - "B" 賽道	5	4	好甜橙(A300)	蘇兆輝	徐雨石	126	1124	10	2	1 2 5	0:57.42	6.5	-	-	* 1	V	5	跑馬地	2.7							
2019/12/4	4	第四班	1000米	(60-40)	好地	草地 - "B" 賽道	6	10	超額認購(C361)	莫艾誠	賀賢	121	1128	11	2-1/2	12 12 6	0:57.50	127	-	-	1	H/XB1	4	跑馬地	2.7							
2019/12/4	4	第四班	1000米	(60-40)	好地	草地 - "B" 賽道	7	8	佳景福星(C454)	麥道朗	葉楚航	125	1175	12	3	6 7 7	0:57.57	10	-	-	1	XB	3	跑馬地	2.7							
2019/12/4	4	第四班	1000米	(60-40)	好地	草地 - "B" 賽道	8	1	清福(A364)	布達德	文家良	133	1237	6	3-1/4	5 6 8	0:57.62	18	-	-	* 1	 	6	跑馬地	2.7							
2019/12/4	4	第四班	1000米	(60-40)	好地	草地 - "B" 賽道	9	6	愛添勝(B362)	潘頓	何良	125	1111	9	4	10 10 9	0:57.75	8.8	-	-	* 1	XB/CP1	5	跑馬地	2.7							
2019/12/4	4	第四班	1000米	(60-40)	好地	草地 - "B" 賽道	10	5	慣勝積極(A345)	簡國能	丁冠豪	125	1099	1	5-3/4	8 9 10	0:58.00	70	-	-	1	 	6	跑馬地	2.7							
2019/12/4	4	第四班	1000米	(60-40)	好地	草地 - "B" 賽道	11	9	雙節棍(C357)	戴圖理	方嘉柏	125	1024	2	6	11 11 11	0:58.05	38	-	-	+ 1	TT1	5	跑馬地	2.7							
2019/12/4	4	第四班	1000米	(60-40)	好地	草地 - "B" 賽道	PU	3	龍城勝將(B178)	莫雷拉	苗禮德	128	1093	8	---	2 1	---	10	-	-	+ 1	 	-	跑馬地	2.7							
2019/12/4	5	第四班	1650米	(60-40)	好地	草地 - "B" 賽道	1	7	夢幻戰士(C280)	田泰安	告東尼	130	1115	1	-	5 4 3 1	1:40.59	4	2nd Hot	-	+ 1	CP/H/TT	4	跑馬地	2.7	18.5			258.5	95.5	172.5	
2019/12/4	5	第四班	1650米	(60-40)	好地	草地 - "B" 賽道	2	10	其利斷金(B426)	莫雷拉	葉楚航	122	1091	11	短馬頭位	2 2 2 2	1:40.61	12	-	-	* 1	B1	4	跑馬地	2.7		35.0		258.5	95.5		274.0
2019/12/4	5	第四班	1650米	(60-40)	好地	草地 - "B" 賽道	3	2	雷公鑿(V279)	潘頓	徐雨石	133	1225	12	1/2	1 1 1 3	1:40.68	16	-	-	1	B-	7	跑馬地	2.7			63.0			172.5	274.0
2019/12/4	5	第四班	1650米	(60-40)	好地	草地 - "B" 賽道	4	6	偉大勝利(C048)	川田將雅	韋達	131	1052	9	3/4	12 12 12 4	1:40.72	7	-	-	1	XB	6	跑馬地	2.7							
2019/12/4	5	第四班	1650米	(60-40)	好地	草地 - "B" 賽道	5	4	友誼之星(V379)	戴圖理	蘇保羅	132	1171	3	1	7 7 8 5	1:40.77	17	-	-	* 1	B	7	跑馬地	2.7							
2019/12/4	5	第四班	1650米	(60-40)	好地	草地 - "B" 賽道	6	8	永益善(B003)	布達德	沈集成	129	1101	4	1-1/4	3 5 5 6	1:40.79	11	-	-	1	B	6	跑馬地	2.7							
2019/12/4	5	第四班	1650米	(60-40)	好地	草地 - "B" 賽道	7	9	鑽飾神聖(A419)	莫雅	苗禮德	127	1204	8	1-1/2	10 11 11 7	1:40.82	3.7	1st Hot	-	1	 	6	跑馬地	2.7							
2019/12/4	5	第四班	1650米	(60-40)	好地	草地 - "B" 賽道	8	1	放眼量(A140)	莫艾誠	何良	133	1049	10	2	11 10 10 8	1:40.89	26	-	-	+ 1	CP/H	6	跑馬地	2.7							
2019/12/4	5	第四班	1650米	(60-40)	好地	草地 - "B" 賽道	9	12	馬驕雄(B455)	何澤堯	蘇偉賢	118	938	5	2-1/4	9 8 9 9	1:40.95	94	-	-	1	 	5	跑馬地	2.7							
2019/12/4	5	第四班	1650米	(60-40)	好地	草地 - "B" 賽道	10	3	一舖成名(B162)	簡國能	羅富全	132	1138	7	3-1/4	4 3 4 10	1:41.12	13	-	-	* 1	B/TT	5	跑馬地	2.7							
2019/12/4	5	第四班	1650米	(60-40)	好地	草地 - "B" 賽道	11	5	活力飛彈(B322)	麥道朗	約翰摩亞	131	1179	2	5-1/4	6 6 6 11	1:41.43	9.8	-	-	+ 1	CP-/B2	-	跑馬地	2.7							
2019/12/4	5	第四班	1650米	(60-40)	好地	草地 - "B" 賽道	12	11	飛雲騅(B274)	蘇兆輝	方嘉柏	119	1100	6	8-1/2	8 9 7 12	1:41.97	30	-	-	1	TT	5	跑馬地	2.7							
2019/12/4	6	第四班	1650米	(60-40)	好地	草地 - "B" 賽道	1	3	湛江最醒(B406)	潘頓	蘇偉賢	132	1042	2	-	6 6 6 1	1:40.04	3.2	2nd Hot	-	+ 1	TT	5	跑馬地	2.7	14.5			49.5	21.5	72.5	
2019/12/4	6	第四班	1650米	(60-40)	好地	草地 - "B" 賽道	2	2	水箭龜(C450)	莫雅	霍利時	132	1046	4	3/4	4 4 4 2	1:40.16	2.5	1st Hot	-	1	 	4	跑馬地	2.7		12.5		49.5	21.5		60.5
2019/12/4	6	第四班	1650米	(60-40)	好地	草地 - "B" 賽道	3	4	靚紫荊(A135)	巴度	徐雨石	131	1042	3	1	9 10 8 3	1:40.20	14	-	-	+ 1	B2	7	跑馬地	2.7			33.0			72.5	60.5
2019/12/4	6	第四班	1650米	(60-40)	好地	草地 - "B" 賽道	4	12	塑料喜(T326)	利敬國	丁冠豪	115	1088	12	1-1/4	2 2 2 4	1:40.25	20	-	-	* 1	B	7	跑馬地	2.7							
2019/12/4	6	第四班	1650米	(60-40)	好地	草地 - "B" 賽道	5	1	紅粉彩影(C284)	希威森	韋達	133	1061	11	1-1/2	11 11 11 5	1:40.30	23	-	-	1	XB	5	跑馬地	2.7							
2019/12/4	6	第四班	1650米	(60-40)	好地	草地 - "B" 賽道	6	5	深愛(A088)	莫雷拉	葉楚航	126	1055	10	2-3/4	5 7 7 6	1:40.47	27	-	-	* 1	 	6	跑馬地	2.7							
2019/12/4	6	第四班	1650米	(60-40)	好地	草地 - "B" 賽道	7	11	金剛仔(S146)	李寶利	鄭俊偉	119	1077	5	3-1/4	7 9 9 7	1:40.56	51	-	-	+ 1	B-/TT	-	跑馬地	2.7							
2019/12/4	6	第四班	1650米	(60-40)	好地	草地 - "B" 賽道	8	8	陽明亮亮(A359)	何澤堯	呂健威	123	1028	7	3-1/2	8 5 1 8	1:40.60	15	-	-	* 1	 	6	跑馬地	2.7							
2019/12/4	6	第四班	1650米	(60-40)	好地	草地 - "B" 賽道	9	7	舉世無雙(A310)	梁家俊	高伯新	123	1162	1	4-1/4	3 3 5 9	1:40.71	27	-	-	+ 1	B/H	6	跑馬地	2.7							
2019/12/4	6	第四班	1650米	(60-40)	好地	草地 - "B" 賽道	10	9	總統之星(C170)	蔡明紹	沈集成	120	1050	6	4-1/4	1 1 3 10	1:40.71	23	-	-	+ 1	B/TT	4	跑馬地	2.7							
2019/12/4	6	第四班	1650米	(60-40)	好地	草地 - "B" 賽道	11	6	捉金皇(B460)	田泰安	方嘉柏	124	1113	8	8	10 8 10 11	1:41.31	7.4	-	-	1	P-/H/PC1	4	跑馬地	2.7							
2019/12/4	6	第四班	1650米	(60-40)	好地	草地 - "B" 賽道	12	10	友瑩利(C310)	沈拿	蘇保羅	119	1245	9	8	12 12 12 12	1:41.31	129	-	-	1	B1	4	跑馬地	2.7							
2019/12/4	7	第三班	1650米	(80-60)	好地	草地 - "B" 賽道	1	4	勤德兼備(A071)	簡國能	賀賢	128	1092	10	-	12 12 11 1	1:39.30	8.5	-	-	+ 1	B	7	跑馬地	2.7	28.0			301.0	101.5	65.0	
2019/12/4	7	第三班	1650米	(80-60)	好地	草地 - "B" 賽道	2	8	盛大光輝(C121)	莫雅	何良	123	1135	2	1/2	1 1 1 2	1:39.39	5.9	2nd Hot	-	+ 1	 	5	跑馬地	2.7		23.5		301.0	101.5		41.5
2019/12/4	7	第三班	1650米	(80-60)	好地	草地 - "B" 賽道	3	2	噴火龍(B463)	莫艾誠	霍利時	129	1019	6	1-1/4	6 6 6 3	1:39.51	3.9	1st Hot	-	+ 1	TT	5	跑馬地	2.7			16.5			65.0	41.5
2019/12/4	7	第三班	1650米	(80-60)	好地	草地 - "B" 賽道	4	5	太陽威威(C111)	麥道朗	羅富全	128	1036	5	2-1/4	2 2 2 4	1:39.64	9.1	-	-	* 1	 	4	跑馬地	2.7							
2019/12/4	7	第三班	1650米	(80-60)	好地	草地 - "B" 賽道	5	12	八太子(A426)	蘇兆輝	沈集成	116	1068	4	2-3/4	4 3 4 5	1:39.72	11	-	-	* 1	B/TT	6	跑馬地	2.7							
2019/12/4	7	第三班	1650米	(80-60)	好地	草地 - "B" 賽道	6	9	旅遊首席(T098)	川田將雅	鄭俊偉	120	1208	8	3	10 9 10 6	1:39.78	97	-	-	* 1	B/TT	9	跑馬地	2.7							
2019/12/4	7	第三班	1650米	(80-60)	好地	草地 - "B" 賽道	7	11	快利寶(A320)	田泰安	高伯新	117	1097	1	3-1/4	5 5 3 7	1:39.83	9.8	-	-	* 1	B/H/TT	6	跑馬地	2.7							
2019/12/4	7	第三班	1650米	(80-60)	好地	草地 - "B" 賽道	8	10	榮冠大道(V378)	莫雷拉	葉楚航	119	1187	3	4-1/2	8 7 7 8	1:40.01	9.7	-	-	* 1	V	7	跑馬地	2.7							
2019/12/4	7	第三班	1650米	(80-60)	好地	草地 - "B" 賽道	9	1	劍追風(B261)	何澤堯	約翰摩亞	133	1142	11	6-1/4	9 10 9 9	1:40.31	10	-	-	* 1	TT	6	跑馬地	2.7							
2019/12/4	7	第三班	1650米	(80-60)	好地	草地 - "B" 賽道	10	3	家家成功(D069)	潘頓	徐雨石	129	1186	7	18-1/2	7 8 8 10	1:42.26	106	-	-	+ 1	B/TT	4	跑馬地	2.7							
2019/12/4	7	第三班	1650米	(80-60)	好地	草地 - "B" 賽道	11	6	美麗日子(B076)	布達德	容天鵬	126	1155	9	20-3/4	3 4 5 11	1:42.61	11	-	-	+ 1	B/H	6	跑馬地	2.7							
2019/12/4	7	第三班	1650米	(80-60)	好地	草地 - "B" 賽道	12	7	巴基之友(B370)	戴圖理	蘇保羅	125	1065	12	45	11 11 12 12	1:46.50	15	-	-	* 1	B/TT	5	跑馬地	2.7							
2019/12/4	8	第二班	1800米	(100-80)	好地	草地 - "B" 賽道	1	12	龍鼓飛揚(C120)	何澤堯	苗禮德	117	1132	4	-	8 8 8 7 1	1:49.02	4.2	2nd Hot	-	1	XB	5	跑馬地	2.7	16.0			579.5	173.5	30.5	
2019/12/4	8	第二班	1800米	(100-80)	好地	草地 - "B" 賽道	2	11	星運明爵(C431)	蘇兆輝	方嘉柏	119	1097	12	短馬頭位	1 1 1 1 2	1:49.05	27	-	-	1	XB	4	跑馬地	2.7		62.0		579.5	173.5		138.5
2019/12/4	8	第二班	1800米	(100-80)	好地	草地 - "B" 賽道	3	10	轉數高(C007)	田泰安	賀賢	119	1190	10	2-1/4	12 12 12 11 3	1:49.36	2.5	1st Hot	-	1	B/XB	5	跑馬地	2.7			14.0			30.5	138.5
2019/12/4	8	第二班	1800米	(100-80)	好地	草地 - "B" 賽道	4	8	軍民歡(B208)	莫艾誠	韋達	122	1054	9	3	6 4 4 3 4	1:49.50	55	-	-	* 1	CP-/B1	6	跑馬地	2.7							
2019/12/4	8	第二班	1800米	(100-80)	好地	草地 - "B" 賽道	5	9	勇敢傳說(A260)	潘頓	告東尼	121	1189	7	3	7 6 6 5 5	1:49.52	21	-	-	* 1	B/TT	6	跑馬地	2.7							
2019/12/4	8	第二班	1800米	(100-80)	好地	草地 - "B" 賽道	6	3	都靈紅星(B092)	莫雷拉	何良	132	1150	5	3-1/4	4 5 5 6 6	1:49.56	19	-	-	1	CP/TT	6	跑馬地	2.7							
2019/12/4	8	第二班	1800米	(100-80)	好地	草地 - "B" 賽道	7	4	逍遙自在(B210)	簡國能	羅富全	130	1132	3	4-1/4	5 7 7 8 7	1:49.71	38	-	-	* 1	 	6	跑馬地	2.7							
2019/12/4	8	第二班	1800米	(100-80)	好地	草地 - "B" 賽道	8	7	邊個邊個(B412)	布達德	蔡約翰	125	1035	11	5	10 9 10 10 8	1:49.84	55	-	-	* 1	TT	5	跑馬地	2.7							
2019/12/4	8	第二班	1800米	(100-80)	好地	草地 - "B" 賽道	9	1	綠色有運(B413)	川田將雅	方嘉柏	133	1082	2	5-1/4	9 10 9 9 9	1:49.84	11	-	-	2	B/H	5	跑馬地	2.7							
2019/12/4	8	第二班	1800米	(100-80)	好地	草地 - "B" 賽道	10	2	喜蓮彩星(A129)	麥道朗	約翰摩亞	133	1100	6	5-3/4	11 11 11 12 10	1:49.93	9.7	-	-	* 1	B/TT	7	跑馬地	2.7							
2019/12/4	8	第二班	1800米	(100-80)	好地	草地 - "B" 賽道	11	6	合拍威龍(B099)	戴圖理	約翰摩亞	125	1162	8	6-1/4	3 2 2 2 11	1:50.04	9	-	-	2	H	6	跑馬地	2.7							
2019/12/4	8	第二班	1800米	(100-80)	好地	草地 - "B" 賽道	12	5	佳騰駒(B160)	莫雅	羅富全	128	1196	1	17	2 3 3 4 12	1:51.73	12	-	-	2	H/TT	-	跑馬地	2.7							
2019/12/4	9	第三班	1200米	(80-60)	好地	草地 - "B" 賽道	1	6	舞士精神(C180)	莫雷拉	方嘉柏	123	1140	10	-	3 2 1	1:09.63	4.3	-	-	+ 1	SR/TT	4	跑馬地	2.7	15.5			479.0	161.5	26.5	
2019/12/4	9	第三班	1200米	(80-60)	好地	草地 - "B" 賽道	2	7	奇妙星(D068)	田泰安	韋達	122	1144	2	1-1/4	2 3 2	1:09.84	28	-	-	+ 1	 	4	跑馬地	2.7		64.0		479.0	161.5		162.5
2019/12/4	9	第三班	1200米	(80-60)	好地	草地 - "B" 賽道	3	1	永同歡欣(C232)	潘頓	容天鵬	133	1079	1	1-1/2	6 5 3	1:09.87	3	1st Hot	-	+ 1	 	5	跑馬地	2.7			14.5			26.5	162.5
2019/12/4	9	第三班	1200米	(80-60)	好地	草地 - "B" 賽道	4	9	盡開顏(A317)	何澤堯	文家良	122	1040	9	2-1/2	10 8 4	1:10.02	10	-	-	* 1	TT	-	跑馬地	2.7							
2019/12/4	9	第三班	1200米	(80-60)	好地	草地 - "B" 賽道	5	5	南莊之歌(C480)	莫雅	沈集成	124	1213	5	3-1/4	5 6 5	1:10.17	3.7	2nd Hot	-	* 1	H1/TT	4	跑馬地	2.7							
2019/12/4	9	第三班	1200米	(80-60)	好地	草地 - "B" 賽道	6	12	育馬新星(C162)	蔡明紹	鄭俊偉	114	1071	4	3-3/4	4 4 6	1:10.23	52	-	-	+ 1	CP-/H1	5	跑馬地	2.7							
2019/12/4	9	第三班	1200米	(80-60)	好地	草地 - "B" 賽道	7	11	愛馬劍(B013)	利敬國	丁冠豪	115	1023	6	3-3/4	8 7 7	1:10.24	11	-	-	+ 1	TT	6	跑馬地	2.7							
2019/12/4	9	第三班	1200米	(80-60)	好地	草地 - "B" 賽道	8	4	各取所需(C474)	麥道朗	約翰摩亞	125	1052	11	4	7 9 8	1:10.29	19	-	-	+ * 1	B	4	跑馬地	2.7							
2019/12/4	9	第三班	1200米	(80-60)	好地	草地 - "B" 賽道	9	8	美麗躍動(C318)	莫艾誠	羅富全	122	1129	12	4-3/4	9 10 9	1:10.38	104	-	-	+ 1	B/TT	4	跑馬地	2.7							
2019/12/4	9	第三班	1200米	(80-60)	好地	草地 - "B" 賽道	10	3	鼓浪順風(D040)	巴度	姚本輝	125	1184	8	5-1/4	1 1 10	1:10.47	13	-	-	+ * 1	TT1	4	跑馬地	2.7							
2019/12/4	9	第三班	1200米	(80-60)	好地	草地 - "B" 賽道	11	2	路路富貴(C442)	黎海榮	何良	127	1013	7	8	12 12 11	1:10.91	288	-	-	* 1	H1	4	跑馬地	2.7							
2019/12/4	9	第三班	1200米	(80-60)	好地	草地 - "B" 賽道	12	10	萬利高(V396)	蘇狄雄	蘇保羅	115	1107	3	11-1/2	11 11 12	1:11.48	57	-	-	* 1	B	7	跑馬地	2.7							
2019/12/8	1	第四班	1400米	(60-40)	好地	草地 - "A" 賽道	1	7	三生好運(C359)	莫雷拉	羅富全	128	1060	10	-	6 5 5 1	1:22.11	6.7	-	-	+ 1	 	5	沙田	2.7	22.5			259.0	81.5	844.5	
2019/12/8	1	第四班	1400米	(60-40)	好地	草地 - "A" 賽道	2	13	爆騷(A207)	黎海榮	徐雨石	116	1094	5	短馬頭位	14 14 13 2	1:22.11	5.3	2nd Hot	Big(PQ)	+ 1	 	5	沙田	2.7		17.0		259.0	81.5		648.5
2019/12/8	1	第四班	1400米	(60-40)	好地	草地 - "A" 賽道	3	10	打鐵趁熱(C133)	蔡明紹	葉楚航	117	1075	3	頭位	2 4 3 3	1:22.14	92	-	-	* 1	 	4	沙田	2.7			200.5			844.5	648.5
2019/12/8	1	第四班	1400米	(60-40)	好地	草地 - "A" 賽道	4	1	綠尚飛馳(B258)	利敬國	姚本輝	133	1185	6	頸位	10 10 9 4	1:22.17	3.4	1st Hot	-	+ 1	CP/TT	5	沙田	2.7							
2019/12/8	1	第四班	1400米	(60-40)	好地	草地 - "A" 賽道	5	8	特醒(C060)	莫艾誠	韋達	127	1155	1	1/2	8 9 7 5	1:22.18	8.8	-	-	+ 1	B/XB	5	沙田	2.7							
2019/12/8	1	第四班	1400米	(60-40)	好地	草地 - "A" 賽道	6	4	神龍駒(B108)	田泰安	告東尼	131	1074	13	1-1/2	12 13 14 6	1:22.36	8.8	-	W P Big(PQ)	+ 1	H/TT	5	沙田	2.7							
2019/12/8	1	第四班	1400米	(60-40)	好地	草地 - "A" 賽道	7	11	輝煌巨星(C046)	巴度	蘇保羅	117	1070	8	1-3/4	13 11 11 7	1:22.40	44	-	-	+ 1	 	5	沙田	2.7							
2019/12/8	1	第四班	1400米	(60-40)	好地	草地 - "A" 賽道	8	2	醒目再臨(A314)	李慕華	蘇偉賢	133	1157	14	2	11 12 12 8	1:22.41	29	-	-	+ 1	B/H/TT	6	沙田	2.7							
2019/12/8	1	第四班	1400米	(60-40)	好地	草地 - "A" 賽道	9	6	陽光大地(A130)	陳嘉熙	高伯新	118	1084	9	2-1/2	9 7 8 9	1:22.50	11	-	-	+ 1	B	6	沙田	2.7							
2019/12/8	1	第四班	1400米	(60-40)	好地	草地 - "A" 賽道	10	5	喜勝駒(B167)	蘇兆輝	方嘉柏	129	1082	11	4-1/4	5 6 6 10	1:22.79	30	-	-	+ 1	TT	5	沙田	2.7							
2019/12/8	1	第四班	1400米	(60-40)	好地	草地 - "A" 賽道	11	3	皆旺財(C278)	潘頓	沈集成	132	1123	12	5	4 2 2 11	1:22.92	7.7	-	-	+ 1	B1/TT	4	沙田	2.7							
2019/12/8	1	第四班	1400米	(60-40)	好地	草地 - "A" 賽道	12	14	太陽多多(C171)	梁家俊	文家良	116	1114	4	7-1/4	7 8 10 12	1:23.28	69	-	-	* 1	B/TT	4	沙田	2.7							
2019/12/8	1	第四班	1400米	(60-40)	好地	草地 - "A" 賽道	13	12	喜氣綿綿(C236)	潘明輝	丁冠豪	114	1062	2	7-1/2	3 3 4 13	1:23.30	69	-	-	* 1	H/B1	4	沙田	2.7							
2019/12/8	1	第四班	1400米	(60-40)	好地	草地 - "A" 賽道	14	9	勝利紅星(D031)	李寶利	蔡約翰	127	1201	7	16	1 1 1 14	1:24.65	158	-	-	* 1	B1	3	沙田	2.7							
2019/12/8	2	第三班	1800米	(80-55)	好地	草地 - "A" 賽道	1	1	得勝駒(B112)	巴度	韋達	133	1112	6	-	1 1 1 1 1	1:47.66	34	-	-	1	B/XB	5	沙田	2.7	88.5			1443.0	423.5	2100.0	
2019/12/8	2	第三班	1800米	(80-55)	好地	草地 - "A" 賽道	2	9	全民佳知(C288)	何澤堯	姚本輝	122	1116	4	頸位	5 3 3 5 2	1:47.72	7.5	-	-	* 1	XB/B1	4	沙田	2.7		30.0		1443.0	423.5		940.5
2019/12/8	2	第三班	1800米	(80-55)	好地	草地 - "A" 賽道	3	13	金如意(A172)	梁家俊	蘇保羅	117	1075	7	2-1/4	4 5 7 6 3	1:48.02	86	-	-	1	 	7	沙田	2.7			147.5			2100.0	940.5
2019/12/8	2	第三班	1800米	(80-55)	好地	草地 - "A" 賽道	4	5	全才(B213)	莫雷拉	羅富全	131	1062	5	3-1/4	11 12 13 13 4	1:48.16	13	-	-	1	B/TT	6	沙田	2.7							
2019/12/8	2	第三班	1800米	(80-55)	好地	草地 - "A" 賽道	5	10	狂舞派(B404)	蔡明紹	容天鵬	121	1057	12	3-1/2	3 2 2 3 5	1:48.20	7.9	-	-	1	 	5	沙田	2.7							
2019/12/8	2	第三班	1800米	(80-55)	好地	草地 - "A" 賽道	6	2	神亮金剛(C029)	李寶利	葉楚航	133	1051	8	3-1/2	8 8 10 8 6	1:48.22	15	-	-	1	 	5	沙田	2.7							
2019/12/8	2	第三班	1800米	(80-55)	好地	草地 - "A" 賽道	7	11	家家勝意(C510)	莫艾誠	鄭俊偉	121	1069	9	4-1/2	7 7 6 4 7	1:48.38	172	-	-	+ * 1	B-	4	沙田	2.7							
2019/12/8	2	第三班	1800米	(80-55)	好地	草地 - "A" 賽道	8	6	天外天(B435)	麥道朗	約翰摩亞	125	1067	3	5	12 10 8 9 8	1:48.44	4.3	1st Hot	-	* 1	B/TT	4	沙田	2.7							
2019/12/8	2	第三班	1800米	(80-55)	好地	草地 - "A" 賽道	9	3	蒙古王(A098)	李慕華	徐雨石	132	1119	2	5-1/4	9 11 12 12 9	1:48.48	18	-	-	+ 1	 	7	沙田	2.7							
2019/12/8	2	第三班	1800米	(80-55)	好地	草地 - "A" 賽道	10	14	福多寶(B026)	潘明輝	賀賢	111	1102	10	5-1/4	13 13 11 11 10	1:48.51	14	-	-	+ 1	B	5	沙田	2.7							
2019/12/8	2	第三班	1800米	(80-55)	好地	草地 - "A" 賽道	11	8	我𢥧意(C038)	潘頓	蘇偉賢	122	1104	11	6	2 4 4 2 11	1:48.63	5.1	2nd Hot	-	+ 1	B-/H-/V1/TT	5	沙田	2.7							
2019/12/8	2	第三班	1800米	(80-55)	好地	草地 - "A" 賽道	12	12	翡翠福星(V020)	蘇兆輝	文家良	121	1108	1	6-1/4	6 6 5 10 12	1:48.64	130	-	-	+ 1	B	7	沙田	2.7							
2019/12/8	2	第三班	1800米	(80-55)	好地	草地 - "A" 賽道	13	7	睡眠攻略(C493)	田泰安	霍利時	123	1125	14	6-1/4	10 9 9 7 13	1:48.67	45	-	-	+ 1	SR	4	沙田	2.7							
2019/12/8	2	第三班	1800米	(80-55)	好地	草地 - "A" 賽道	14	4	悅裕(B189)	戴圖理	告東尼	131	1194	13	7-1/4	14 14 14 14 14	1:48.80	5.2	-	-	+ 1	B/TT	5	沙田	2.7							
2019/12/8	3	第三班	1200米	(80-60)	好地	草地 - "A" 賽道	1	4	美麗掌聲(C228)	莫雷拉	蔡約翰	127	1154	10	-	2 2 1	1:09.02	3.1	1st Hot	-	* 1	TT	4	沙田	2.7	15.0			159.5	60.0	130.5	
2019/12/8	3	第三班	1200米	(80-60)	好地	草地 - "A" 賽道	2	11	聚才(D108)	巴度	韋達	121	1203	3	頸位	9 8 2	1:09.08	6.5	-	-	* 1	 	4	沙田	2.7		25.5		159.5	60.0		241.0
2019/12/8	3	第三班	1200米	(80-60)	好地	草地 - "A" 賽道	3	13	閃耀榮光(B372)	梁家俊	容天鵬	116	1167	9	1	3 3 3	1:09.20	27	-	-	+ 1	CP/TT	5	沙田	2.7			58.5			130.5	241.0
2019/12/8	3	第三班	1200米	(80-60)	好地	草地 - "A" 賽道	4	3	以戰養戰(D024)	布文	羅富全	127	1150	1	1-1/4	8 7 4	1:09.23	18	-	-	+ 1	 	4	沙田	2.7							
2019/12/8	3	第三班	1200米	(80-60)	好地	草地 - "A" 賽道	5	14	路路之星(C031)	田泰安	葉楚航	114	1159	11	2-1/2	1 1 5	1:09.42	5.3	-	-	+ 1	CP	5	沙田	2.7							
2019/12/8	3	第三班	1200米	(80-60)	好地	草地 - "A" 賽道	6	2	勞動創造(C138)	黎海榮	沈集成	130	1060	5	3	14 14 6	1:09.49	33	-	-	+ 1	B/TT	4	沙田	2.7							
2019/12/8	3	第三班	1200米	(80-60)	好地	草地 - "A" 賽道	7	10	英之星(C058)	利敬國	姚本輝	122	1135	13	3-1/4	10 12 7	1:09.53	4.5	2nd Hot	-	+ 1	CP	4	沙田	2.7							
2019/12/8	3	第三班	1200米	(80-60)	好地	草地 - "A" 賽道	8	9	印水紙(D043)	李慕華	高伯新	123	1137	14	3-3/4	6 6 8	1:09.62	55	-	-	+ 1	H-	4	沙田	2.7							
2019/12/8	3	第三班	1200米	(80-60)	好地	草地 - "A" 賽道	9	12	大當家(B145)	潘明輝	蘇偉賢	113	1072	2	3-3/4	5 5 9	1:09.62	238	-	-	* 1	TT	5	沙田	2.7							
2019/12/8	3	第三班	1200米	(80-60)	好地	草地 - "A" 賽道	10	8	高明駿將(C511)	何澤堯	呂健威	124	1054	7	4-1/2	13 11 10	1:09.73	11	-	-	+ 1	B/H	4	沙田	2.7							
2019/12/8	3	第三班	1200米	(80-60)	好地	草地 - "A" 賽道	11	6	運來福星(C473)	希威森	徐雨石	125	1017	8	5-1/4	7 9 11	1:09.85	88	-	-	* 1	 	4	沙田	2.7							
2019/12/8	3	第三班	1200米	(80-60)	好地	草地 - "A" 賽道	12	5	淺草飛(C477)	史卓豐	丁冠豪	127	1158	6	6-1/4	12 13 12	1:10.02	68	-	-	* 1	 	4	沙田	2.7							
2019/12/8	3	第三班	1200米	(80-60)	好地	草地 - "A" 賽道	13	1	怡威(C496)	李寶利	霍利時	131	1029	4	7-1/4	11 10 13	1:10.17	311	-	-	* 1	TT	5	沙田	2.7							
2019/12/8	3	第三班	1200米	(80-60)	好地	草地 - "A" 賽道	14	7	駿皇星(D144)	麥道朗	約翰摩亞	125	1084	12	10-3/4	4 4 14	1:10.76	15	-	-	+ 1	XB1	4	沙田	2.7							
2019/12/8	4	國際一級賽	2400米 		好地	草地 - "A" 賽道	3	1	時時精綵(B101)	潘頓	告東尼	126	1075	14	3-3/4	1 1 1 1 1 3	2:25.36	1.8	1st Hot	-		XB/TT	6	沙田	2.7			11.0			34.5	39.5
2019/12/8	4	國際一級賽	2400米 		好地	草地 - "A" 賽道	6	9	好好瑪(B318)	何澤堯	賀賢	126	1048	5	7-1/4	11 10 12 13 11 6	2:25.93	39	-	-		B1	5	沙田	2.7							
2019/12/8	4	國際一級賽	2400米 		好地	草地 - "A" 賽道	8	4	川河尊駒(A252)	沈拿	方嘉柏	126	1174	9	10-1/2	4 3 3 3 2 8	2:26.45	28	-	-		V	7	沙田	2.7							
2019/12/8	4	國際一級賽	2400米 		好地	草地 - "A" 賽道	10	8	鷹雄(A093)	麥道朗	約翰摩亞	126	1080	3	12-3/4	14 12 13 12 13 10	2:26.80	49	-	-		B/TT	7	沙田	2.7							
2019/12/8	5	國際一級賽	1200米 		好地	草地 - "A" 賽道	1	1	爭分奪秒(V397)	莫雷拉	蔡約翰	126	1135	3	-	6 6 1	1:08.12	6.5	-	-		TT	6	沙田	2.7	14.5			146.0	38.5	20.5	
2019/12/8	5	國際一級賽	1200米 		好地	草地 - "A" 賽道	2	4	旺蝦王(A299)	田泰安	蔡約翰	126	1231	1	頸位	3 3 2	1:08.17	5.2	2nd Hot	-		 	5	沙田	2.7		16.5		146.0	38.5		24.0
2019/12/8	5	國際一級賽	1200米 		好地	草地 - "A" 賽道	3	14	忠心勇士(C336)	潘頓	約翰摩亞	117	1250	8	頸位	1 1 3	1:08.18	1.5	1st Hot	-		 	3	沙田	2.7			11.0			20.5	24.0
2019/12/8	5	國際一級賽	1200米 		好地	草地 - "A" 賽道	4	3	紅衣醒神(V153)	布文	羅富全	126	1112	2	3/4	2 2 4	1:08.26	24	-	-		 	7	沙田	2.7							
2019/12/8	5	國際一級賽	1200米 		好地	草地 - "A" 賽道	5	11	美麗滿載(C003)	何澤堯	蔡約翰	126	1153	4	1-1/4	8 8 5	1:08.32	23	-	-		 	5	沙田	2.7							
2019/12/8	5	國際一級賽	1200米 		好地	草地 - "A" 賽道	6	9	有理共想(B180)	蘇銘倫	高伯新	126	1197	7	1-1/2	10 9 6	1:08.35	131	-	-		B	6	沙田	2.7							
2019/12/8	5	國際一級賽	1200米 		好地	草地 - "A" 賽道	7	2	翩翩(V344)	莫雅	蔡約翰	126	1171	11	2	11 11 7	1:08.43	54	-	-		 	7	沙田	2.7							
2019/12/8	5	國際一級賽	1200米 		好地	草地 - "A" 賽道	9	10	四季旺(V410)	利敬國	沈集成	126	1051	12	3-1/4	12 12 9	1:08.65	26	-	-		TT	-	沙田	2.7							
2019/12/8	5	國際一級賽	1200米 		好地	草地 - "A" 賽道	10	5	大籐王(A061)	史卓豐	高伯新	126	1152	5	3-3/4	5 4 10	1:08.71	48	-	-		B	6	沙田	2.7							
2019/12/8	5	國際一級賽	1200米 		好地	草地 - "A" 賽道	11	8	天下為攻(A257)	沈拿	蔡約翰	126	1082	9	5	7 7 11	1:08.90	250	-	-		TT	-	沙田	2.7							
2019/12/8	5	國際一級賽	1200米 		好地	草地 - "A" 賽道	12	12	帝豪福星(B348)	蘇兆輝	沈集成	126	1119	10	6-1/2	4 5 12	1:09.17	98	-	-		TT	4	沙田	2.7							
2019/12/8	5	國際一級賽	1200米 		好地	草地 - "A" 賽道		6	小巨人(V342)	麥道朗	賀賢	126	---	---	---	---	---	---	-	-	-	-	-	沙田	2.7							
2019/12/8	6	第三班	1400米	(80-60)	好地	草地 - "A" 賽道	1	7	元朗之星(C303)	何澤堯	文家良	128	1107	9	-	4 4 3 1	1:21.33	8.5	-	-	+ 1	 	4	沙田	2.7	26.5			174.5	63.0	54.0	
2019/12/8	6	第三班	1400米	(80-60)	好地	草地 - "A" 賽道	2	9	不羈的風(B271)	麥道朗	約翰摩亞	124	1040	6	1-1/4	10 10 7 2	1:21.55	4.2	2nd Hot	-	+ 1	B/TT	6	沙田	2.7		17.0		174.5	63.0		36.5
2019/12/8	6	第三班	1400米	(80-60)	好地	草地 - "A" 賽道	3	2	超新星(B380)	莫雷拉	苗禮德	133	1079	7	1-1/2	12 12 8 3	1:21.57	4	1st Hot	-	+ 1	 	5	沙田	2.7			17.5			54.0	36.5
2019/12/8	6	第三班	1400米	(80-60)	好地	草地 - "A" 賽道	4	5	魅影揚飛(A354)	連達文	姚本輝	128	1230	11	1-1/2	7 7 6 4	1:21.59	36	-	-	* 1	B	5	沙田	2.7							
2019/12/8	6	第三班	1400米	(80-60)	好地	草地 - "A" 賽道	5	6	紀利雄星(C041)	紀仁安	沈集成	128	1256	2	2-1/4	5 5 4 5	1:21.70	9.4	-	-	* 1	B	4	沙田	2.7							
2019/12/8	6	第三班	1400米	(80-60)	好地	草地 - "A" 賽道	6	11	忠心美麗(B383)	田泰安	告東尼	121	1107	13	3-1/4	1 1 1 6	1:21.86	21	-	-	* 1	B/TT	5	沙田	2.7							
2019/12/8	6	第三班	1400米	(80-60)	好地	草地 - "A" 賽道	7	8	翠湖飛鷹(B391)	梁家俊	蘇偉賢	127	1053	10	3-3/4	13 13 13 7	1:21.95	12	-	-	* 1	 	5	沙田	2.7							
2019/12/8	6	第三班	1400米	(80-60)	好地	草地 - "A" 賽道	8	13	明欣賞(C327)	蔡明紹	賀賢	117	1076	5	4	6 6 5 8	1:21.99	15	-	-	* 1	H-	4	沙田	2.7							
2019/12/8	6	第三班	1400米	(80-60)	好地	草地 - "A" 賽道	9	14	雙天至尊(C293)	潘明輝	呂健威	114	1218	3	5-1/4	8 8 9 9	1:22.17	205	-	-	* 1	TT	5	沙田	2.7							
2019/12/8	6	第三班	1400米	(80-60)	好地	草地 - "A" 賽道	10	4	晉神(C476)	艾道拿	葉楚航	130	1033	14	6-3/4	14 14 14 10	1:22.40	208	-	-	* 1	 	4	沙田	2.7							
2019/12/8	6	第三班	1400米	(80-60)	好地	草地 - "A" 賽道	11	12	承你所願(A178)	陳嘉熙	韋達	108	1178	8	8-1/4	2 2 2 11	1:22.63	6.7	-	-	+ 1	B/XB	6	沙田	2.7							
2019/12/8	6	第三班	1400米	(80-60)	好地	草地 - "A" 賽道	12	1	白鷺飛翔(A127)	布文	蘇保羅	133	1177	4	8-1/4	11 11 11 12	1:22.64	16	-	-	+ 1	BO	6	沙田	2.7							
2019/12/8	6	第三班	1400米	(80-60)	好地	草地 - "A" 賽道	13	3	喜勝勁駒(C325)	潘頓	方嘉柏	132	1069	1	10-1/2	9 9 10 13	1:23.01	16	-	-	+ 1	B	4	沙田	2.7							
2019/12/8	6	第三班	1400米	(80-60)	好地	草地 - "A" 賽道	14	10	度身訂做(C522)	薛恩	鄭俊偉	123	1031	12	21-1/2	3 3 12 14	1:24.75	388	-	-	+ * 1	 	4	沙田	2.7							
2019/12/8	7	國際一級賽	1600米 		好地	草地 - "A" 賽道	2	4	夏威夷(C150)	莫雷拉	蔡約翰	126	1119	10	1/2	9 9 8 2	1:33.32	3.9	-	-		 	5	沙田	2.7		13.5		417.5	123.5		21.5
2019/12/8	7	國際一級賽	1600米 		好地	草地 - "A" 賽道	3	1	美麗傳承(V380)	潘頓	約翰摩亞	126	1143	5	1-3/4	2 2 1 3	1:33.52	2.9	1st Hot	-		B/TT	7	沙田	2.7			13.0			114.5	21.5
2019/12/8	7	國際一級賽	1600米 		好地	草地 - "A" 賽道	6	8	龍船鼓響(T286)	何澤堯	姚本輝	126	1033	8	2-1/4	10 10 10 6	1:33.62	124	-	-		H/XB	8	沙田	2.7							
2019/12/8	7	國際一級賽	1600米 		好地	草地 - "A" 賽道	9	6	嘉應之星(C198)	田泰安	告東尼	126	1129	1	4-1/4	1 1 2 9	1:33.92	7.9	-	-		CP/TT	5	沙田	2.7							
2019/12/8	7	國際一級賽	1600米 		好地	草地 - "A" 賽道	10	7	精明才子(B090)	巴度	羅富全	126	1141	7	8	4 3 3 10	1:34.52	99	-	-		CP/XB	6	沙田	2.7							
2019/12/8	8	國際一級賽	2000米 		好地	草地 - "A" 賽道	3	2	跳出香港(A238)	何澤堯	方嘉柏	126	1108	3	1/2	5 5 5 5 3	2:00.63	3.2	1st Hot	-		XB	6	沙田	2.7			14.0			33.0	37.5
2019/12/8	8	國際一級賽	2000米 		好地	草地 - "A" 賽道	4	6	添滿意(C079)	布文	羅富全	126	1102	1	1-3/4	6 6 6 6 4	2:00.80	3.2	2nd Hot	-		B	5	沙田	2.7							
2019/12/8	8	國際一級賽	2000米 		好地	草地 - "A" 賽道	6	4	歡樂之光(B236)	潘頓	羅富全	126	1181	5	2-3/4	2 2 2 2 6	2:00.96	9.8	-	-		B/XB1/TT	6	沙田	2.7							
2019/12/8	8	國際一級賽	2000米 		好地	草地 - "A" 賽道	7	5	達龍駒(C075)	連達文	羅富全	126	1119	7	3-1/2	8 8 8 7 7	2:01.10	41	-	-		CP-/B1	5	沙田	2.7							
2019/12/8	8	國際一級賽	2000米 		好地	草地 - "A" 賽道	8	3	馬克羅斯(A066)	田泰安	告東尼	126	1257	6	7	1 1 1 1 8	2:01.65	39	-	-		TT	7	沙田	2.7							
2019/12/8	9	第二班	1200米	(105-80)	好地	草地 - "A" 賽道	1	4	載譽歸來(C215)	莫雷拉	羅富全	129	1168	10	-	10 7 1	1:09.00	5.5	-	-	1	B	5	沙田	2.7	21.0			132.5	54.0	55.5	
2019/12/8	9	第二班	1200米	(105-80)	好地	草地 - "A" 賽道	2	2	常感恩(B312)	麥道朗	約翰摩亞	133	1238	9	3/4	4 5 2	1:09.12	4.2	1st Hot	-	1	CP	4	沙田	2.7		18.0		132.5	54.0		63.0
2019/12/8	9	第二班	1200米	(105-80)	好地	草地 - "A" 賽道	3	6	百勝龍(V356)	潘頓	呂健威	125	1186	4	2-1/4	8 8 3	1:09.34	5	-	-	1	B/H/TT	7	沙田	2.7			19.0			55.5	63.0
2019/12/8	9	第二班	1200米	(105-80)	好地	草地 - "A" 賽道	4	10	牛角仔(C234)	何澤堯	蘇偉賢	119	1084	6	2-1/4	9 9 4	1:09.36	4.2	2nd Hot	-	1	CP	4	沙田	2.7							
2019/12/8	9	第二班	1200米	(105-80)	好地	草地 - "A" 賽道	5	7	精算風暴(B173)	莫雅	蔡約翰	122	1157	13	2-1/2	13 13 5	1:09.39	9.3	-	-	+ 1	PC	5	沙田	2.7							
2019/12/8	9	第二班	1200米	(105-80)	好地	草地 - "A" 賽道	6	13	美麗友盈(C124)	蔡明紹	約翰摩亞	113	1086	5	2-1/2	1 1 6	1:09.40	147	-	-	2	CP	5	沙田	2.7							
2019/12/8	9	第二班	1200米	(105-80)	好地	草地 - "A" 賽道	7	8	精算閃擊(B147)	史卓豐	蔡約翰	121	1130	2	3-1/4	5 4 7	1:09.50	40	-	-	2	H	6	沙田	2.7							
2019/12/8	9	第二班	1200米	(105-80)	好地	草地 - "A" 賽道	8	1	加州議長(A114)	田泰安	告東尼	133	1170	11	3-1/4	11 12 8	1:09.52	11	-	-	* 1	B/H/TT	7	沙田	2.7							
2019/12/8	9	第二班	1200米	(105-80)	好地	草地 - "A" 賽道	9	3	激賞(A377)	巴度	蔡約翰	131	1018	3	3-3/4	6 6 9	1:09.59	26	-	-	3	 	5	沙田	2.7							
2019/12/8	9	第二班	1200米	(105-80)	好地	草地 - "A" 賽道	10	12	友瑩囍(B249)	蘇兆輝	蔡約翰	118	1289	8	4-1/4	12 11 10	1:09.68	23	-	-	4	 	-	沙田	2.7							
2019/12/8	9	第二班	1200米	(105-80)	好地	草地 - "A" 賽道	11	5	妙算達人(B224)	陳嘉熙	羅富全	117	1270	12	6-1/4	7 10 11	1:10.01	50	-	-	2	B/TT	5	沙田	2.7							
2019/12/8	9	第二班	1200米	(105-80)	好地	草地 - "A" 賽道	12	11	亮先生(B179)	潘明輝	賀賢	117	1122	7	7	3 2 12	1:10.10	59	-	-	1	 	6	沙田	2.7							
2019/12/8	9	第二班	1200米	(105-80)	好地	草地 - "A" 賽道	13	9	小鳥敖翔(B069)	貝力斯	姚本輝	119	1214	1	8-1/2	2 3 13	1:10.34	178	-	-	1	V/TT-	6	沙田	2.7							
2019/12/8	9	第二班	1200米	(105-80)	好地	草地 - "A" 賽道	14	14	錶之寶寶(B303)	黎海榮	丁冠豪	113	1178	14	22	14 14 14	1:12.53	133	-	-	+ 1	B/XB/TT	5	沙田	2.7							
2019/12/8	10	第二班	1600米	(100-80)	好地	草地 - "A" 賽道	1	4	幸福笑容(C199)	田泰安	呂健威	127	1211	10	-	12 13 14 1	1:33.90	2.8	1st Hot	-	+ 1	 	4	沙田	2.7	13.5			142.5	55.5	129.5	
2019/12/8	10	第二班	1600米	(100-80)	好地	草地 - "A" 賽道	2	14	友誼至好(C050)	何澤堯	姚本輝	120	1004	9	頭位	11 10 10 2	1:33.93	10	-	-	1	XB	5	沙田	2.7		28.5		142.5	55.5		285.5
2019/12/8	10	第二班	1600米	(100-80)	好地	草地 - "A" 賽道	3	13	傑彩繽紛(B457)	利敬國	蔡約翰	120	1043	12	頸位	10 8 7 3	1:33.96	26	-	-	2	B	5	沙田	2.7			64.0			129.5	285.5
2019/12/8	10	第二班	1600米	(100-80)	好地	草地 - "A" 賽道	4	7	四通八達(C024)	史卓豐	蔡約翰	125	1063	6	3/4	8 9 9 4	1:34.02	4.1	2nd Hot	-	+ 1	P	5	沙田	2.7							
2019/12/8	10	第二班	1600米	(100-80)	好地	草地 - "A" 賽道	5	8	超級綠洲(D085)	潘頓	羅富全	125	1148	8	2	3 4 4 5	1:34.21	10	-	-	1	 	4	沙田	2.7							
2019/12/8	10	第二班	1600米	(100-80)	好地	草地 - "A" 賽道	6	1	非凡才子(C095)	布文	容天鵬	133	1116	13	2	13 14 11 6	1:34.21	19	-	-	1	 	5	沙田	2.7							
2019/12/8	10	第二班	1600米	(100-80)	好地	草地 - "A" 賽道	7	12	必妙星(C507)	巴度	蘇保羅	120	1162	7	2-1/4	9 11 13 7	1:34.24	128	-	-	* 1	 	4	沙田	2.7							
2019/12/8	10	第二班	1600米	(100-80)	好地	草地 - "A" 賽道	8	5	幸福掌聲(C492)	莫雷拉	沈集成	127	1098	11	2-3/4	2 2 2 8	1:34.32	6.1	-	-	* 1	SR/TT	4	沙田	2.7							
2019/12/8	10	第二班	1600米	(100-80)	好地	草地 - "A" 賽道	9	6	壯思飛(V110)	薛恩	方嘉柏	125	1163	14	2-3/4	14 12 12 9	1:34.35	126	-	-	1	 	-	沙田	2.7							
2019/12/8	10	第二班	1600米	(100-80)	好地	草地 - "A" 賽道	10	10	將耀(C429)	戴圖理	告東尼	124	1067	4	3	7 6 5 10	1:34.37	9.2	-	-	* 1	H/TT	4	沙田	2.7							
2019/12/8	10	第二班	1600米	(100-80)	好地	草地 - "A" 賽道	11	9	安采(D066)	沈拿	約翰摩亞	124	1161	3	4	5 5 6 11	1:34.53	141	-	-	1	B/XB	4	沙田	2.7							
2019/12/8	10	第二班	1600米	(100-80)	好地	草地 - "A" 賽道	12	2	紅衣優駿(A039)	蔡明紹	羅富全	130	1220	1	5-1/4	4 3 3 12	1:34.73	66	-	-	2	B	6	沙田	2.7							
2019/12/8	10	第二班	1600米	(100-80)	好地	草地 - "A" 賽道	13	3	競技勇士(B285)	紀仁安	葉楚航	128	1171	5	7-1/2	6 7 8 13	1:35.10	122	-	-	+ 1	B/TT1	5	沙田	2.7							
2019/12/8	10	第二班	1600米	(100-80)	好地	草地 - "A" 賽道	14	11	大金庫(C146)	李慕華	高伯新	123	1097	2	9	1 1 1 14	1:35.35	50	-	-	1	TT	5	沙田	2.7							
2019/12/11	1	第五班	1000米	(40-0)	好地	草地 - "C" 賽道	1	5	鼓浪威風(C088)	梁家俊	姚本輝	131	1222	3	-	3 3 1	0:57.34	3.7	2nd Hot	-	+ 1	CP/XB/TT	4	跑馬地	2.7	15.0			168.5	55.5	27.5	
2019/12/11	1	第五班	1000米	(40-0)	好地	草地 - "C" 賽道	2	10	幸運飛駒(A092)	蔡明紹	文家良	127	1100	4	1	4 4 2	0:57.48	11	-	-	1	TT	8	跑馬地	2.7		28.5		168.5	55.5		66.0
2019/12/11	1	第五班	1000米	(40-0)	好地	草地 - "C" 賽道	3	1	喜勁驥(C006)	莫雷拉	蔡約翰	133	1125	7	1-1/4	2 1 3	0:57.51	2.4	1st Hot	-	+ 1	H	4	跑馬地	2.7			12.0			27.5	66.0
2019/12/11	1	第五班	1000米	(40-0)	好地	草地 - "C" 賽道	4	4	喜奔騰(B143)	田泰安	韋達	132	1067	11	2-1/4	1 2 4	0:57.71	8.8	-	-	+ 1	B/XB	5	跑馬地	2.7							
2019/12/11	1	第五班	1000米	(40-0)	好地	草地 - "C" 賽道	5	12	做得好(A082)	蘇狄雄	何良	111	1185	1	2-1/2	5 5 5	0:57.73	13	-	-	+ 1	V-/XB-	6	跑馬地	2.7							
2019/12/11	1	第五班	1000米	(40-0)	好地	草地 - "C" 賽道	6	9	洪荒駿駒(A031)	潘頓	徐雨石	127	1136	9	3-1/4	10 9 6	0:57.84	8.2	-	-	+ 1	V	6	跑馬地	2.7							
2019/12/11	1	第五班	1000米	(40-0)	好地	草地 - "C" 賽道	7	6	漸信龍駒(C017)	潘明輝	葉楚航	128	1035	2	3-3/4	7 6 7	0:57.96	13	-	-	1	B/XB/TT	5	跑馬地	2.7							
2019/12/11	1	第五班	1000米	(40-0)	好地	草地 - "C" 賽道	8	3	勁飛聖(T361)	巴度	容天鵬	132	1084	10	5-3/4	6 8 8	0:58.26	18	-	-	* 1	TT	7	跑馬地	2.7							
2019/12/11	1	第五班	1000米	(40-0)	好地	草地 - "C" 賽道	9	7	鋒仔(C282)	郭能	高伯新	128	1025	5	6-3/4	8 7 9	0:58.41	81	-	-	1	B	4	跑馬地	2.7							
2019/12/11	1	第五班	1000米	(40-0)	好地	草地 - "C" 賽道	10	11	眾善積福(B334)	黃皓楠	蘇偉賢	119	1060	8	7-1/4	9 10 10	0:58.48	129	-	-	1	CP/TT	5	跑馬地	2.7							
2019/12/11	1	第五班	1000米	(40-0)	好地	草地 - "C" 賽道		2	常山耆寶(A275)	何澤堯	文家良	132	---	---	---	---	---	---	-	-	-	-	6	跑馬地	2.7							
2019/12/11	1	第五班	1000米	(40-0)	好地	草地 - "C" 賽道		8	出奇寶(B471)	希威森	苗禮德	127	---	---	---	---	---	---	-	-	-	-	-	跑馬地	2.7							
2019/12/11	2	第四班	1200米	(60-40)	好地	草地 - "C" 賽道	1	2	問鼎高峰(A009)	潘頓	高伯新	131	1147	1	-	4 3 1	1:09.78	3.1	1st Hot	-	+ 2	B	-	跑馬地	2.7	12.0			80.5	30.0	142.5	
2019/12/11	2	第四班	1200米	(60-40)	好地	草地 - "C" 賽道	2	6	肥仔(V071)	莫雷拉	韋達	125	1155	8	3/4	6 4 2	1:09.92	4.5	-	-	1	B/XB	-	跑馬地	2.7		16.0		80.5	30.0		123.5
2019/12/11	2	第四班	1200米	(60-40)	好地	草地 - "C" 賽道	3	10	錢途燦爛(C005)	梁家俊	呂健威	116	1017	7	1	9 8 3	1:09.95	25	-	-	* 2	H/TT	5	跑馬地	2.7			54.0			142.5	123.5
2019/12/11	2	第四班	1200米	(60-40)	好地	草地 - "C" 賽道	4	1	同盟力量(C036)	何澤堯	姚本輝	133	1221	6	1-1/4	2 2 4	1:09.98	3.2	2nd Hot	-	1	B	4	跑馬地	2.7							
2019/12/11	2	第四班	1200米	(60-40)	好地	草地 - "C" 賽道	5	4	又夠威(C467)	巴度	沈集成	126	1098	3	1-1/2	8 6 5	1:10.02	82	-	-	1	B-/TT	4	跑馬地	2.7							
2019/12/11	2	第四班	1200米	(60-40)	好地	草地 - "C" 賽道	6	8	麯院風荷(T112)	潘明輝	蘇偉賢	116	1075	10	2-3/4	12 10 6	1:10.20	26	-	-	* 2	B/XB/TT	-	跑馬地	2.7							
2019/12/11	2	第四班	1200米	(60-40)	好地	草地 - "C" 賽道	7	11	靈鋒(A245)	黎海榮	苗禮德	115	1012	5	3	10 9 7	1:10.27	49	-	-	+ 1	B/XB1/TT-	6	跑馬地	2.7							
2019/12/11	2	第四班	1200米	(60-40)	好地	草地 - "C" 賽道	8	3	勇敢動力(D153)	田泰安	告東尼	126	1144	4	3-1/2	11 11 8	1:10.35	20	-	-	+ 1	TT1	3	跑馬地	2.7							
2019/12/11	2	第四班	1200米	(60-40)	好地	草地 - "C" 賽道	9	7	靈光八號(C154)	蔡明紹	鄭俊偉	116	1059	12	5-1/4	5 5 9	1:10.64	188	-	-	3	H/XB	4	跑馬地	2.7							
2019/12/11	2	第四班	1200米	(60-40)	好地	草地 - "C" 賽道	10	9	自由旺(A209)	黃皓楠	方嘉柏	113	1127	2	7-1/4	1 1 10	1:10.92	10	-	-	* 2	H/XB	-	跑馬地	2.7							
2019/12/11	2	第四班	1200米	(60-40)	好地	草地 - "C" 賽道	11	5	成功星駒(D065)	希威森	霍利時	126	995	11	9-1/2	7 7 11	1:11.28	85	-	-	2	 	4	跑馬地	2.7							
2019/12/11	2	第四班	1200米	(60-40)	好地	草地 - "C" 賽道	12	12	笑春風(A011)	巫顯東	丁冠豪	111	1108	9	31-1/2	3 12 12	1:14.83	10	-	-	+ 1	B	6	跑馬地	2.7							
2019/12/11	2	第四班	1200米	(60-40)	好地	草地 - "C" 賽道			嘭嘭聲(D015)	蘇狄雄	何良	122	---	---	---	---	---	---	-	-	-	-	4	跑馬地	2.7							
2019/12/11	3	第四班	1200米	(60-40)	好地	草地 - "C" 賽道	1	8	勝利在手(C103)	田泰安	呂健威	122	1083	2	-	1 1 1	1:09.59	3.8	2nd Hot	-	* 1	TT	4	跑馬地	2.7	18.5			112.0	42.5	328.0	
2019/12/11	3	第四班	1200米	(60-40)	好地	草地 - "C" 賽道	2	6	特駒聯盟(C472)	李寶利	蔡約翰	123	1030	7	2-1/4	2 4 2	1:09.94	5	-	-	1	TT-	3	跑馬地	2.7		17.0		112.0	42.5		315.0
2019/12/11	3	第四班	1200米	(60-40)	好地	草地 - "C" 賽道	3	5	天地僑福(C438)	蘇狄雄	葉楚航	123	1050	6	2-1/2	5 5 3	1:10.00	41	-	-	+ 2	 	4	跑馬地	2.7			86.0			328.0	315.0
2019/12/11	3	第四班	1200米	(60-40)	好地	草地 - "C" 賽道	4	1	四千金(V362)	潘頓	高伯新	133	1073	5	2-3/4	8 7 4	1:10.04	9.4	-	-	+ 1	B/XB	-	跑馬地	2.7							
2019/12/11	3	第四班	1200米	(60-40)	好地	草地 - "C" 賽道	5	7	從頭越(B073)	蘇兆輝	徐雨石	122	1169	9	4-1/4	6 6 5	1:10.26	10	-	-	2	B	6	跑馬地	2.7							
2019/12/11	3	第四班	1200米	(60-40)	好地	草地 - "C" 賽道	6	12	鑽石達人(V341)	希威森	告東尼	116	1161	11	4-1/2	11 10 6	1:10.32	30	-	-	* 2	V/TT	7	跑馬地	2.7							
2019/12/11	3	第四班	1200米	(60-40)	好地	草地 - "C" 賽道	7	11	合進駒(A327)	梁家俊	容天鵬	120	1163	12	5-3/4	12 12 7	1:10.51	220	-	-	+ 1	 	6	跑馬地	2.7							
2019/12/11	3	第四班	1200米	(60-40)	好地	草地 - "C" 賽道	8	3	八卦(C102)	何澤堯	賀賢	127	1112	4	6	4 3 8	1:10.57	3.3	1st Hot	-	+ 1	XB	4	跑馬地	2.7							
2019/12/11	3	第四班	1200米	(60-40)	好地	草地 - "C" 賽道	9	4	戰熊三千(C457)	莫雷拉	霍利時	126	1175	10	7-1/4	10 9 9	1:10.75	6.4	-	-	1	 	3	跑馬地	2.7							
2019/12/11	3	第四班	1200米	(60-40)	好地	草地 - "C" 賽道	10	10	太平風(D004)	巴度	沈集成	127	1190	1	9-1/2	3 2 10	1:11.12	61	-	-	2	H1/TT1	4	跑馬地	2.7							
2019/12/11	3	第四班	1200米	(60-40)	好地	草地 - "C" 賽道	11	9	旺旺寶駒(C418)	巫顯東	何良	119	1066	8	9-3/4	9 11 11	1:11.14	110	-	-	* 2	H1/P1/TT-	4	跑馬地	2.7							
2019/12/11	3	第四班	1200米	(60-40)	好地	草地 - "C" 賽道	12	2	寶冠多(C156)	黃皓楠	鄭俊偉	126	1013	3	11-1/2	7 8 12	1:11.44	115	-	-	* 2	B-	-	跑馬地	2.7							
2019/12/11	3	第四班	1200米	(60-40)	好地	草地 - "C" 賽道			雲淡風輕(C040)	黎海榮	蘇偉賢	120	---	---	---	---	---	---	-	-	-	-	4	跑馬地	2.7							
2019/12/11	4	第四班	1800米	(60-40)	好地	草地 - "C" 賽道	1	3	情趣(V114)	田泰安	霍利時	130	1136	5	-	4 4 4 4 1	1:50.57	21	-	-	1	B/TT	8	跑馬地	2.7	63.0			543.0	172.0	169.0	
2019/12/11	4	第四班	1800米	(60-40)	好地	草地 - "C" 賽道	2	1	鴻圖巨星(C163)	莫雷拉	羅富全	133	1056	6	鼻位	3 3 3 3 2	1:50.57	4.7	1st Hot	-	* 1	H	5	跑馬地	2.7		16.5		543.0	172.0		52.5
2019/12/11	4	第四班	1800米	(60-40)	好地	草地 - "C" 賽道	3	11	神州福星(B326)	蔡明紹	羅富全	120	1015	2	1-1/4	5 5 5 5 3	1:50.74	5.2	2nd Hot	-	2	CP1/TT	6	跑馬地	2.7			21.0			169.0	52.5
2019/12/11	4	第四班	1800米	(60-40)	好地	草地 - "C" 賽道	4	4	王者再現(V156)	郭能	姚本輝	129	1117	3	1-1/2	6 6 7 6 4	1:50.78	10	-	-	1	V	7	跑馬地	2.7							
2019/12/11	4	第四班	1800米	(60-40)	好地	草地 - "C" 賽道	5	5	原班人馬(C164)	李寶利	葉楚航	129	1061	7	2-1/2	2 2 2 2 5	1:50.96	14	-	-	* 1	CP/TT	5	跑馬地	2.7							
2019/12/11	4	第四班	1800米	(60-40)	好地	草地 - "C" 賽道	6	8	埼豐(A083)	希威森	徐雨石	124	1041	9	2-3/4	1 1 1 1 6	1:51.02	21	-	-	1	 	7	跑馬地	2.7							
2019/12/11	4	第四班	1800米	(60-40)	好地	草地 - "C" 賽道	7	7	開心日子(A333)	巴度	沈集成	125	1102	4	4	12 10 11 11 7	1:51.20	10	-	-	1	B/TT	6	跑馬地	2.7							
2019/12/11	4	第四班	1800米	(60-40)	好地	草地 - "C" 賽道	8	9	多多(C109)	史卓豐	蔡約翰	123	1023	11	4	8 9 8 8 8	1:51.20	6	-	-	* 1	H	4	跑馬地	2.7							
2019/12/11	4	第四班	1800米	(60-40)	好地	草地 - "C" 賽道	9	2	精彩飛動(B095)	潘頓	方嘉柏	133	1028	12	5-3/4	11 12 12 10 9	1:51.48	7.8	-	-	1	H/TT	6	跑馬地	2.7							
2019/12/11	4	第四班	1800米	(60-40)	好地	草地 - "C" 賽道	10	6	牛精輝煌(A118)	蘇兆輝	鄭俊偉	125	1111	8	6	10 11 10 12 10	1:51.53	7.2	-	-	+ 1	H	7	跑馬地	2.7							
2019/12/11	4	第四班	1800米	(60-40)	好地	草地 - "C" 賽道	11	10	志聰明(C319)	黎海榮	何良	121	1203	10	6	7 7 6 7 11	1:51.54	195	-	-	+ 1	B	4	跑馬地	2.7							
2019/12/11	4	第四班	1800米	(60-40)	好地	草地 - "C" 賽道	12	12	奔馳寶馬(V038)	梁家俊	蘇保羅	118	1178	1	7-1/2	9 8 9 9 12	1:51.78	54	-	-	1	B/TT	-	跑馬地	2.7							
2019/12/11	5	第四班	1200米	(60-40)	好地	草地 - "C" 賽道	1	10	隨我來(B300)	蔡明紹	姚本輝	115	1017	5	-	6 5 1	1:09.97	8.1	-	-	2	TT	5	跑馬地	2.7	24.0			234.0	79.5	348.0	
2019/12/11	5	第四班	1200米	(60-40)	好地	草地 - "C" 賽道	2	1	童話(B238)	蘇兆輝	徐雨石	133	1123	12	短馬頭位	12 12 2	1:10.00	8.8	-	-	1	B/SR	6	跑馬地	2.7		25.5		234.0	79.5		340.0
2019/12/11	5	第四班	1200米	(60-40)	好地	草地 - "C" 賽道	3	5	戰鬥英雄(D050)	何澤堯	方嘉柏	126	1093	6	短馬頭位	8 8 3	1:10.00	42	-	-	1	 	3	跑馬地	2.7			98.5			348.0	340.0
2019/12/11	5	第四班	1200米	(60-40)	好地	草地 - "C" 賽道	4	11	三圓䮭路(C149)	田泰安	葉楚航	115	1105	8	3/4	7 7 4	1:10.09	11	-	-	+ 1	 	6	跑馬地	2.7							
2019/12/11	5	第四班	1200米	(60-40)	好地	草地 - "C" 賽道	5	12	勇冠多(V376)	巫顯東	丁冠豪	112	1124	3	3/4	1 1 5	1:10.09	6.9	-	-	* 2	SR	6	跑馬地	2.7							
2019/12/11	5	第四班	1200米	(60-40)	好地	草地 - "C" 賽道	6	6	電子傳承(C322)	潘明輝	文家良	122	1089	4	1-1/4	4 4 6	1:10.17	31	-	-	1	 	4	跑馬地	2.7							
2019/12/11	5	第四班	1200米	(60-40)	好地	草地 - "C" 賽道	7	2	紅褲日(C272)	潘頓	鄭俊偉	132	1145	11	2-1/4	2 2 7	1:10.31	6.4	2nd Hot	-	+ 1	B/TT	5	跑馬地	2.7							
2019/12/11	5	第四班	1200米	(60-40)	好地	草地 - "C" 賽道	8	4	龍鳳情祥(B185)	蘇狄雄	賀賢	125	1084	2	2-1/4	5 6 8	1:10.32	24	-	-	2	 	5	跑馬地	2.7							
2019/12/11	5	第四班	1200米	(60-40)	好地	草地 - "C" 賽道	9	7	活力長勝(C498)	梁家俊	容天鵬	124	1027	7	2-1/2	10 10 9	1:10.37	120	-	-	* 2	 	4	跑馬地	2.7							
2019/12/11	5	第四班	1200米	(60-40)	好地	草地 - "C" 賽道	10	9	辣得真(C021)	黃皓楠	羅富全	115	1056	9	2-1/2	9 9 10	1:10.39	254	-	-	1	B/H	4	跑馬地	2.7							
2019/12/11	5	第四班	1200米	(60-40)	好地	草地 - "C" 賽道	11	8	慣勝尊重(C129)	莫雷拉	蔡約翰	120	1178	1	2-3/4	3 3 11	1:10.43	2.3	1st Hot	-	* 2	P/TT	-	跑馬地	2.7							
2019/12/11	5	第四班	1200米	(60-40)	好地	草地 - "C" 賽道	12	3	勇者勝(B010)	巴度	高伯新	130	1134	10	7-1/4	11 11 12	1:11.12	19	-	-	* 3	B/H/XB/TT	6	跑馬地	2.7							
2019/12/11	6	第三班	1650米	(80-60)	好地	草地 - "C" 賽道	1	4	英明神駒(V046)	潘明輝	苗禮德	127	1073	9	-	9 7 1 1	1:39.88	20	-	-	* 1	XB	8	跑馬地	2.7	53.5			337.5	111.0	161.0	
2019/12/11	6	第三班	1650米	(80-60)	好地	草地 - "C" 賽道	2	6	超趣(C285)	郭能	霍利時	121	1090	1	1-1/4	5 5 7 2	1:40.07	3.8	1st Hot	-	+ 1	H	5	跑馬地	2.7		15.5		337.5	111.0		36.0
2019/12/11	6	第三班	1650米	(80-60)	好地	草地 - "C" 賽道	3	11	勁加加(B319)	巴度	賀賢	115	1016	5	1-3/4	3 3 4 3	1:40.14	4.7	-	-	+ * 1	 	5	跑馬地	2.7			18.0			161.0	36.0
2019/12/11	6	第三班	1650米	(80-60)	好地	草地 - "C" 賽道	4	2	福威勝(B223)	何澤堯	呂健威	130	1120	11	2	11 10 10 4	1:40.22	4.6	2nd Hot	-	+ 1	 	6	跑馬地	2.7							
2019/12/11	6	第三班	1650米	(80-60)	好地	草地 - "C" 賽道	5	7	凱旋駿驥(B430)	史卓豐	丁冠豪	118	1111	2	2-1/4	6 6 5 5	1:40.26	8.4	-	-	* 1	B/H	5	跑馬地	2.7							
2019/12/11	6	第三班	1650米	(80-60)	好地	草地 - "C" 賽道	6	8	騰龍超影(T372)	田泰安	蘇保羅	117	1158	12	3-3/4	12 12 11 6	1:40.49	42	-	-	+ 1	V/TT	8	跑馬地	2.7							
2019/12/11	6	第三班	1650米	(80-60)	好地	草地 - "C" 賽道	7	1	精彩輝煌(B411)	潘頓	方嘉柏	133	1105	7	3-3/4	7 9 8 7	1:40.49	6.6	-	-	+ 1	 	5	跑馬地	2.7							
2019/12/11	6	第三班	1650米	(80-60)	好地	草地 - "C" 賽道	8	12	清新動力(B067)	蔡明紹	徐雨石	114	1031	10	4-1/2	2 2 6 8	1:40.61	30	-	-	* 1	B/TT	6	跑馬地	2.7							
2019/12/11	6	第三班	1650米	(80-60)	好地	草地 - "C" 賽道	9	9	心中有您(B283)	蘇狄雄	何良	114	1083	8	4-1/2	1 1 2 9	1:40.62	16	-	-	* 1	H/V	5	跑馬地	2.7							
2019/12/11	6	第三班	1650米	(80-60)	好地	草地 - "C" 賽道	10	5	進力之城(D113)	蘇兆輝	韋達	125	1043	3	6-1/4	4 4 3 10	1:40.88	14	-	-	* 1	SR1	4	跑馬地	2.7							
2019/12/11	6	第三班	1650米	(80-60)	好地	草地 - "C" 賽道	11	3	格男(C398)	希威森	約翰摩亞	129	981	4	6-1/4	8 8 9 11	1:40.88	133	-	-	* 1	CP/XB	-	跑馬地	2.7							
2019/12/11	6	第三班	1650米	(80-60)	好地	草地 - "C" 賽道	12	10	榮惑(C370)	巫顯東	告東尼	112	1042	6	11-3/4	10 11 12 12	1:41.75	162	-	-	* 1	B/TT	4	跑馬地	2.7							
2019/12/11	7	第四班	1650米	(60-40)	好地	草地 - "C" 賽道	1	3	火百合(B050)	莫雷拉	羅富全	128	1203	5	-	6 2 2 1	1:40.16	3.9	2nd Hot	-	+ 1	TT	6	跑馬地	2.7	14.0			57.0	25.5	97.0	
2019/12/11	7	第四班	1650米	(60-40)	好地	草地 - "C" 賽道	2	12	大眾勁駒(B074)	蘇兆輝	文家良	115	1138	3	1-1/4	4 5 3 2	1:40.35	2.5	1st Hot	-	+ 1	B	5	跑馬地	2.7		13.0		57.0	25.5		93.0
2019/12/11	7	第四班	1650米	(60-40)	好地	草地 - "C" 賽道	3	6	爪皇烈焰(T353)	田泰安	霍利時	120	1185	10	1-1/4	9 10 8 3	1:40.36	16	-	-	* 1	B/TT	8	跑馬地	2.7			50.5			97.0	93.0
2019/12/11	7	第四班	1650米	(60-40)	好地	草地 - "C" 賽道	4	9	醉翁意(C016)	何澤堯	蔡約翰	119	1058	1	2-1/2	5 6 6 4	1:40.56	11	-	-	* 1	P	4	跑馬地	2.7							
2019/12/11	7	第四班	1650米	(60-40)	好地	草地 - "C" 賽道	5	4	都市神話(A086)	梁家俊	容天鵬	125	1032	12	2-3/4	10 11 11 5	1:40.60	20	-	-	+ 1	B	6	跑馬地	2.7							
2019/12/11	7	第四班	1650米	(60-40)	好地	草地 - "C" 賽道	6	10	事必獲利(T002)	潘頓	方嘉柏	120	1141	8	3-1/2	11 8 7 6	1:40.70	17	-	-	+ 1	TT	-	跑馬地	2.7							
2019/12/11	7	第四班	1650米	(60-40)	好地	草地 - "C" 賽道	7	1	步履娛飛(C289)	蔡明紹	告東尼	133	1214	7	4-1/4	1 1 1 7	1:40.85	13	-	-	* 1	CP	5	跑馬地	2.7							
2019/12/11	7	第四班	1650米	(60-40)	好地	草地 - "C" 賽道	8	7	驃騎飛(C456)	蘇狄雄	蘇偉賢	118	1119	11	4-1/2	12 12 12 8	1:40.88	229	-	-	+ 1	 	4	跑馬地	2.7							
2019/12/11	7	第四班	1650米	(60-40)	好地	草地 - "C" 賽道	9	2	環翠戰士(A187)	薛恩	蘇保羅	133	1078	9	5	2 3 5 9	1:40.94	15	-	-	+ 1	 	6	跑馬地	2.7							
2019/12/11	7	第四班	1650米	(60-40)	好地	草地 - "C" 賽道	10	11	創紀錄(C168)	巴度	沈集成	116	1097	2	5-1/4	7 7 9 10	1:41.01	8.4	-	-	+ 1	B/TT	4	跑馬地	2.7							
2019/12/11	7	第四班	1650米	(60-40)	好地	草地 - "C" 賽道	11	8	飛帥(C455)	黎海榮	何良	120	1172	4	5-3/4	3 4 4 11	1:41.09	22	-	-	* 1	H	4	跑馬地	2.7							
2019/12/11	7	第四班	1650米	(60-40)	好地	草地 - "C" 賽道	12	5	環保時代(C355)	潘明輝	賀賢	119	1059	6	9-1/2	8 9 10 12	1:41.69	141	-	-	* 1	B	5	跑馬地	2.7							
2019/12/11	8	第三班	1000米	(80-60)	好地	草地 - "C" 賽道	1	1	正陽清風(B343)	蔡明紹	姚本輝	133	1170	3	-	5 5 1	0:56.83	4.3	2nd Hot	-	+ 1	B	5	跑馬地	2.7	15.0			307.0	98.5	103.5	
2019/12/11	8	第三班	1000米	(80-60)	好地	草地 - "C" 賽道	2	8	勝利風範(C186)	薛恩	呂健威	124	1152	11	1-3/4	11 11 2	0:57.10	10	-	-	+ 1	 	4	跑馬地	2.7		29.5		307.0	98.5		188.0
2019/12/11	8	第三班	1000米	(80-60)	好地	草地 - "C" 賽道	3	7	和氣生財(D110)	潘頓	蘇偉賢	125	1049	9	2	9 9 3	0:57.14	11	-	-	+ 1	H1	3	跑馬地	2.7			37.0			103.5	188.0
2019/12/11	8	第三班	1000米	(80-60)	好地	草地 - "C" 賽道	4	12	驫驫(A315)	巴度	何良	117	1160	6	2-3/4	4 3 4	0:57.28	69	-	-	* 1	H/V	6	跑馬地	2.7							
2019/12/11	8	第三班	1000米	(80-60)	好地	草地 - "C" 賽道	5	6	衝亞(C218)	潘明輝	羅富全	123	1052	4	3	2 2 5	0:57.30	15	-	-	+ 1	B	4	跑馬地	2.7							
2019/12/11	8	第三班	1000米	(80-60)	好地	草地 - "C" 賽道	6	11	知道必勝(C383)	田泰安	沈集成	120	1211	7	3-1/4	1 1 6	0:57.36	3.8	1st Hot	-	+ 1	B/TT	3	跑馬地	2.7							
2019/12/11	8	第三班	1000米	(80-60)	好地	草地 - "C" 賽道	7	9	加州嶺域(C523)	何澤堯	告東尼	123	1292	1	3-1/2	10 10 7	0:57.40	19	-	-	+ * 1	CP/TT	4	跑馬地	2.7							
2019/12/11	8	第三班	1000米	(80-60)	好地	草地 - "C" 賽道	8	4	金匯昇(C010)	莫雷拉	蔡約翰	130	1098	2	3-3/4	7 8 8	0:57.41	4.7	-	-	+ 1	 	4	跑馬地	2.7							
2019/12/11	8	第三班	1000米	(80-60)	好地	草地 - "C" 賽道	9	3	天氣先生(D058)	希威森	韋達	131	1003	5	5	8 6 9	0:57.61	114	-	-	1	 	4	跑馬地	2.7							
2019/12/11	8	第三班	1000米	(80-60)	好地	草地 - "C" 賽道	10	10	夢幻人生(C166)	蘇兆輝	文家良	122	1147	8	5	3 4 10	0:57.64	6.4	-	-	+ 1	B	4	跑馬地	2.7							
2019/12/11	8	第三班	1000米	(80-60)	好地	草地 - "C" 賽道	11	2	一舖縱橫(B385)	黎海榮	丁冠豪	131	1057	12	5-3/4	6 7 11	0:57.76	115	-	-	+ 1	H/TT	5	跑馬地	2.7							
2019/12/11	8	第三班	1000米	(80-60)	好地	草地 - "C" 賽道	12	5	皇仁先鋒(A381)	史卓豐	徐雨石	129	1137	10	7-1/4	12 12 12	0:57.98	39	-	-	+ 1	B	-	跑馬地	2.7							
2019/12/11	9	第三班	1200米	(80-60)	好地	草地 - "C" 賽道	1	1	凱旋來(C495)	潘頓	霍利時	133	1165	5	-	1 1 1	1:09.91	7.1	-	-	+ 1	SR/TT	4	跑馬地	2.7	25.5			600.0	161.5	51.5	
2019/12/11	9	第三班	1200米	(80-60)	好地	草地 - "C" 賽道	2	10	紅星(V273)	李寶利	葉楚航	120	1079	2	1/2	8 8 2	1:09.99	18	-	-	1	 	7	跑馬地	2.7		37.5		600.0	161.5		97.0
2019/12/11	9	第三班	1200米	(80-60)	好地	草地 - "C" 賽道	3	5	明駿之星(C229)	薛恩	蔡約翰	129	1150	3	1/2	2 3 3	1:10.00	3.8	2nd Hot	-	* 1	B	4	跑馬地	2.7			15.5			51.5	97.0
2019/12/11	9	第三班	1200米	(80-60)	好地	草地 - "C" 賽道	4	7	會長之星(C205)	郭能	約翰摩亞	124	1147	1	3/4	5 5 4	1:10.02	7.3	-	-	+ 1	CP/TT	4	跑馬地	2.7							
2019/12/11	9	第三班	1200米	(80-60)	好地	草地 - "C" 賽道	5	8	翡翠精選(D133)	田泰安	苗禮德	124	1207	11	1	9 9 5	1:10.06	65	-	-	+ 1	 	4	跑馬地	2.7							
2019/12/11	9	第三班	1200米	(80-60)	好地	草地 - "C" 賽道	6	4	劍斷浪(V142)	蔡明紹	容天鵬	130	1181	10	1	7 6 6	1:10.07	16	-	-	* 1	 	-	跑馬地	2.7							
2019/12/11	9	第三班	1200米	(80-60)	好地	草地 - "C" 賽道	7	9	雪戰神駒(B371)	巴度	高伯新	121	1115	6	1-1/2	10 10 7	1:10.13	10	-	W P	* 1	B	5	跑馬地	2.7							
2019/12/11	9	第三班	1200米	(80-60)	好地	草地 - "C" 賽道	8	6	利害了(C367)	蘇兆輝	韋達	126	1067	7	1-1/2	4 4 8	1:10.15	9.7	-	-	+ 1	CP/XB	4	跑馬地	2.7							
2019/12/11	9	第三班	1200米	(80-60)	好地	草地 - "C" 賽道	9	3	天地人(B403)	莫雷拉	何良	132	1137	9	1-3/4	6 7 9	1:10.17	3.4	1st Hot	-	* 1	CP/H/XB	4	跑馬地	2.7							
2019/12/11	9	第三班	1200米	(80-60)	好地	草地 - "C" 賽道	10	12	電子大師(A254)	希威森	方嘉柏	118	1150	8	2-1/2	11 11 10	1:10.32	37	-	-	* 1	V/XB	6	跑馬地	2.7							
2019/12/11	9	第三班	1200米	(80-60)	好地	草地 - "C" 賽道	11	11	上海大師(A337)	何澤堯	呂健威	119	1178	4	6-1/2	3 2 11	1:10.96	35	-	-	* 1	 	6	跑馬地	2.7							
2019/12/11	9	第三班	1200米	(80-60)	好地	草地 - "C" 賽道		2	場場精綵(D126)	巫顯東	告東尼	130	---	---	---	---	---	---	-	-	-	-	4	跑馬地	2.7							
2019/12/15	1	第四班	1000米	(60-40)	好地	草地 - "C+3" 賽道	1	1	傳盛(B416)	薛恩	呂健威	133	1201	10	-	3 3 1	0:56.39	4.3	2nd Hot	-	+ 1	TT-	4	沙田	2.71	17.5			144.5	55.5	58.5	
2019/12/15	1	第四班	1000米	(60-40)	好地	草地 - "C+3" 賽道	2	9	無敵勇士(C483)	史卓豐	文家良	127	1242	2	頸位	2 1 2	0:56.45	6.7	-	-	1	 	3	沙田	2.71		24.0		144.5	55.5		99.0
2019/12/15	1	第四班	1000米	(60-40)	好地	草地 - "C+3" 賽道	3	4	上校(D090)	黎海榮	姚本輝	127	1135	11	4-1/2	5 4 3	0:57.10	6.3	-	-	+ 1	B1	3	沙田	2.71			24.5			58.5	99.0
2019/12/15	1	第四班	1000米	(60-40)	好地	草地 - "C+3" 賽道	4	6	菁年財駿(C435)	莫雷拉	沈集成	127	961	14	5-1/2	1 2 4	0:57.28	3.6	1st Hot	-	+ 1	TT	4	沙田	2.71							
2019/12/15	1	第四班	1000米	(60-40)	好地	草地 - "C+3" 賽道	5	2	嘉喜旺(C421)	蘇狄雄	何良	130	1072	6	6-1/2	14 14 5	0:57.41	30	-	-	1	H/XB	4	沙田	2.71							
2019/12/15	1	第四班	1000米	(60-40)	好地	草地 - "C+3" 賽道	6	12	盛唐文心(C390)	李寶利	霍利時	121	1030	13	6-1/2	7 9 6	0:57.42	86	-	-	* 1	TT	3	沙田	2.71							
2019/12/15	1	第四班	1000米	(60-40)	好地	草地 - "C+3" 賽道	7	13	二話不說(C134)	田泰安	葉楚航	120	1093	7	7-1/4	9 6 7	0:57.55	5.9	-	-	1	B	4	沙田	2.71							
2019/12/15	1	第四班	1000米	(60-40)	好地	草地 - "C+3" 賽道	8	11	晨曦寶馬(C023)	蘇兆輝	蔡約翰	123	1101	3	7-1/2	6 5 8	0:57.61	24	-	-	* 1	B	4	沙田	2.71							
2019/12/15	1	第四班	1000米	(60-40)	好地	草地 - "C+3" 賽道	9	5	包裝貴族(C488)	巫顯東	告東尼	124	1179	12	9-3/4	11 10 9	0:57.97	37	-	-	1	H1/TT1	-	沙田	2.71							
2019/12/15	1	第四班	1000米	(60-40)	好地	草地 - "C+3" 賽道	10	3	西夏之王(C295)	梁家俊	蘇偉賢	128	1052	5	11	12 12 10	0:58.14	88	-	-	* 1	B-/H1/TT	4	沙田	2.71							
2019/12/15	1	第四班	1000米	(60-40)	好地	草地 - "C+3" 賽道	11	14	靈光八號(C154)	黃皓楠	鄭俊偉	114	1047	8	11-1/4	8 11 11	0:58.19	132	-	-	* 1	H/XB	4	沙田	2.71							
2019/12/15	1	第四班	1000米	(60-40)	好地	草地 - "C+3" 賽道	12	8	分到笑(C078)	何澤堯	賀賢	127	1059	1	12-1/4	13 13 12	0:58.35	23	-	-	+ 1	XB	4	沙田	2.71							
2019/12/15	1	第四班	1000米	(60-40)	好地	草地 - "C+3" 賽道	13	7	閃耀人生(C346)	希威森	徐雨石	127	1100	9	13-1/2	4 8 13	0:58.53	30	-	-	+ 1	B1	-	沙田	2.71							
2019/12/15	1	第四班	1000米	(60-40)	好地	草地 - "C+3" 賽道	14	10	南區寶(D149)	郭能	約翰摩亞	127	1106	4	13-3/4	10 7 14	0:58.61	45	-	-	+ 1	B1	3	沙田	2.71							
2019/12/15	2	第五班	1400米	(40-0)	好地	草地 - "C+3" 賽道	1	10	得賞(B288)	潘頓	葉楚航	127	1032	8	-	6 6 6 1	1:22.16	3.6	2nd Hot	-	+ 1	CP-	5	沙田	2.71	16.0			1341.5	410.0	57.0	
2019/12/15	2	第五班	1400米	(40-0)	好地	草地 - "C+3" 賽道	2	8	天地同心(B030)	希威森	徐雨石	127	1090	5	2-1/4	4 5 3 2	1:22.50	73	-	-	* 1	B-	5	沙田	2.71		155.0		1341.5	410.0		770.0
2019/12/15	2	第五班	1400米	(40-0)	好地	草地 - "C+3" 賽道	3	9	為您贏(B157)	郭能	鄭俊偉	127	1244	2	2-1/4	5 4 4 3	1:22.52	9.2	-	-	* 1	B	-	沙田	2.71			28.0			57.0	770.0
2019/12/15	2	第五班	1400米	(40-0)	好地	草地 - "C+3" 賽道	4	3	東龍陣(B394)	梁家俊	容天鵬	132	1094	6	2-1/2	9 8 8 4	1:22.54	12	-	-	+ 1	TT	4	沙田	2.71							
2019/12/15	2	第五班	1400米	(40-0)	好地	草地 - "C+3" 賽道	5	5	至尊大師(A357)	田泰安	告東尼	131	1272	1	2-1/2	2 3 5 5	1:22.57	18	-	-	* 1	B/TT	6	沙田	2.71							
2019/12/15	2	第五班	1400米	(40-0)	好地	草地 - "C+3" 賽道	6	11	萬里威揚(A055)	何澤堯	徐雨石	125	1036	13	3-1/4	14 14 12 6	1:22.69	100	-	-	2	B	7	沙田	2.71							
2019/12/15	2	第五班	1400米	(40-0)	好地	草地 - "C+3" 賽道	7	1	星河戰駒(C245)	黃皓楠	丁冠豪	130	1107	9	3-1/2	10 10 10 7	1:22.73	30	-	-	* 1	 	4	沙田	2.71							
2019/12/15	2	第五班	1400米	(40-0)	好地	草地 - "C+3" 賽道	8	6	依斯堅(B028)	莫雷拉	賀賢	130	1165	12	4	7 7 7 8	1:22.80	6.2	-	-	* 1	B	5	沙田	2.71							
2019/12/15	2	第五班	1400米	(40-0)	好地	草地 - "C+3" 賽道	9	2	種福者(B390)	蘇兆輝	文家良	133	1108	10	4	3 2 2 9	1:22.81	3.5	1st Hot	-	* 1	B	4	沙田	2.71							
2019/12/15	2	第五班	1400米	(40-0)	好地	草地 - "C+3" 賽道	10	12	領闖者(A399)	薛恩	方嘉柏	124	1177	4	5-1/2	8 9 9 10	1:23.04	15	-	-	1	B-/XB	-	沙田	2.71							
2019/12/15	2	第五班	1400米	(40-0)	好地	草地 - "C+3" 賽道	11	14	非同凡響(B242)	巴度	呂健威	113	1041	11	5-3/4	12 12 13 11	1:23.06	31	-	-	1	B/H/XB/TT	5	沙田	2.71							
2019/12/15	2	第五班	1400米	(40-0)	好地	草地 - "C+3" 賽道	12	13	好運齊來(B124)	蔡明紹	高伯新	113	1154	7	6-1/4	13 11 11 12	1:23.15	36	-	-	1	B2/H2	-	沙田	2.71							
2019/12/15	2	第五班	1400米	(40-0)	好地	草地 - "C+3" 賽道	13	4	勁好玩(A408)	巫顯東	葉楚航	128	1090	3	6-1/2	1 1 1 13	1:23.19	16	-	-	2	H	6	沙田	2.71							
2019/12/15	2	第五班	1400米	(40-0)	好地	草地 - "C+3" 賽道	14	7	執到笑(B130)	史卓豐	蘇保羅	128	1164	14	9-1/4	11 13 14 14	1:23.63	77	-	-	1	B/TT	5	沙田	2.71							
2019/12/15	3	第四班	1200米	(60-40)	好地	全天候跑道	1	10	超能力(D093)	田泰安	韋達	126	1176	10	-	7 6 1	1:09.38	4	2nd Hot	-	+ 1	XB1	4	沙田	2.71	19.5			148.5	64.5	157.0	
2019/12/15	3	第四班	1200米	(60-40)	好地	全天候跑道	2	3	理想回報(A305)	潘頓	沈集成	131	1089	6	1-1/2	2 2 2	1:09.61	6.4	-	-	+ 1	P2/TT	7	沙田	2.71		20.0		148.5	64.5		187.5
2019/12/15	3	第四班	1200米	(60-40)	好地	全天候跑道	3	12	為食格格(C312)	蘇狄雄	蘇偉賢	116	1254	5	2-1/2	11 10 3	1:09.76	27	-	-	* 1	H/TT	4	沙田	2.71			56.5			157.0	187.5
2019/12/15	3	第四班	1200米	(60-40)	好地	全天候跑道	4	6	天賜寶(V401)	梁家俊	徐雨石	130	1101	8	3	3 5 4	1:09.88	34	-	-	* 1	H	6	沙田	2.71							
2019/12/15	3	第四班	1200米	(60-40)	好地	全天候跑道	5	2	精算八方(A221)	莫雷拉	蔡約翰	132	1130	3	4	1 1 5	1:10.01	3.3	1st Hot	-	+ 1	PC/XB	6	沙田	2.71							
2019/12/15	3	第四班	1200米	(60-40)	好地	全天候跑道	6	11	好友無敵(A217)	黎海榮	文家良	118	1061	9	4	8 9 6	1:10.02	24	-	-	1	B	6	沙田	2.71							
2019/12/15	3	第四班	1200米	(60-40)	好地	全天候跑道	7	5	龍城猛將(V225)	史卓豐	苗禮德	131	1192	1	4	5 3 7	1:10.03	17	-	-	+ 1	B/TT	6	沙田	2.71							
2019/12/15	3	第四班	1200米	(60-40)	好地	全天候跑道	8	8	加州雷電(D147)	李寶利	告東尼	126	1181	2	5	9 8 8	1:10.19	7.8	-	-	1	TT	3	沙田	2.71							
2019/12/15	3	第四班	1200米	(60-40)	好地	全天候跑道	9	7	上捕先鋒(C300)	郭能	霍利時	129	1168	4	5-1/4	4 4 9	1:10.22	7	-	-	+ 1	B	5	沙田	2.71							
2019/12/15	3	第四班	1200米	(60-40)	好地	全天候跑道	10	4	香江穩勝(T254)	蔡明紹	鄭俊偉	131	1316	11	13-1/4	10 11 10	1:11.50	51	-	-	+ 1	CP-/B2	8	沙田	2.71							
2019/12/15	3	第四班	1200米	(60-40)	好地	全天候跑道	11	1	金地飛客(V161)	蘇兆輝	蘇保羅	132	1235	12	16-1/4	12 12 11	1:12.00	25	-	-	* 1	 	7	沙田	2.71							
2019/12/15	3	第四班	1200米	(60-40)	好地	全天候跑道	12	9	電路五號(C484)	何澤堯	約翰摩亞	126	1146	7	17-1/4	6 7 12	1:12.13	71	-	-	* 1	PC1/TT1	-	沙田	2.71							
2019/12/15	4	第五班	1800米	(40-0)	好地	草地 - "C+3" 賽道	1	12	靚籐王(B425)	田泰安	高伯新	118	1138	2	-	1 1 1 1 1	1:48.43	8.1	-	-	2	B	4	沙田	2.71	24.0			608.5	196.5	78.0	
2019/12/15	4	第五班	1800米	(40-0)	好地	草地 - "C+3" 賽道	2	1	真跑得(A220)	何澤堯	方嘉柏	133	1090	9	1-1/4	9 8 9 9 2	1:48.62	17	-	-	1	TT	5	沙田	2.71		47.5		608.5	196.5		171.0
2019/12/15	4	第五班	1800米	(40-0)	好地	草地 - "C+3" 賽道	3	2	金童(V232)	薛恩	呂健威	133	1084	3	1-1/4	7 7 7 3 3	1:48.65	6.8	-	-	1	B	8	沙田	2.71			23.0			78.0	171.0
2019/12/15	4	第五班	1800米	(40-0)	好地	草地 - "C+3" 賽道	4	5	好醒神(C175)	巴度	姚本輝	130	1032	6	2-1/2	5 6 6 5 4	1:48.82	75	-	-	1	B	4	沙田	2.71							
2019/12/15	4	第五班	1800米	(40-0)	好地	草地 - "C+3" 賽道	5	6	得意(C174)	李寶利	葉楚航	130	1165	1	3	6 4 4 4 5	1:48.93	5.1	2nd Hot	-	1	B/XB/TT	4	沙田	2.71							
2019/12/15	4	第五班	1800米	(40-0)	好地	草地 - "C+3" 賽道	6	4	活力得勝(C091)	梁家俊	蘇保羅	131	1105	11	3-3/4	12 11 10 8 6	1:49.04	11	-	-	1	B	4	沙田	2.71							
2019/12/15	4	第五班	1800米	(40-0)	好地	草地 - "C+3" 賽道	7	13	醒目快駒(B107)	莫雷拉	鄭俊偉	117	1089	13	5	14 13 12 13 7	1:49.23	5.4	-	-	1	H/B2/TT	6	沙田	2.71							
2019/12/15	4	第五班	1800米	(40-0)	好地	草地 - "C+3" 賽道	8	8	鴻圖機會(A284)	郭能	容天鵬	128	1083	7	5-1/4	8 9 8 10 8	1:49.27	28	-	-	1	CP	-	沙田	2.71							
2019/12/15	4	第五班	1800米	(40-0)	好地	草地 - "C+3" 賽道	9	14	綠駿精英(B448)	潘明輝	葉楚航	112	1200	5	7	2 2 2 2 9	1:49.55	86	-	-	2	B	5	沙田	2.71							
2019/12/15	4	第五班	1800米	(40-0)	好地	草地 - "C+3" 賽道	10	11	明德之星(B395)	潘頓	賀賢	120	1047	12	7-1/2	11 12 13 11 10	1:49.61	3.7	1st Hot	-	1	 	4	沙田	2.71							
2019/12/15	4	第五班	1800米	(40-0)	好地	草地 - "C+3" 賽道	11	10	火天大有(V406)	蘇兆輝	何良	120	1066	8	8-1/2	10 10 11 12 11	1:49.78	12	-	-	+ 1	V-/CP1	7	沙田	2.71							
2019/12/15	4	第五班	1800米	(40-0)	好地	草地 - "C+3" 賽道	12	3	馬友寶寶(C085)	史卓豐	蘇保羅	133	1117	14	12-3/4	13 14 14 14 12	1:50.47	151	-	-	2	B/TT	-	沙田	2.71							
2019/12/15	4	第五班	1800米	(40-0)	好地	草地 - "C+3" 賽道	13	7	天賦威力(B335)	蘇狄雄	賀賢	127	1042	10	16-1/2	4 3 3 6 13	1:51.06	267	-	-	2	TT	5	沙田	2.71							
2019/12/15	4	第五班	1800米	(40-0)	好地	草地 - "C+3" 賽道	14	9	玩斗財星(C243)	希威森	高伯新	128	1116	4	17-1/4	3 5 5 7 14	1:51.18	170	-	-	* 1	B	4	沙田	2.71							
2019/12/15	5	第四班	1400米	(60-40)	好地	草地 - "C+3" 賽道	1	11	得益良多(C353)	蘇兆輝	約翰摩亞	122	1103	2	-	3 4 4 1	1:21.74	4.3	1st Hot	-	* 1	CP/XB/TT	4	沙田	2.71	16.0			655.5	195.0	53.0	
2019/12/15	5	第四班	1400米	(60-40)	好地	草地 - "C+3" 賽道	2	5	高大威猛(C470)	黎海榮	姚本輝	125	1243	3	1/2	4 5 3 2	1:21.83	23	-	-	* 1	B1	4	沙田	2.71		66.5		655.5	195.0		221.0
2019/12/15	5	第四班	1400米	(60-40)	好地	草地 - "C+3" 賽道	3	9	正本開心(C227)	郭能	羅富全	123	1149	4	1	5 7 6 3	1:21.91	6.1	-	-	+ 1	TT	4	沙田	2.71			21.0			53.0	221.0
2019/12/15	5	第四班	1400米	(60-40)	好地	草地 - "C+3" 賽道	4	10	金碧科(B225)	李寶利	鄭俊偉	122	1037	14	2	13 13 13 4	1:22.07	13	-	-	+ 1	 	5	沙田	2.71							
2019/12/15	5	第四班	1400米	(60-40)	好地	草地 - "C+3" 賽道	5	12	明月昇輝(A324)	何澤堯	韋達	119	1084	11	2-1/2	2 1 1 5	1:22.14	9.2	-	-	+ 1	H	6	沙田	2.71							
2019/12/15	5	第四班	1400米	(60-40)	好地	草地 - "C+3" 賽道	6	2	木火同明(C460)	莫雷拉	何良	126	1051	9	2-3/4	10 8 8 6	1:22.17	7.9	-	-	+ 1	H	4	沙田	2.71							
2019/12/15	5	第四班	1400米	(60-40)	好地	草地 - "C+3" 賽道	7	4	天意(V417)	田泰安	蘇保羅	125	1144	5	3	8 9 9 7	1:22.21	5.4	2nd Hot	-	+ 1	B	6	沙田	2.71							
2019/12/15	5	第四班	1400米	(60-40)	好地	草地 - "C+3" 賽道	8	14	富祿(C352)	巴度	葉楚航	118	1091	12	3	7 2 2 8	1:22.22	12	-	-	+ 1	H/XB	5	沙田	2.71							
2019/12/15	5	第四班	1400米	(60-40)	好地	草地 - "C+3" 賽道	9	8	至叻仔(D013)	梁家俊	蘇偉賢	123	1166	1	3-1/4	6 6 7 9	1:22.26	159	-	-	* 1	 	4	沙田	2.71							
2019/12/15	5	第四班	1400米	(60-40)	好地	草地 - "C+3" 賽道	10	13	威力琦(C155)	黃皓楠	方嘉柏	116	997	7	4-3/4	11 10 10 10	1:22.48	319	-	-	+ 1	P	5	沙田	2.71							
2019/12/15	5	第四班	1400米	(60-40)	好地	草地 - "C+3" 賽道	11	1	美妙星(A202)	潘頓	容天鵬	126	1080	13	4-3/4	9 11 11 11	1:22.51	7.8	-	-	+ 1	B-/TT	6	沙田	2.71							
2019/12/15	5	第四班	1400米	(60-40)	好地	草地 - "C+3" 賽道	12	6	霹靂狂龍(D003)	潘明輝	賀賢	123	1027	10	6-1/4	12 12 12 12	1:22.74	23	-	-	* 1	H	4	沙田	2.71							
2019/12/15	5	第四班	1400米	(60-40)	好地	草地 - "C+3" 賽道	13	3	瀟灑王子(V069)	蔡明紹	文家良	125	1175	6	11-3/4	1 3 5 13	1:23.64	50	-	-	* 1	B	7	沙田	2.71							
2019/12/15	5	第四班	1400米	(60-40)	好地	草地 - "C+3" 賽道		7	真勝者(C039)	巫顯東	丁冠豪	121	---	---	---	---	---	---	-	-	-	-	4	沙田	2.71							
2019/12/15	6	第四班	1600米	(60-40)	好地	草地 - "C+3" 賽道	1	13	電訊火箭(C137)	莫雷拉	徐雨石	117	1075	11	-	1 3 2 1	1:34.51	2.8	1st Hot	-	+ 1	B-/CP1	5	沙田	2.71	13.5			92.5	43.0	59.0	
2019/12/15	6	第四班	1600米	(60-40)	好地	草地 - "C+3" 賽道	2	4	精彩有你(C394)	蔡明紹	姚本輝	125	1062	8	頸位	4 4 4 2	1:34.55	5.1	-	-	1	XB/B1	4	沙田	2.71		18.0		92.5	43.0		53.5
2019/12/15	6	第四班	1600米	(60-40)	好地	草地 - "C+3" 賽道	3	10	開心大師(B222)	何澤堯	方嘉柏	119	1103	6	1/2	10 11 9 3	1:34.60	7.9	-	-	1	TT	5	沙田	2.71			23.0			59.0	53.5
2019/12/15	6	第四班	1600米	(60-40)	好地	草地 - "C+3" 賽道	4	3	寶得住(C125)	李寶利	葉楚航	126	1020	5	3/4	11 10 8 4	1:34.66	8.7	-	-	1	XB/TT	5	沙田	2.71							
2019/12/15	6	第四班	1600米	(60-40)	好地	草地 - "C+3" 賽道	5	2	韻妙星(A363)	潘頓	霍利時	129	1263	3	1-1/2	7 6 5 5	1:34.74	5	2nd Hot	-	1	B	6	沙田	2.71							
2019/12/15	6	第四班	1600米	(60-40)	好地	草地 - "C+3" 賽道	6	6	數糊勇士(B421)	田泰安	羅富全	124	1223	12	2-3/4	12 12 11 6	1:34.96	17	-	-	+ 1	SR-/B	4	沙田	2.71							
2019/12/15	6	第四班	1600米	(60-40)	好地	草地 - "C+3" 賽道	7	1	超凡動力(C434)	潘明輝	葉楚航	123	1108	7	6-3/4	9 9 12 7	1:35.59	128	-	-	2	 	4	沙田	2.71							
2019/12/15	6	第四班	1600米	(60-40)	好地	草地 - "C+3" 賽道	8	14	錶之精靈(C184)	黎海榮	文家良	115	1100	10	7-1/4	2 1 1 8	1:35.66	243	-	-	1	B	4	沙田	2.71							
2019/12/15	6	第四班	1600米	(60-40)	好地	草地 - "C+3" 賽道	9	12	金銀城(C279)	黃皓楠	容天鵬	114	1143	13	8-1/4	14 14 14 9	1:35.81	415	-	-	* 1	H	4	沙田	2.71							
2019/12/15	6	第四班	1600米	(60-40)	好地	草地 - "C+3" 賽道	10	8	天天精彩(C414)	巴度	告東尼	121	1114	4	8-3/4	5 5 7 10	1:35.93	121	-	-	* 1	B/TT	4	沙田	2.71							
2019/12/15	6	第四班	1600米	(60-40)	好地	草地 - "C+3" 賽道	11	9	坪山新星(C242)	希威森	蘇保羅	120	986	2	11-1/4	8 8 10 11	1:36.30	80	-	-	1	 	4	沙田	2.71							
2019/12/15	6	第四班	1600米	(60-40)	好地	草地 - "C+3" 賽道	12	5	中神通(C444)	薛恩	蔡約翰	124	1140	1	13	6 7 6 12	1:36.61	20	-	-	1	B/TT1	4	沙田	2.71							
2019/12/15	6	第四班	1600米	(60-40)	好地	草地 - "C+3" 賽道	13	7	歡樂家庭(B397)	梁家俊	蘇偉賢	122	1038	14	14-1/4	13 13 13 13	1:36.81	335	-	-	* 1	 	-	沙田	2.71							
2019/12/15	6	第四班	1600米	(60-40)	好地	草地 - "C+3" 賽道	14	11	七寶(B314)	蘇兆輝	約翰摩亞	117	1072	9	17-3/4	3 2 3 14	1:37.35	12	-	-	1	B/TT	-	沙田	2.71							
2019/12/15	6	第四班	1600米	(60-40)	好地	草地 - "C+3" 賽道			綠尚飛馳(B258)	潘明輝	姚本輝	131	---	---	---	---	---	---	-	-	-	-	5	沙田	2.71							
2019/12/15	7	第三班	1200米	(80-60)	好地	全天候跑道	1	4	錶之銳(C193)	何澤堯	呂健威	128	1140	10	-	5 4 1	1:09.08	1.4	1st Hot	-	+ 1	B/H/TT	5	沙田	2.71	11.5			50.0	23.5	32.5	
2019/12/15	7	第三班	1200米	(80-60)	好地	全天候跑道	2	8	公証福將(A148)	潘頓	鄭俊偉	123	1181	12	1/2	8 7 2	1:09.16	6.4	2nd Hot	-	1	XB/TT	7	沙田	2.71		19.5		50.0	23.5		76.0
2019/12/15	7	第三班	1200米	(80-60)	好地	全天候跑道	3	2	艮志騰雲(B119)	潘明輝	文家良	129	1193	7	1-3/4	1 1 3	1:09.33	11	-	-	+ 1	SR1	5	沙田	2.71			22.0			32.5	76.0
2019/12/15	7	第三班	1200米	(80-60)	好地	全天候跑道	4	9	旋里多彩(B469)	希威森	徐雨石	121	1051	5	1-3/4	2 3 4	1:09.34	23	-	-	* 1	B/H	4	沙田	2.71							
2019/12/15	7	第三班	1200米	(80-60)	好地	全天候跑道	5	1	朝五晚九(B330)	蘇兆輝	羅富全	133	1045	11	3-1/4	3 2 5	1:09.60	51	-	-	* 1	CP/XB	-	沙田	2.71							
2019/12/15	7	第三班	1200米	(80-60)	好地	全天候跑道	6	5	美麗標緻(C057)	田泰安	告東尼	125	1099	6	5-1/2	11 10 6	1:09.97	10	-	-	+ 1	B/TT	4	沙田	2.71							
2019/12/15	7	第三班	1200米	(80-60)	好地	全天候跑道	7	11	連利之星(S093)	蘇狄雄	蘇保羅	114	1141	4	5-3/4	12 12 7	1:09.99	192	-	-	* 1	B	9	沙田	2.71							
2019/12/15	7	第三班	1200米	(80-60)	好地	全天候跑道	8	6	事勝意(T391)	黃皓楠	苗禮德	121	1067	2	5-3/4	10 11 8	1:10.00	278	-	-	* 1	SR/TT	8	沙田	2.71							
2019/12/15	7	第三班	1200米	(80-60)	好地	全天候跑道	9	12	赤水神駒(V364)	黎海榮	葉楚航	113	1184	9	6-1/4	4 6 9	1:10.07	181	-	-	* 1	 	6	沙田	2.71							
2019/12/15	7	第三班	1200米	(80-60)	好地	全天候跑道	10	7	大自然(C489)	蔡明紹	高伯新	124	1291	8	6-3/4	7 8 10	1:10.16	89	-	-	+ 1	TT-	4	沙田	2.71							
2019/12/15	7	第三班	1200米	(80-60)	好地	全天候跑道	11	10	添好運(T306)	莫雷拉	蘇偉賢	120	1123	3	7-1/4	6 5 11	1:10.25	19	-	-	+ 1	B/TT	-	沙田	2.71							
2019/12/15	7	第三班	1200米	(80-60)	好地	全天候跑道	12	3	最驫(A022)	巫顯東	沈集成	126	1183	1	10	9 9 12	1:10.69	30	-	-	1	B/TT	7	沙田	2.71							
2019/12/15	8	第二班	1400米	(105-80)	好地	草地 - "C+3" 賽道	1	9	最合拍(B393)	巴度	沈集成	113	1097	2	-	1 2 2 1	1:20.79	2.2	1st Hot	-	1	B/TT	4	沙田	2.71	12.0			371.5	117.0	45.5	
2019/12/15	8	第二班	1400米	(105-80)	好地	草地 - "C+3" 賽道	2	3	壯思飛(V110)	潘明輝	方嘉柏	114	1152	6	3/4	10 10 10 2	1:20.92	34	-	-	1	 	-	沙田	2.71		65.5		371.5	117.0		410.0
2019/12/15	8	第二班	1400米	(105-80)	好地	草地 - "C+3" 賽道	3	1	駿龍駒(D129)	潘頓	羅富全	123	1038	9	1-3/4	8 7 7 3	1:21.08	9.9	-	-	1	 	4	沙田	2.71			27.5			45.5	410.0
2019/12/15	8	第二班	1400米	(105-80)	好地	草地 - "C+3" 賽道	4	11	美麗滿紛(C475)	莫雷拉	蔡約翰	115	1159	1	3	5 4 3 4	1:21.26	2.8	2nd Hot	-	+ 1	B	4	沙田	2.71							
2019/12/15	8	第二班	1400米	(105-80)	好地	草地 - "C+3" 賽道	5	5	好運多贏(B257)	蘇狄雄	羅富全	114	1121	4	3-3/4	11 12 9 5	1:21.38	42	-	-	2	SR/TT	5	沙田	2.71							
2019/12/15	8	第二班	1400米	(105-80)	好地	草地 - "C+3" 賽道	6	13	玖寶(D056)	黃皓楠	約翰摩亞	112	1103	3	4	9 8 5 6	1:21.45	99	-	-	2	TT1	4	沙田	2.71							
2019/12/15	8	第二班	1400米	(105-80)	好地	草地 - "C+3" 賽道	7	6	標準猴王(B244)	希威森	約翰摩亞	115	1203	8	4-1/2	4 1 1 7	1:21.52	25	-	-	1	XB-	5	沙田	2.71							
2019/12/15	8	第二班	1400米	(105-80)	好地	草地 - "C+3" 賽道	8	14	優悠皇(C399)	蘇兆輝	苗禮德	115	1021	5	4-3/4	6 6 6 8	1:21.55	10	-	-	1	 	4	沙田	2.71							
2019/12/15	8	第二班	1400米	(105-80)	好地	草地 - "C+3" 賽道	9	8	電路二號(B387)	田泰安	告東尼	114	1036	7	5-3/4	2 3 4 9	1:21.71	19	-	-	1	B/H/TT	-	沙田	2.71							
2019/12/15	8	第二班	1400米	(105-80)	好地	草地 - "C+3" 賽道	10	12	威進駒(A326)	黎海榮	呂健威	113	1162	12	5-3/4	14 13 13 10	1:21.73	132	-	-	* 1	 	6	沙田	2.71							
2019/12/15	8	第二班	1400米	(105-80)	好地	草地 - "C+3" 賽道	11	2	皇龍大將(T400)	梁家俊	徐雨石	119	1113	11	6-3/4	13 14 14 11	1:21.87	58	-	-	1	B/TT	8	沙田	2.71							
2019/12/15	8	第二班	1400米	(105-80)	好地	草地 - "C+3" 賽道	12	4	小鳥敖翔(B069)	何澤堯	姚本輝	116	1212	14	8	7 9 11 12	1:22.06	163	-	-	1	V-	6	沙田	2.71							
2019/12/15	8	第二班	1400米	(105-80)	好地	草地 - "C+3" 賽道	13	10	悅跑得(C502)	蔡明紹	葉楚航	113	1144	13	8-1/2	12 11 12 13	1:22.16	344	-	-	1	XB/TT	4	沙田	2.71							
2019/12/15	8	第二班	1400米	(105-80)	好地	草地 - "C+3" 賽道	14	7	美麗精神(B409)	巫顯東	告東尼	111	1281	10	9-1/2	3 5 8 14	1:22.32	36	-	-	2	CP/TT	5	沙田	2.71							
2019/12/15	9	第三班	1200米	(80-60)	好地	草地 - "C+3" 賽道	1	9	合衷共濟(B250)	潘明輝	賀賢	117	1112	1	-	1 1 1	1:08.63	3.1	2nd Hot	-	+ 1	 	4	沙田	2.71	13.0			169.0	61.5	20.5	
2019/12/15	9	第三班	1200米	(80-60)	好地	草地 - "C+3" 賽道	2	4	錶之智能(D139)	蘇兆輝	約翰摩亞	127	1090	12	2-1/4	12 12 2	1:09.01	10	-	-	+ 1	XB1	3	沙田	2.71		30.0		169.0	61.5		70.0
2019/12/15	9	第三班	1200米	(80-60)	好地	草地 - "C+3" 賽道	3	5	發財寶(B220)	田泰安	韋達	122	1056	6	2-1/2	5 5 3	1:09.03	3	1st Hot	-	1	B/XB	5	沙田	2.71			13.5			20.5	70.0
2019/12/15	9	第三班	1200米	(80-60)	好地	草地 - "C+3" 賽道	4	2	同樂日(B087)	巴度	沈集成	129	1062	11	2-3/4	4 3 4	1:09.06	17	-	-	1	B/TT	6	沙田	2.71							
2019/12/15	9	第三班	1200米	(80-60)	好地	草地 - "C+3" 賽道	5	1	鑽飛鷹(B309)	莫雷拉	姚本輝	133	1207	3	2-3/4	3 4 5	1:09.09	5.3	-	-	+ 1	XB	-	沙田	2.71							
2019/12/15	9	第三班	1200米	(80-60)	好地	草地 - "C+3" 賽道	6	8	智愛(A010)	蔡明紹	蘇保羅	119	1198	9	3-3/4	10 9 6	1:09.23	16	-	-	+ 1	B	6	沙田	2.71							
2019/12/15	9	第三班	1200米	(80-60)	好地	草地 - "C+3" 賽道	7	6	老實人(B200)	李寶利	霍利時	122	1237	8	4	7 7 7	1:09.26	16	-	-	+ 1	 	5	沙田	2.71							
2019/12/15	9	第三班	1200米	(80-60)	好地	草地 - "C+3" 賽道	8	3	團結精神(B230)	潘頓	蘇偉賢	129	1199	10	4-1/4	2 2 8	1:09.33	30	-	-	+ 1	B/TT	5	沙田	2.71							
2019/12/15	9	第三班	1200米	(80-60)	好地	草地 - "C+3" 賽道	9	10	開懷大少(A278)	黎海榮	文家良	115	1158	2	4-1/2	8 8 9	1:09.36	199	-	-	* 1	B/TT	6	沙田	2.71							
2019/12/15	9	第三班	1200米	(80-60)	好地	草地 - "C+3" 賽道	10	12	博愛友威(C152)	蘇狄雄	葉楚航	112	1097	5	5-3/4	11 11 10	1:09.55	256	-	-	* 1	 	4	沙田	2.71							
2019/12/15	9	第三班	1200米	(80-60)	好地	草地 - "C+3" 賽道	11	7	綠色勇駿(D140)	何澤堯	方嘉柏	121	1140	4	6	6 6 11	1:09.61	21	-	-	+ 1	 	4	沙田	2.71							
2019/12/15	9	第三班	1200米	(80-60)	好地	草地 - "C+3" 賽道	12	11	公証揚鳴(V078)	黃皓楠	鄭俊偉	112	1153	7	10	9 10 12	1:10.23	129	-	-	* 1	B	-	沙田	2.71							
2019/12/15	10	第三班	1600米	(80-60)	好地	草地 - "C+3" 賽道	1	3	精神威(C345)	潘頓	羅富全	131	1133	11	-	2 2 2 1	1:34.73	4.4	2nd Hot	-	1	 	4	沙田	2.71	16.5			283.5	102.0	44.0	
2019/12/15	10	第三班	1600米	(80-60)	好地	草地 - "C+3" 賽道	2	10	超班福星(C183)	梁家俊	丁冠豪	123	1073	13	1	13 12 9 2	1:34.88	19	-	-	+ 1	CP-/B1/TT	5	沙田	2.71		46.5		283.5	102.0		131.5
2019/12/15	10	第三班	1600米	(80-60)	好地	草地 - "C+3" 賽道	3	13	翡翠綠(C056)	蘇兆輝	苗禮德	117	1113	1	1-1/4	7 7 6 3	1:34.94	5.3	-	-	+ 1	B/XB	4	沙田	2.71			17.5			44.0	131.5
2019/12/15	10	第三班	1600米	(80-60)	好地	草地 - "C+3" 賽道	4	12	一見傾心(B401)	李寶利	蘇保羅	120	1202	5	1-1/4	1 1 1 4	1:34.95	32	-	-	1	B	5	沙田	2.71							
2019/12/15	10	第三班	1600米	(80-60)	好地	草地 - "C+3" 賽道	5	1	包裝才子(C069)	田泰安	告東尼	133	1191	14	1-1/2	14 13 12 5	1:34.97	9.2	-	-	+ 1	B-/CP2/TT	-	沙田	2.71							
2019/12/15	10	第三班	1600米	(80-60)	好地	草地 - "C+3" 賽道	6	11	尖子(C266)	黃皓楠	徐雨石	118	1093	3	2-1/4	5 4 3 6	1:35.11	198	-	-	* 1	B-/SR	5	沙田	2.71							
2019/12/15	10	第三班	1600米	(80-60)	好地	草地 - "C+3" 賽道	7	6	加州大帝(D131)	巴度	高伯新	125	1153	12	2-1/2	10 9 11 7	1:35.13	161	-	-	+ 1	 	4	沙田	2.71							
2019/12/15	10	第三班	1600米	(80-60)	好地	草地 - "C+3" 賽道	8	4	魅影揚飛(A354)	莫雷拉	姚本輝	128	1227	10	2-3/4	9 11 13 8	1:35.19	9.4	-	-	1	B	5	沙田	2.71							
2019/12/15	10	第三班	1600米	(80-60)	好地	草地 - "C+3" 賽道	9	14	好計(B432)	潘明輝	方嘉柏	115	1074	9	3	12 14 14 9	1:35.23	30	-	-	* 1	V/XB	5	沙田	2.71							
2019/12/15	10	第三班	1600米	(80-60)	好地	草地 - "C+3" 賽道	10	7	機臣(D041)	薛恩	約翰摩亞	125	1102	6	4	8 6 7 10	1:35.36	308	-	-	1	B/XB	4	沙田	2.71							
2019/12/15	10	第三班	1600米	(80-60)	好地	草地 - "C+3" 賽道	11	5	長長友(B472)	蔡明紹	容天鵬	127	1152	8	4-1/2	11 10 10 11	1:35.45	50	-	-	1	B	4	沙田	2.71							
2019/12/15	10	第三班	1600米	(80-60)	好地	草地 - "C+3" 賽道	12	2	旺旺龍(C294)	希威森	霍利時	132	1227	4	5-1/2	3 5 5 12	1:35.62	27	-	-	* 1	 	-	沙田	2.71							
2019/12/15	10	第三班	1600米	(80-60)	好地	草地 - "C+3" 賽道	13	9	錶之皇者(B398)	何澤堯	文家良	123	1225	2	11	6 8 8 13	1:36.48	2.5	1st Hot	-	+ 1	B	5	沙田	2.71							
2019/12/15	10	第三班	1600米	(80-60)	好地	草地 - "C+3" 賽道	14	8	會展達人(C505)	黎海榮	葉楚航	125	1249	7	11-1/4	4 3 4 14	1:36.53	494	-	-	* 1	 	4	沙田	2.71							
2019/12/18	1	第五班	1650米	(40-0)	好地至快地	草地 - "C+3" 賽道	1	4	醉開心(B286)	潘頓	葉楚航	130	1105	3	-	6 6 6 1	1:39.80	2.8	1st Hot	-	+ 1	E/TT	5	跑馬地	2.69	14.0			383.5	122.5	85.0	
2019/12/18	1	第五班	1650米	(40-0)	好地至快地	草地 - "C+3" 賽道	2	9	向前看(B331)	楊明綸	鄭俊偉	120	1125	8	2	9 8 8 2	1:40.13	23	-	-	+ 1	TT	6	跑馬地	2.69		59.0		383.5	122.5		469.0
2019/12/18	1	第五班	1650米	(40-0)	好地至快地	草地 - "C+3" 賽道	3	5	金錢炮(T022)	郭能	呂健威	127	965	4	2-3/4	7 7 7 3	1:40.24	18	-	-	* 1	B/H/XB	8	跑馬地	2.69			46.0			85.0	469.0
2019/12/18	1	第五班	1650米	(40-0)	好地至快地	草地 - "C+3" 賽道	4	12	不忘初心(B231)	黃皓楠	徐雨石	112	1062	2	3	1 1 1 4	1:40.27	39	-	-	1	PC-	5	跑馬地	2.69							
2019/12/18	1	第五班	1650米	(40-0)	好地至快地	草地 - "C+3" 賽道	5	10	財帥(B134)	蔡明紹	蘇保羅	114	1126	10	3-3/4	5 5 2 5	1:40.38	12	-	-	+ 1	BO	5	跑馬地	2.69							
2019/12/18	1	第五班	1650米	(40-0)	好地至快地	草地 - "C+3" 賽道	6	1	話晒事(B239)	莫雷拉	告東尼	133	993	12	4-1/4	3 3 4 6	1:40.47	3.3	2nd Hot	-	+ 1	B/TT	-	跑馬地	2.69							
2019/12/18	1	第五班	1650米	(40-0)	好地至快地	草地 - "C+3" 賽道	7	7	堅離地(A235)	田泰安	蘇偉賢	126	1056	11	5	11 12 12 7	1:40.59	14	-	-	+ 1	H/XB/TT	6	跑馬地	2.69							
2019/12/18	1	第五班	1650米	(40-0)	好地至快地	草地 - "C+3" 賽道	8	2	駿協精英(V207)	梁家俊	何良	131	1179	1	5-1/4	4 4 5 8	1:40.62	7.2	-	-	* 1	H/SR	7	跑馬地	2.69							
2019/12/18	1	第五班	1650米	(40-0)	好地至快地	草地 - "C+3" 賽道	9	8	葵涌老友(A012)	巴度	高伯新	121	1160	7	6-1/4	8 9 9 9	1:40.79	17	-	-	1	B	7	跑馬地	2.69							
2019/12/18	1	第五班	1650米	(40-0)	好地至快地	草地 - "C+3" 賽道	10	6	賞心星(C251)	薛恩	方嘉柏	126	1190	9	7-1/4	12 11 10 10	1:40.96	14	-	-	* 1	V/TT	4	跑馬地	2.69							
2019/12/18	1	第五班	1650米	(40-0)	好地至快地	草地 - "C+3" 賽道	11	3	太陽多多(C171)	黎海榮	文家良	131	1112	5	7-1/2	10 10 11 11	1:40.98	57	-	-	1	B/TT	4	跑馬地	2.69							
2019/12/18	1	第五班	1650米	(40-0)	好地至快地	草地 - "C+3" 賽道	12	11	頌賞(B007)	蘇狄雄	文家良	111	1026	6	15	2 2 3 12	1:42.22	210	-	-	2	B	5	跑馬地	2.69							
2019/12/18	2	第四班	1000米	(60-40)	好地至快地	草地 - "C+3" 賽道	1	1	閃電精靈(D071)	田泰安	告東尼	133	1167	12	-	1 1 1	0:57.10	4.4	-	-	+ 1	TT	3	跑馬地	2.69	17.5			111.0	45.0	39.0	
2019/12/18	2	第四班	1000米	(60-40)	好地至快地	草地 - "C+3" 賽道	2	9	奇妙日(B332)	薛恩	沈集成	121	1182	4	1-3/4	6 7 2	0:57.37	5.1	-	-	* 1	B-/H2/TT	6	跑馬地	2.69		15.5		111.0	45.0		37.0
2019/12/18	2	第四班	1000米	(60-40)	好地至快地	草地 - "C+3" 賽道	3	10	開心好友(B466)	潘明輝	姚本輝	115	1129	7	2-1/4	2 3 3	0:57.45	4	2nd Hot	-	+ 1	B	4	跑馬地	2.69			15.5			39.0	37.0
2019/12/18	2	第四班	1000米	(60-40)	好地至快地	草地 - "C+3" 賽道	4	8	過河勁卒(C381)	莫雷拉	蔡約翰	125	1050	5	2-1/2	11 10 4	0:57.51	11	-	-	+ 1	 	3	跑馬地	2.69							
2019/12/18	2	第四班	1000米	(60-40)	好地至快地	草地 - "C+3" 賽道	5	4	多姿多財(D125)	潘頓	羅富全	125	1020	8	2-3/4	3 2 5	0:57.55	3.3	1st Hot	-	+ 1	 	3	跑馬地	2.69							
2019/12/18	2	第四班	1000米	(60-40)	好地至快地	草地 - "C+3" 賽道	6	11	哈蝦王旺(B381)	巴度	高伯新	116	1155	11	3	4 4 6	0:57.58	21	-	-	+ 1	B/TT	5	跑馬地	2.69							
2019/12/18	2	第四班	1000米	(60-40)	好地至快地	草地 - "C+3" 賽道	7	12	十分酷(A328)	巫顯東	方嘉柏	112	1210	6	3-1/2	9 9 7	0:57.65	57	-	-	* 1	H/P	6	跑馬地	2.69							
2019/12/18	2	第四班	1000米	(60-40)	好地至快地	草地 - "C+3" 賽道	8	2	福滿寶(D118)	利敬國	賀賢	130	1048	2	3-1/2	5 5 8	0:57.67	39	-	-	+ 1	 	4	跑馬地	2.69							
2019/12/18	2	第四班	1000米	(60-40)	好地至快地	草地 - "C+3" 賽道	9	7	旺舖必星(C387)	梁家俊	丁冠豪	125	1126	3	4-1/2	10 11 9	0:57.82	50	-	-	* 1	 	4	跑馬地	2.69							
2019/12/18	2	第四班	1000米	(60-40)	好地至快地	草地 - "C+3" 賽道	10	5	中華精神(D148)	蘇狄雄	何良	123	1128	1	4-3/4	7 8 10	0:57.87	72	-	-	* 1	 	3	跑馬地	2.69							
2019/12/18	2	第四班	1000米	(60-40)	好地至快地	草地 - "C+3" 賽道	11	6	時尚傳奇(D012)	楊明綸	容天鵬	125	1142	9	8	12 12 11	0:58.38	49	-	-	* 1	 	4	跑馬地	2.69							
2019/12/18	2	第四班	1000米	(60-40)	好地至快地	草地 - "C+3" 賽道	12	3	月追越風(A398)	史卓豐	蘇偉賢	129	1070	10	8-3/4	8 6 12	0:58.49	54	-	-	* 1	B/TT	6	跑馬地	2.69							
2019/12/18	3	第四班	1650米	(60-40)	好地至快地	草地 - "C+3" 賽道	1	11	飛雲騅(B274)	蔡明紹	方嘉柏	114	1099	9	-	2 2 1 1	1:39.52	47	-	-	* 1	TT	5	跑馬地	2.69	113.0			1682.0	435.5	241.5	
2019/12/18	3	第四班	1650米	(60-40)	好地至快地	草地 - "C+3" 賽道	2	6	雷公鑿(V279)	莫雷拉	徐雨石	131	1176	6	頭位	6 6 5 2	1:39.55	6	-	-	* 1	 	7	跑馬地	2.69		21.5		1682.0	435.5		51.0
2019/12/18	3	第四班	1650米	(60-40)	好地至快地	草地 - "C+3" 賽道	3	2	兵貴神速(B299)	潘頓	羅富全	133	1128	2	1-1/4	8 7 7 3	1:39.70	3.8	1st Hot	-	1	CP	5	跑馬地	2.69			15.5			241.5	51.0
2019/12/18	3	第四班	1650米	(60-40)	好地至快地	草地 - "C+3" 賽道	4	5	神州俊馬(A282)	郭能	蘇保羅	132	1113	10	2	9 10 10 4	1:39.84	15	-	-	+ 1	 	6	跑馬地	2.69							
2019/12/18	3	第四班	1650米	(60-40)	好地至快地	草地 - "C+3" 賽道	5	3	紅粉彩影(C284)	希威森	韋達	132	1062	12	2	10 9 9 5	1:39.86	6.4	-	-	1	XB	5	跑馬地	2.69							
2019/12/18	3	第四班	1650米	(60-40)	好地至快地	草地 - "C+3" 賽道	6	7	藍海策略(A411)	潘明輝	葉楚航	128	1058	5	2-1/2	7 8 8 6	1:39.94	13	-	-	* 1	B	6	跑馬地	2.69							
2019/12/18	3	第四班	1650米	(60-40)	好地至快地	草地 - "C+3" 賽道	7	8	一路順風(C453)	蘇兆輝	苗禮德	122	1120	3	3	3 3 3 7	1:39.99	9.8	-	-	* 1	 	4	跑馬地	2.69							
2019/12/18	3	第四班	1650米	(60-40)	好地至快地	草地 - "C+3" 賽道	8	1	快利寶(A320)	巴度	高伯新	133	1089	1	3	5 5 6 8	1:40.01	5	2nd Hot	-	* 1	B/H/TT	6	跑馬地	2.69							
2019/12/18	3	第四班	1650米	(60-40)	好地至快地	草地 - "C+3" 賽道	9	4	夢幻戰士(C280)	田泰安	告東尼	132	1119	11	4-1/2	11 11 11 9	1:40.24	16	-	-	1	CP/H/TT	4	跑馬地	2.69							
2019/12/18	3	第四班	1650米	(60-40)	好地至快地	草地 - "C+3" 賽道	10	9	超霸無敵(C256)	史卓豐	姚本輝	119	1049	7	5-1/2	4 4 4 10	1:40.39	10	-	-	* 1	SR	4	跑馬地	2.69							
2019/12/18	3	第四班	1650米	(60-40)	好地至快地	草地 - "C+3" 賽道	11	12	首賞(C255)	楊明綸	丁冠豪	113	1125	4	7-1/4	1 1 2 11	1:40.69	113	-	-	1	B/TT	4	跑馬地	2.69							
2019/12/18	3	第四班	1650米	(60-40)	好地至快地	草地 - "C+3" 賽道	12	10	跑得威(C127)	黎海榮	沈集成	118	1090	8	13	12 12 12 12	1:41.59	89	-	-	+ 1	B/TT	5	跑馬地	2.69							
2019/12/18	4	第三班	1200米	(80-60)	好地至快地	草地 - "C+3" 賽道	1	9	加州多寶(C077)	田泰安	告東尼	116	1151	7	-	7 6 1	1:09.94	7.4	-	-	1	B/TT	5	跑馬地	2.69	24.0			294.5	99.5	226.5	
2019/12/18	4	第三班	1200米	(80-60)	好地至快地	草地 - "C+3" 賽道	2	1	紅運大師(C287)	巴度	蔡約翰	133	1044	11	頸位	10 9 2	1:10.01	16	-	-	* 2	 	4	跑馬地	2.69		38.5		294.5	99.5		470.5
2019/12/18	4	第三班	1200米	(80-60)	好地至快地	草地 - "C+3" 賽道	3	12	軍炮(V371)	黎海榮	葉楚航	113	1161	4	1-1/4	5 3 3	1:10.13	35	-	-	1	B	7	跑馬地	2.69			66.0			226.5	470.5
2019/12/18	4	第三班	1200米	(80-60)	好地至快地	草地 - "C+3" 賽道	4	4	極速王(C231)	潘頓	丁冠豪	128	1114	10	1-1/4	1 2 4	1:10.13	3.5	1st Hot	-	2	 	5	跑馬地	2.69							
2019/12/18	4	第三班	1200米	(80-60)	好地至快地	草地 - "C+3" 賽道	5	10	贏科超影(A164)	巫顯東	高伯新	113	1041	9	1-1/4	12 12 5	1:10.15	84	-	-	1	H/P/TT	6	跑馬地	2.69							
2019/12/18	4	第三班	1200米	(80-60)	好地至快地	草地 - "C+3" 賽道	6	3	成才(B085)	莫雷拉	方嘉柏	130	1164	1	1-3/4	4 5 6	1:10.21	3.9	2nd Hot	-	* 2	XB-/B1	6	跑馬地	2.69							
2019/12/18	4	第三班	1200米	(80-60)	好地至快地	草地 - "C+3" 賽道	7	5	家家成功(D069)	潘明輝	徐雨石	123	1177	6	2	8 8 7	1:10.26	167	-	-	1	B/TT	4	跑馬地	2.69							
2019/12/18	4	第三班	1200米	(80-60)	好地至快地	草地 - "C+3" 賽道	8	2	騰龍駒(B349)	蘇兆輝	苗禮德	131	1113	2	2-1/2	2 1 8	1:10.35	4.3	-	-	* 2	B	5	跑馬地	2.69							
2019/12/18	4	第三班	1200米	(80-60)	好地至快地	草地 - "C+3" 賽道	9	7	勁駒(D138)	蘇狄雄	賀賢	123	1096	5	2-1/2	9 10 9	1:10.35	108	-	-	2	 	4	跑馬地	2.69							
2019/12/18	4	第三班	1200米	(80-60)	好地至快地	草地 - "C+3" 賽道	10	6	旅英福星(C368)	希威森	韋達	125	992	12	3-1/2	11 11 10	1:10.49	67	-	-	+ 1	B/SR1	4	跑馬地	2.69							
2019/12/18	4	第三班	1200米	(80-60)	好地至快地	草地 - "C+3" 賽道	11	11	活力勇士(A313)	蔡明紹	約翰摩亞	114	1103	3	3-1/2	6 7 11	1:10.51	6.3	-	-	1	CP	6	跑馬地	2.69							
2019/12/18	4	第三班	1200米	(80-60)	好地至快地	草地 - "C+3" 賽道	12	8	英之友(A373)	楊明綸	容天鵬	119	1120	8	5	3 4 12	1:10.73	57	-	-	+ 1	 	6	跑馬地	2.69							
2019/12/18	5	第三班	1200米	(80-60)	好地至快地	草地 - "C+3" 賽道	1	5	好好學習(C458)	田泰安	呂健威	127	1075	12	-	2 2 1	1:09.77	3.4	1st Hot	-	+ 1	H/TT	4	跑馬地	2.69	15.0			84.0	36.0	70.5	
2019/12/18	5	第三班	1200米	(80-60)	好地至快地	草地 - "C+3" 賽道	2	10	首飾大聖(B378)	莫雷拉	蔡約翰	119	1091	5	3/4	6 5 2	1:09.88	5.3	-	-	* 1	 	5	跑馬地	2.69		18.0		84.0	36.0		85.0
2019/12/18	5	第三班	1200米	(80-60)	好地至快地	草地 - "C+3" 賽道	3	2	劍追風(B261)	利敬國	約翰摩亞	131	1146	11	1	7 7 3	1:09.91	11	-	-	2	TT	6	跑馬地	2.69			29.5			70.5	85.0
2019/12/18	5	第三班	1200米	(80-60)	好地至快地	草地 - "C+3" 賽道	4	11	歡樂一生(T134)	希威森	高伯新	116	1157	2	1-1/2	3 3 4	1:10.02	30	-	-	* 2	B	8	跑馬地	2.69							
2019/12/18	5	第三班	1200米	(80-60)	好地至快地	草地 - "C+3" 賽道	5	1	銀紙(B025)	蘇兆輝	苗禮德	133	1122	1	2-3/4	9 8 5	1:10.21	3.5	2nd Hot	-	* 1	 	5	跑馬地	2.69							
2019/12/18	5	第三班	1200米	(80-60)	好地至快地	草地 - "C+3" 賽道	6	12	金剛之星(A067)	黃皓楠	鄭俊偉	112	1196	10	3-1/2	11 10 6	1:10.32	163	-	-	1	B/TT	-	跑馬地	2.69							
2019/12/18	5	第三班	1200米	(80-60)	好地至快地	草地 - "C+3" 賽道	7	8	龍鑽輝煌(D143)	史卓豐	告東尼	122	1123	9	3-3/4	8 9 7	1:10.38	65	-	-	2	B1/TT1	3	跑馬地	2.69							
2019/12/18	5	第三班	1200米	(80-60)	好地至快地	草地 - "C+3" 賽道	8	4	神舟寶駒(C269)	潘明輝	徐雨石	125	1209	3	4-1/4	10 11 8	1:10.44	22	-	-	2	TT	6	跑馬地	2.69							
2019/12/18	5	第三班	1200米	(80-60)	好地至快地	草地 - "C+3" 賽道	9	3	育馬妙星(V197)	郭能	霍利時	127	1186	7	4-1/2	4 4 9	1:10.49	18	-	-	1	H	-	跑馬地	2.69							
2019/12/18	5	第三班	1200米	(80-60)	好地至快地	草地 - "C+3" 賽道	10	7	家有喜事(C116)	蘇狄雄	何良	121	1063	4	4-3/4	12 12 10	1:10.51	167	-	-	2	P-/H/TT2	5	跑馬地	2.69							
2019/12/18	5	第三班	1200米	(80-60)	好地至快地	草地 - "C+3" 賽道	11	6	翡翠劇院(A040)	潘頓	文家良	124	1108	6	6-1/4	5 6 11	1:10.75	10	-	-	+ 1	B	6	跑馬地	2.69							
2019/12/18	5	第三班	1200米	(80-60)	好地至快地	草地 - "C+3" 賽道	12	9	快樂歡騰(B272)	梁家俊	蘇偉賢	119	1155	8	7	1 1 12	1:10.90	9.6	-	-	1	TT	6	跑馬地	2.69							
2019/12/18	6	第四班	1200米	(60-40)	好地至快地	草地 - "C+3" 賽道	1	10	全心全意(C254)	史卓豐	姚本輝	117	1096	1	-	5 3 1	1:09.64	15	-	-	+ 1	B1	4	跑馬地	2.69	34.0			925.0	186.0	75.0	
2019/12/18	6	第四班	1200米	(60-40)	好地至快地	草地 - "C+3" 賽道	2	1	銀亮之星(B027)	潘明輝	何良	131	1099	10	1-1/2	10 10 2	1:09.87	18	-	-	+ 1	H	6	跑馬地	2.69		32.0		925.0	186.0		86.5
2019/12/18	6	第四班	1200米	(60-40)	好地至快地	草地 - "C+3" 賽道	3	7	紅旺(C341)	田泰安	葉楚航	124	1182	5	1-1/2	1 1 3	1:09.89	3.9	2nd Hot	-	+ 1	H/TT	4	跑馬地	2.69			16.0			75.0	86.5
2019/12/18	6	第四班	1200米	(60-40)	好地至快地	草地 - "C+3" 賽道	4	3	開心人生(C065)	莫雷拉	呂健威	131	1225	4	1-1/2	8 9 4	1:09.89	2	1st Hot	-	+ 1	H/XB/TT	4	跑馬地	2.69							
2019/12/18	6	第四班	1200米	(60-40)	好地至快地	草地 - "C+3" 賽道	5	4	壽臣(C326)	蘇兆輝	約翰摩亞	129	1116	11	2-3/4	6 6 5	1:10.10	18	-	-	+ 1	B	4	跑馬地	2.69							
2019/12/18	6	第四班	1200米	(60-40)	好地至快地	草地 - "C+3" 賽道	6	11	玩到贏(B468)	梁家俊	容天鵬	123	1054	12	3	11 11 6	1:10.13	56	-	-	+ 1	H/TT	5	跑馬地	2.69							
2019/12/18	6	第四班	1200米	(60-40)	好地至快地	草地 - "C+3" 賽道	7	5	極爽(C131)	利敬國	丁冠豪	129	1055	7	3-1/4	7 7 7	1:10.16	20	-	-	* 1	H/V	5	跑馬地	2.69							
2019/12/18	6	第四班	1200米	(60-40)	好地至快地	草地 - "C+3" 賽道	8	6	帝豪精彩(D010)	潘頓	文家良	127	1209	6	3-1/2	2 2 8	1:10.22	6.3	-	-	+ 1	 	4	跑馬地	2.69							
2019/12/18	6	第四班	1200米	(60-40)	好地至快地	草地 - "C+3" 賽道	9	9	八駿雄風(C449)	蔡明紹	徐雨石	121	1129	9	5-1/4	3 4 9	1:10.50	93	-	-	* 1	 	4	跑馬地	2.69							
2019/12/18	6	第四班	1200米	(60-40)	好地至快地	草地 - "C+3" 賽道	10	8	新威龍(V412)	巴度	高伯新	123	1201	3	5-1/2	4 5 10	1:10.52	30	-	-	+ 1	CP/TT	-	跑馬地	2.69							
2019/12/18	6	第四班	1200米	(60-40)	好地至快地	草地 - "C+3" 賽道	11	12	心所欲(B017)	希威森	苗禮德	116	1070	2	7-1/2	9 8 11	1:10.86	39	-	-	+ * 1	XB/TT	6	跑馬地	2.69							
2019/12/18	6	第四班	1200米	(60-40)	好地至快地	草地 - "C+3" 賽道	12	2	美麗天使(C541)	巫顯東	告東尼	128	1014	8	7-3/4	12 12 12	1:10.87	167	-	-	* 1	TT1	4	跑馬地	2.69							
2019/12/18	6	第四班	1200米	(60-40)	好地至快地	草地 - "C+3" 賽道			叫座力(B267)	黎海榮	沈集成	117	---	---	---	---	---	---	-	-	-	-	5	跑馬地	2.69							
2019/12/18	7	第三班	1650米	(80-60)	好地至快地	草地 - "C+3" 賽道	1	10	又係熊(C301)	巴度	霍利時	120	1042	2	-	1 1 1 1	1:38.85	5.8	-	-	+ 1	SR	5	跑馬地	2.69	20.5			141.5	50.5	309.5	
2019/12/18	7	第三班	1650米	(80-60)	好地至快地	草地 - "C+3" 賽道	2	4	共創歡樂(C210)	蘇兆輝	何良	125	1050	7	4	2 2 2 2	1:39.50	5.6	2nd Hot	-	+ 1	 	5	跑馬地	2.69		20.0		141.5	50.5		283.0
2019/12/18	7	第三班	1650米	(80-60)	好地至快地	草地 - "C+3" 賽道	3	12	明月光(T369)	蔡明紹	蘇保羅	118	1057	9	4-1/2	10 9 12 3	1:39.57	35	-	-	1	B	8	跑馬地	2.69			73.5			309.5	283.0
2019/12/18	7	第三班	1650米	(80-60)	好地至快地	草地 - "C+3" 賽道	4	3	歡喜心(A224)	田泰安	蔡約翰	125	1136	5	4-3/4	9 10 9 4	1:39.59	13	-	-	* 1	 	6	跑馬地	2.69							
2019/12/18	7	第三班	1650米	(80-60)	好地至快地	草地 - "C+3" 賽道	5	9	天生一對(C027)	莫雷拉	蘇偉賢	121	1084	4	5	8 7 8 5	1:39.66	5.7	-	-	+ 1	CP1	5	跑馬地	2.69							
2019/12/18	7	第三班	1650米	(80-60)	好地至快地	草地 - "C+3" 賽道	6	6	中華之光(A168)	蘇狄雄	葉楚航	120	1101	1	5-1/2	4 4 5 6	1:39.71	81	-	-	* 1	P-/TT	6	跑馬地	2.69							
2019/12/18	7	第三班	1650米	(80-60)	好地至快地	草地 - "C+3" 賽道	7	11	旅遊首席(T098)	梁家俊	鄭俊偉	120	1202	6	6	3 3 6 7	1:39.80	41	-	-	+ 1	B/TT	9	跑馬地	2.69							
2019/12/18	7	第三班	1650米	(80-60)	好地至快地	草地 - "C+3" 賽道	8	7	健康在望(C172)	史卓豐	苗禮德	122	1009	8	6-1/4	7 6 10 8	1:39.84	3.7	1st Hot	-	+ 1	B	4	跑馬地	2.69							
2019/12/18	7	第三班	1650米	(80-60)	好地至快地	草地 - "C+3" 賽道	9	2	盈嘉輝(C080)	薛恩	徐雨石	126	1055	11	7	6 8 4 9	1:39.95	6.8	-	-	+ 1	B/TT	5	跑馬地	2.69							
2019/12/18	7	第三班	1650米	(80-60)	好地至快地	草地 - "C+3" 賽道	10	8	路路通(B256)	利敬國	羅富全	122	1195	3	8-1/4	5 5 7 10	1:40.17	8.2	-	-	+ 1	B	-	跑馬地	2.69							
2019/12/18	7	第三班	1650米	(80-60)	好地至快地	草地 - "C+3" 賽道	11	1	冠鋒(D086)	郭能	高伯新	127	1140	12	8-3/4	12 12 11 11	1:40.24	228	-	-	* 1	 	4	跑馬地	2.69							
2019/12/18	7	第三班	1650米	(80-60)	好地至快地	草地 - "C+3" 賽道	12	5	安承(D059)	希威森	韋達	123	1076	10	9-1/2	11 11 3 12	1:40.38	97	-	-	+ * 1	XB/H1	5	跑馬地	2.69							
2019/12/18	7	第三班	1650米	(80-60)	好地至快地	草地 - "C+3" 賽道			非常堅(T146)	---	告東尼	120	---	---	---	---	---	---	-	-	-	-	-	跑馬地	2.69							
2019/12/18	8	第三班	1200米	(80-60)	好地至快地	草地 - "C+3" 賽道	1	6	君達星(B019)	潘頓	丁冠豪	124	1177	1	-	1 1 1	1:08.75	1.3	1st Hot	-	+ 1	 	5	跑馬地	2.69	11.5			1234.0	399.5	24.5	
2019/12/18	8	第三班	1200米	(80-60)	好地至快地	草地 - "C+3" 賽道	2	12	飛天劍(C463)	郭能	徐雨石	122	1062	4	4-1/2	4 4 2	1:09.46	219	-	-	3	 	4	跑馬地	2.69		253.5		1234.0	399.5		1568.5
2019/12/18	8	第三班	1200米	(80-60)	好地至快地	草地 - "C+3" 賽道	3	5	南莊之歌(C480)	巴度	沈集成	125	1197	10	5-1/4	6 6 3	1:09.56	10	-	-	1	H-/TT	4	跑馬地	2.69			21.0			24.5	1568.5
2019/12/18	8	第三班	1200米	(80-60)	好地至快地	草地 - "C+3" 賽道	4	8	富萬家(V286)	巫顯東	何良	117	1086	3	5-1/4	2 2 4	1:09.59	58	-	-	1	H/TT	7	跑馬地	2.69							
2019/12/18	8	第三班	1200米	(80-60)	好地至快地	草地 - "C+3" 賽道	5	7	傳奇(V357)	蘇兆輝	呂健威	120	1124	6	6-1/4	7 7 5	1:09.73	16	-	-	2	B/TT	7	跑馬地	2.69							
2019/12/18	8	第三班	1200米	(80-60)	好地至快地	草地 - "C+3" 賽道	6	1	精彩輝煌(B411)	莫雷拉	方嘉柏	133	1095	5	6-1/4	5 5 6	1:09.75	9.3	2nd Hot	-	+ 1	 	5	跑馬地	2.69							
2019/12/18	8	第三班	1200米	(80-60)	好地至快地	草地 - "C+3" 賽道	7	9	索先生(T330)	潘明輝	賀賢	117	1146	12	7	9 8 7	1:09.87	119	-	-	1	B	-	跑馬地	2.69							
2019/12/18	8	第三班	1200米	(80-60)	好地至快地	草地 - "C+3" 賽道	8	3	紅旗星將(A049)	田泰安	蘇保羅	129	1201	8	7-1/4	11 11 8	1:09.90	25	-	-	1	B	6	跑馬地	2.69							
2019/12/18	8	第三班	1200米	(80-60)	好地至快地	草地 - "C+3" 賽道	9	2	良才(A100)	陳嘉熙	文家良	121	1126	2	7-1/4	3 3 9	1:09.91	42	-	-	2	P-/H/TT	6	跑馬地	2.69							
2019/12/18	8	第三班	1200米	(80-60)	好地至快地	草地 - "C+3" 賽道	10	4	手到回來(C001)	楊明綸	容天鵬	125	1175	7	10-1/4	8 9 10	1:10.39	19	-	-	* 2	TT	5	跑馬地	2.69							
2019/12/18	8	第三班	1200米	(80-60)	好地至快地	草地 - "C+3" 賽道	11	10	正本雄心(V303)	史卓豐	霍利時	118	1186	11	11-1/2	10 10 11	1:10.60	72	-	-	2	B/TT	6	跑馬地	2.69							
2019/12/18	8	第三班	1200米	(80-60)	好地至快地	草地 - "C+3" 賽道		11	自在人生(B169)	利敬國	羅富全	116	---	---	---	---	---	---	-	-	-	-	6	跑馬地	2.69							
2019/12/18	8	第三班	1200米	(80-60)	好地至快地	草地 - "C+3" 賽道			夢幻仙子(V222)	蘇狄雄	蘇偉賢	112	---	---	---	---	---	---	-	-	-	-	7	跑馬地	2.69							
2019/12/18	9	第二班	1200米	(100-80)	好地至快地	草地 - "C+3" 賽道	1	4	日日精彩(B461)	莫雷拉	羅富全	122	1229	5	-	3 3 1	1:08.64	3.4	1st Hot	-	1	 	4	跑馬地	2.69	15.0			302.0	95.5	31.0	
2019/12/18	9	第二班	1200米	(100-80)	好地至快地	草地 - "C+3" 賽道	2	3	弛曜風(C028)	薛恩	蔡約翰	127	1138	9	1-3/4	9 10 2	1:08.91	15	-	-	+ 1	E/TT	4	跑馬地	2.69		36.0		302.0	95.5		86.5
2019/12/18	9	第二班	1200米	(100-80)	好地至快地	草地 - "C+3" 賽道	3	11	馬友冠(C299)	蘇兆輝	霍利時	117	1066	1	2	5 6 3	1:08.97	4.2	-	-	+ 1	 	5	跑馬地	2.69			15.5			31.0	86.5
2019/12/18	9	第二班	1200米	(100-80)	好地至快地	草地 - "C+3" 賽道	4	6	年年旺(C122)	巴度	高伯新	121	1208	12	2-1/2	12 11 4	1:09.05	20	-	-	1	B/XB/TT1	5	跑馬地	2.69							
2019/12/18	9	第二班	1200米	(100-80)	好地至快地	草地 - "C+3" 賽道	5	9	順勢寶(V310)	潘明輝	賀賢	117	1063	2	4	8 9 5	1:09.29	7.5	-	-	+ 1	B	-	跑馬地	2.69							
2019/12/18	9	第二班	1200米	(100-80)	好地至快地	草地 - "C+3" 賽道	6	7	萬事叻(C022)	田泰安	告東尼	121	1156	8	4-1/4	1 1 6	1:09.30	23	-	-	1	B/TT	5	跑馬地	2.69							
2019/12/18	9	第二班	1200米	(100-80)	好地至快地	草地 - "C+3" 賽道	7	10	電訊驫馬(C181)	楊明綸	丁冠豪	118	1131	4	5	6 7 7	1:09.43	62	-	-	+ 1	TT	5	跑馬地	2.69							
2019/12/18	9	第二班	1200米	(100-80)	好地至快地	草地 - "C+3" 賽道	8	8	帆哥兒(B089)	史卓豐	方嘉柏	120	1067	10	5-1/2	10 8 8	1:09.51	58	-	-	+ 1	B-/H-/TT	6	跑馬地	2.69							
2019/12/18	9	第二班	1200米	(100-80)	好地至快地	草地 - "C+3" 賽道	9	1	豹子頭(B083)	巫顯東	徐雨石	130	1004	7	5-3/4	7 5 9	1:09.57	46	-	-	+ 1	B1	5	跑馬地	2.69							
2019/12/18	9	第二班	1200米	(100-80)	好地至快地	草地 - "C+3" 賽道	10	2	鑽得勁(A391)	梁家俊	姚本輝	132	1150	3	6	4 4 10	1:09.58	15	-	-	1	 	6	跑馬地	2.69							
2019/12/18	9	第二班	1200米	(100-80)	好地至快地	草地 - "C+3" 賽道	11	12	當家猴王(D142)	蔡明紹	約翰摩亞	116	1045	6	6-1/2	2 2 11	1:09.68	3.8	2nd Hot	-	+ 1	CP	3	跑馬地	2.69							
2019/12/18	9	第二班	1200米	(100-80)	好地至快地	草地 - "C+3" 賽道	12	5	開心神駒(T200)	利敬國	苗禮德	121	1110	11	15-3/4	11 12 12	1:11.16	62	-	-	* 1	 	8	跑馬地	2.69							
2019/12/21	1	第五班	1600米	(40-0)	好地	草地 - "A+3" 賽道	1	5	利之喜(A405)	梁家俊	蘇保羅	125	1184	3	-	3 2 2 1	1:36.56	4.5	2nd Hot	-	+ 1	B	5	沙田	2.7	17.0			192.5	53.0	24.5	
2019/12/21	1	第五班	1600米	(40-0)	好地	草地 - "A+3" 賽道	2	7	萬里威揚(A055)	郭能	徐雨石	122	1030	1	3/4	8 8 8 2	1:36.70	7.6	-	-	1	B	7	沙田	2.7		21.5		192.5	53.0		45.0
2019/12/21	1	第五班	1600米	(40-0)	好地	草地 - "A+3" 賽道	3	3	帝豪寶駒(C035)	潘頓	蘇偉賢	130	1158	4	1	7 6 5 3	1:36.73	2.9	1st Hot	-	2	PC/TT	5	沙田	2.7			12.0			24.5	45.0
2019/12/21	1	第五班	1600米	(40-0)	好地	草地 - "A+3" 賽道	4	8	勇晉大師(B452)	莫雷拉	蘇偉賢	122	1097	5	1-1/4	5 4 4 4	1:36.74	4.8	-	-	+ 1	B/TT1	5	沙田	2.7							
2019/12/21	1	第五班	1600米	(40-0)	好地	草地 - "A+3" 賽道	5	1	生生勝勝(C110)	潘明輝	姚本輝	131	987	7	2-1/4	9 9 6 5	1:36.93	4.7	-	-	1	B	4	沙田	2.7							
2019/12/21	1	第五班	1600米	(40-0)	好地	草地 - "A+3" 賽道	6	9	領闖者(A399)	蔡明紹	方嘉柏	121	1185	2	5-3/4	2 3 3 6	1:37.48	14	-	-	1	XB	-	沙田	2.7							
2019/12/21	1	第五班	1600米	(40-0)	好地	草地 - "A+3" 賽道	7	6	玩斗財星(C243)	希威森	高伯新	123	1100	8	9	1 1 1 7	1:38.00	63	-	-	1	B	4	沙田	2.7							
2019/12/21	1	第五班	1600米	(40-0)	好地	草地 - "A+3" 賽道	8	2	凱旋戰士(C185)	黎海榮	文家良	132	1084	9	10-3/4	6 7 7 8	1:38.27	94	-	-	1	H	4	沙田	2.7							
2019/12/21	1	第五班	1600米	(40-0)	好地	草地 - "A+3" 賽道	9	4	齊齊上(B037)	蘇狄雄	何良	127	1123	6	28-3/4	4 5 9 9	1:41.14	107	-	-	1	B-/TT	-	沙田	2.7							
2019/12/21	1	第五班	1600米	(40-0)	好地	草地 - "A+3" 賽道		10	劍追聲(B445)	田泰安	告東尼	116	---	---	---	---	---	---	-	-	-	-	5	沙田	2.7							
2019/12/21	2	第四班	1200米	(60-40)	好地	草地 - "A+3" 賽道	1	6	輝煌芯(D055)	巴度	韋達	128	1088	4	-	3 1 1	1:10.08	2.2	1st Hot	-	* 1	XB1	4	沙田	2.7	11.5			214.5	74.5	114.0	
2019/12/21	2	第四班	1200米	(60-40)	好地	草地 - "A+3" 賽道	2	11	明月千山(C403)	黎海榮	文家良	126	1161	3	2	4 6 2	1:10.39	16	-	-	+ 1	B/TT	4	沙田	2.7		36.0		214.5	74.5		488.0
2019/12/21	2	第四班	1200米	(60-40)	好地	草地 - "A+3" 賽道	3	9	活力爆發(C525)	潘明輝	賀賢	126	1122	1	2	7 7 3	1:10.41	20	-	-	1	H1	4	沙田	2.7			74.0			114.0	488.0
2019/12/21	2	第四班	1200米	(60-40)	好地	草地 - "A+3" 賽道	4	12	老友威威(T349)	郭能	葉楚航	125	1220	2	3-3/4	6 3 4	1:10.67	4.5	2nd Hot	-	1	TT	8	沙田	2.7							
2019/12/21	2	第四班	1200米	(60-40)	好地	草地 - "A+3" 賽道	5	2	嘉應精彩(C526)	田泰安	告東尼	132	1073	12	3-3/4	13 12 5	1:10.68	6.2	-	-	1	TT	4	沙田	2.7							
2019/12/21	2	第四班	1200米	(60-40)	好地	草地 - "A+3" 賽道	6	10	愛添勝(B362)	梁家俊	何良	126	1127	10	4	10 9 6	1:10.73	16	-	-	1	CP/XB	5	沙田	2.7							
2019/12/21	2	第四班	1200米	(60-40)	好地	草地 - "A+3" 賽道	7	8	百寶袋(D008)	貝力斯	姚本輝	128	1079	7	5-1/4	2 4 7	1:10.92	20	-	-	* 1	H-/B1	4	沙田	2.7							
2019/12/21	2	第四班	1200米	(60-40)	好地	草地 - "A+3" 賽道	8	14	靈鋒(A245)	希威森	苗禮德	117	1016	14	5-1/4	14 14 8	1:10.92	35	-	-	1	B/XB	6	沙田	2.7							
2019/12/21	2	第四班	1200米	(60-40)	好地	草地 - "A+3" 賽道	9	3	合夥年代(C534)	蘇狄雄	蘇偉賢	126	1131	8	6-1/2	12 13 9	1:11.11	340	-	-	1	B	4	沙田	2.7							
2019/12/21	2	第四班	1200米	(60-40)	好地	草地 - "A+3" 賽道	10	7	高耀俊星(C516)	史卓豐	高伯新	128	1160	6	7-1/2	8 8 10	1:11.28	52	-	-	+ 2	CP1	3	沙田	2.7							
2019/12/21	2	第四班	1200米	(60-40)	好地	草地 - "A+3" 賽道	11	1	英友好友(C527)	楊明綸	容天鵬	133	1091	11	8-1/4	11 11 11	1:11.41	70	-	-	* 2	TT1	4	沙田	2.7							
2019/12/21	2	第四班	1200米	(60-40)	好地	草地 - "A+3" 賽道	12	13	箭神寶(C384)	黃皓楠	徐雨石	117	1184	9	8-3/4	5 5 12	1:11.50	81	-	-	+ 2	B-	4	沙田	2.7							
2019/12/21	2	第四班	1200米	(60-40)	好地	草地 - "A+3" 賽道	13	4	閃電龍(D077)	蔡明紹	羅富全	128	1182	5	12	9 10 13	1:12.02	77	-	-	+ 1	B1	4	沙田	2.7							
2019/12/21	2	第四班	1200米	(60-40)	好地	草地 - "A+3" 賽道	14	5	良朋共盛(C405)	潘頓	沈集成	128	1047	13	14-1/2	1 2 14	1:12.41	13	-	-	* 2	B-/TT	4	沙田	2.7							
2019/12/21	3	第五班	1200米	(40-0)	好地	草地 - "A+3" 賽道	1	12	神火金剛(B004)	莫雷拉	葉楚航	117	1063	8	-	11 11 1	1:10.56	3.8	2nd Hot	-	1	B	6	沙田	2.7	16.5			642.0	210.0	70.0	
2019/12/21	3	第五班	1200米	(40-0)	好地	草地 - "A+3" 賽道	2	13	做得好(A082)	蘇狄雄	何良	111	1183	6	2-1/4	7 8 2	1:10.90	43	-	-	2	 	6	沙田	2.7		82.0		642.0	210.0		407.0
2019/12/21	3	第五班	1200米	(40-0)	好地	草地 - "A+3" 賽道	3	11	印印腳(A277)	史卓豐	蘇偉賢	121	1195	9	2-3/4	3 3 3	1:10.97	12	-	-	* 1	SR/TT	6	沙田	2.7			33.0			70.0	407.0
2019/12/21	3	第五班	1200米	(40-0)	好地	草地 - "A+3" 賽道	4	5	葵涌精英(C173)	巴度	高伯新	130	1132	4	2-3/4	9 9 4	1:11.00	3	1st Hot	-	1	H	4	沙田	2.7							
2019/12/21	3	第五班	1200米	(40-0)	好地	草地 - "A+3" 賽道	5	14	不忘初心(B231)	黃皓楠	徐雨石	112	1059	3	3-1/2	5 6 5	1:11.14	13	-	-	1	 	5	沙田	2.7							
2019/12/21	3	第五班	1200米	(40-0)	好地	草地 - "A+3" 賽道	6	7	神馬飛揚(V368)	田泰安	鄭俊偉	127	1088	7	4-1/2	6 7 6	1:11.27	68	-	-	+ 1	TT	7	沙田	2.7							
2019/12/21	3	第五班	1200米	(40-0)	好地	草地 - "A+3" 賽道	7	8	艦長天下(B096)	希威森	霍利時	127	1175	2	4-3/4	8 10 7	1:11.32	12	-	-	1	B-/XB-/SR1/TT	-	沙田	2.7							
2019/12/21	3	第五班	1200米	(40-0)	好地	草地 - "A+3" 賽道	8	6	漸信龍駒(C017)	黎海榮	葉楚航	128	1021	14	4-3/4	14 12 8	1:11.33	59	-	-	2	B/XB/TT	5	沙田	2.7							
2019/12/21	3	第五班	1200米	(40-0)	好地	草地 - "A+3" 賽道	9	3	喜氣綿綿(C236)	潘明輝	丁冠豪	130	1040	13	5-1/2	10 4 9	1:11.44	36	-	-	1	B/H	4	沙田	2.7							
2019/12/21	3	第五班	1200米	(40-0)	好地	草地 - "A+3" 賽道	10	1	鱷臨天下(B141)	梁家俊	容天鵬	133	1255	11	6	1 1 10	1:11.51	4.7	-	-	1	B/TT	5	沙田	2.7							
2019/12/21	3	第五班	1200米	(40-0)	好地	草地 - "A+3" 賽道	11	9	好友祥勝(C220)	郭能	文家良	127	1028	12	6-1/2	4 5 11	1:11.59	252	-	-	* 1	B	4	沙田	2.7							
2019/12/21	3	第五班	1200米	(40-0)	好地	草地 - "A+3" 賽道	12	4	八心之友(A007)	蔡明紹	韋達	130	1079	5	6-3/4	2 2 12	1:11.63	14	-	-	1	P-/B2	-	沙田	2.7							
2019/12/21	3	第五班	1200米	(40-0)	好地	草地 - "A+3" 賽道	13	2	奮鬥揚威(C354)	巫顯東	何良	130	1111	10	7	13 14 13	1:11.67	153	-	-	+ 1	H/V1	5	沙田	2.7							
2019/12/21	3	第五班	1200米	(40-0)	好地	草地 - "A+3" 賽道	14	10	新獵狐者(B389)	貝力斯	呂健威	125	1163	1	13-1/2	12 13 14	1:12.73	194	-	-	1	B	5	沙田	2.7							
2019/12/21	4	第四班	1400米	(60-40)	好地	草地 - "A+3" 賽道	1	9	深愛(A088)	潘頓	葉楚航	123	1056	4	-	6 6 4 1	1:23.27	2.8	1st Hot	-	+ 1	TT2	6	沙田	2.7	13.5			68.0	29.5	51.0	
2019/12/21	4	第四班	1400米	(60-40)	好地	草地 - "A+3" 賽道	2	8	凌駕(C386)	莫雷拉	蔡約翰	125	1095	7	1/2	8 9 8 2	1:23.38	3.6	2nd Hot	-	1	 	3	沙田	2.7		16.0		68.0	29.5		77.5
2019/12/21	4	第四班	1400米	(60-40)	好地	草地 - "A+3" 賽道	3	6	活力飛彈(B322)	利敬國	約翰摩亞	126	1160	5	1-1/2	5 4 2 3	1:23.51	12	-	-	1	B	-	沙田	2.7			28.5			51.0	77.5
2019/12/21	4	第四班	1400米	(60-40)	好地	草地 - "A+3" 賽道	4	1	熱血鬥士(C360)	田泰安	告東尼	133	1124	9	2	3 2 1 4	1:23.59	3.6	2nd Hot	-	+ 1	CP/TT	5	沙田	2.7							
2019/12/21	4	第四班	1400米	(60-40)	好地	草地 - "A+3" 賽道	5	5	帶榮來(B197)	巴度	高伯新	128	1143	12	2-3/4	13 13 13 5	1:23.70	14	-	-	* 1	B	5	沙田	2.7							
2019/12/21	4	第四班	1400米	(60-40)	好地	草地 - "A+3" 賽道	6	7	好友益(T265)	黃皓楠	徐雨石	122	1037	3	3-1/4	2 3 5 6	1:23.80	20	-	-	* 1	B	7	沙田	2.7							
2019/12/21	4	第四班	1400米	(60-40)	好地	草地 - "A+3" 賽道	7	3	長友之星(B251)	蘇狄雄	何良	130	1117	2	3-3/4	4 5 7 7	1:23.85	54	-	-	* 1	H/P	6	沙田	2.7							
2019/12/21	4	第四班	1400米	(60-40)	好地	草地 - "A+3" 賽道	8	13	事必獲利(T002)	巫顯東	方嘉柏	113	1152	8	4	10 10 12 8	1:23.90	102	-	-	+ 1	TT	-	沙田	2.7							
2019/12/21	4	第四班	1400米	(60-40)	好地	草地 - "A+3" 賽道	9	10	表表馬(C233)	史卓豐	丁冠豪	120	1135	6	4-1/4	1 1 3 9	1:23.96	127	-	-	+ 1	H-/B1/TT	4	沙田	2.7							
2019/12/21	4	第四班	1400米	(60-40)	好地	草地 - "A+3" 賽道	10	14	君子精神(V274)	黎海榮	蘇偉賢	115	1001	1	4-3/4	7 8 10 10	1:24.02	150	-	-	1	 	7	沙田	2.7							
2019/12/21	4	第四班	1400米	(60-40)	好地	草地 - "A+3" 賽道	11	4	雙天至尊(C293)	貝力斯	呂健威	132	1214	13	4-3/4	11 12 11 11	1:24.04	120	-	-	+ 1	TT	5	沙田	2.7							
2019/12/21	4	第四班	1400米	(60-40)	好地	草地 - "A+3" 賽道	12	12	晴朗拍檔(B071)	希威森	霍利時	116	1094	11	4-3/4	12 11 9 12	1:24.05	31	-	-	* 1	SR1	6	沙田	2.7							
2019/12/21	4	第四班	1400米	(60-40)	好地	草地 - "A+3" 賽道	13	11	嘉應風采(B115)	楊明綸	容天鵬	117	1173	14	9	9 7 6 13	1:24.71	40	-	-	+ 1	V/XB	5	沙田	2.7							
2019/12/21	4	第四班	1400米	(60-40)	好地	草地 - "A+3" 賽道		2	王者奇兵(C130)	梁家俊	姚本輝	132	---	---	---	---	---	---	-	-	-	-	4	沙田	2.7							
2019/12/21	5	第四班	1200米	(60-40)	好地	草地 - "A+3" 賽道	1	7	量化歡騰(D049)	史卓豐	韋達	127	1135	14	-	12 12 1	1:10.08	48	-	-	* 2	XB1	4	沙田	2.7	100.0			394.5	136.5	2805.5	
2019/12/21	5	第四班	1200米	(60-40)	好地	草地 - "A+3" 賽道	2	1	行星夢(D100)	薛恩	沈集成	133	1327	2	頭位	3 3 2	1:10.11	2.1	1st Hot	-	1	TT	4	沙田	2.7		11.0		394.5	136.5		260.5
2019/12/21	5	第四班	1200米	(60-40)	好地	草地 - "A+3" 賽道	3	14	大運舞台(T256)	潘明輝	鄭俊偉	116	1111	10	1/2	11 11 3	1:10.17	110	-	-	1	B	9	沙田	2.7			192.0			2805.5	260.5
2019/12/21	5	第四班	1200米	(60-40)	好地	草地 - "A+3" 賽道	4	3	精進百樂(C177)	潘頓	高伯新	132	1241	3	3/4	5 5 4	1:10.20	13	-	-	+ 1	 	4	沙田	2.7							
2019/12/21	5	第四班	1200米	(60-40)	好地	草地 - "A+3" 賽道	5	11	友享友賞(A142)	梁家俊	蘇偉賢	122	1186	8	3/4	1 1 5	1:10.20	109	-	-	* 2	B	6	沙田	2.7							
2019/12/21	5	第四班	1200米	(60-40)	好地	草地 - "A+3" 賽道	6	4	勁跑王(C420)	田泰安	告東尼	130	1149	13	1-3/4	7 6 6	1:10.35	5.9	-	-	* 2	H/TT	4	沙田	2.7							
2019/12/21	5	第四班	1200米	(60-40)	好地	草地 - "A+3" 賽道	7	6	誰與爭鋒(D054)	黃皓楠	呂健威	124	1235	4	2-1/4	8 7 7	1:10.44	69	-	-	* 1	 	4	沙田	2.7							
2019/12/21	5	第四班	1200米	(60-40)	好地	草地 - "A+3" 賽道	8	2	大軍閥(C113)	莫雷拉	蔡約翰	133	1131	7	2-1/4	4 4 8	1:10.44	4.3	2nd Hot	-	+ 1	PC1	4	沙田	2.7							
2019/12/21	5	第四班	1200米	(60-40)	好地	草地 - "A+3" 賽道	9	12	好友利(C223)	利敬國	徐雨石	121	1010	5	3-1/2	6 8 9	1:10.65	13	-	-	+ 1	B	4	沙田	2.7							
2019/12/21	5	第四班	1200米	(60-40)	好地	草地 - "A+3" 賽道	10	13	笑傲成功(C250)	蔡明紹	丁冠豪	120	1228	1	4-1/2	2 2 10	1:10.79	32	-	-	+ 1	CP-/B1/TT	4	沙田	2.7							
2019/12/21	5	第四班	1200米	(60-40)	好地	草地 - "A+3" 賽道	11	10	銀亮福將(B418)	楊明綸	容天鵬	123	1135	9	8-1/4	10 9 11	1:11.40	280	-	-	+ 1	H/TT1	5	沙田	2.7							
2019/12/21	5	第四班	1200米	(60-40)	好地	草地 - "A+3" 賽道	12	8	甲烷(C469)	巴度	霍利時	126	1079	6	10-1/2	9 10 12	1:11.78	11	-	-	1	 	4	沙田	2.7							
2019/12/21	5	第四班	1200米	(60-40)	好地	草地 - "A+3" 賽道	13	5	華麗傳承(D080)	黎海榮	葉楚航	127	1191	11	13-1/2	14 13 13	1:12.24	147	-	-	* 2	 	4	沙田	2.7							
2019/12/21	5	第四班	1200米	(60-40)	好地	草地 - "A+3" 賽道	14	9	江山駿駒(C207)	蘇狄雄	蘇保羅	122	1076	12	29-1/4	13 14 14	1:14.78	515	-	-	1	TT	-	沙田	2.7							
2019/12/21	6	第四班	1800米	(60-40)	好地	草地 - "A+3" 賽道	1	5	王者再現(V156)	郭能	姚本輝	128	1118	11	-	10 11 11 10 1	1:48.39	37	-	-	1	V	7	沙田	2.7	79.5			1713.5	373.0	196.5	
2019/12/21	6	第四班	1800米	(60-40)	好地	草地 - "A+3" 賽道	2	3	神龍駒(B108)	田泰安	告東尼	129	1080	2	短馬頭位	6 6 7 6 2	1:48.40	10	-	-	1	H/TT	5	沙田	2.7		27.0		1713.5	373.0		66.5
2019/12/21	6	第四班	1800米	(60-40)	好地	草地 - "A+3" 賽道	3	1	水箭龜(C450)	潘頓	霍利時	133	1051	8	短馬頭位	1 1 1 1 3	1:48.41	4.2	2nd Hot	-	+ 1	 	4	沙田	2.7			16.5			196.5	66.5
2019/12/21	6	第四班	1800米	(60-40)	好地	草地 - "A+3" 賽道	4	4	福多寶(B026)	潘明輝	賀賢	127	1109	3	頸位	9 7 6 5 4	1:48.46	8.4	-	-	+ 1	B	5	沙田	2.7							
2019/12/21	6	第四班	1800米	(60-40)	好地	草地 - "A+3" 賽道	5	9	常拼常勝(V037)	利敬國	苗禮德	126	1089	4	1-3/4	3 4 4 3 5	1:48.65	15	-	-	+ 1	V/TT	-	沙田	2.7							
2019/12/21	6	第四班	1800米	(60-40)	好地	草地 - "A+3" 賽道	6	6	高瞻遠矚(B345)	薛恩	約翰摩亞	127	1026	14	2-3/4	2 2 2 2 6	1:48.85	11	-	-	1	B	4	沙田	2.7							
2019/12/21	6	第四班	1800米	(60-40)	好地	草地 - "A+3" 賽道	7	14	小福將(C096)	巴度	沈集成	115	1069	7	3-3/4	4 5 5 7 7	1:48.99	6.2	-	-	+ 1	B-/H-	4	沙田	2.7							
2019/12/21	6	第四班	1800米	(60-40)	好地	草地 - "A+3" 賽道	8	7	福善(C426)	希威森	高伯新	127	1059	1	4	5 3 3 4 8	1:49.05	86	-	-	1	XB	4	沙田	2.7							
2019/12/21	6	第四班	1800米	(60-40)	好地	草地 - "A+3" 賽道	9	8	其樂無窮(S147)	楊明綸	鄭俊偉	127	1129	13	5	14 14 13 13 9	1:49.19	141	-	-	* 1	B/TT	9	沙田	2.7							
2019/12/21	6	第四班	1800米	(60-40)	好地	草地 - "A+3" 賽道	10	11	醉醒神(B436)	莫雷拉	呂健威	119	1068	9	5-1/4	7 8 8 8 10	1:49.25	3.2	1st Hot	-	+ 1	H/XB	4	沙田	2.7							
2019/12/21	6	第四班	1800米	(60-40)	好地	草地 - "A+3" 賽道	11	10	自然君子(C089)	陳嘉熙	方嘉柏	116	1185	6	6-1/2	8 9 10 9 11	1:49.42	23	-	-	* 1	B/H	5	沙田	2.7							
2019/12/21	6	第四班	1800米	(60-40)	好地	草地 - "A+3" 賽道	12	2	威利熱流(T281)	梁家俊	蘇保羅	131	1134	5	7-1/4	13 10 9 11 12	1:49.53	67	-	-	1	B	8	沙田	2.7							
2019/12/21	6	第四班	1800米	(60-40)	好地	草地 - "A+3" 賽道	13	13	蒜頭爺爺(V039)	蔡明紹	葉楚航	115	1029	12	7-1/2	12 13 14 12 13	1:49.58	44	-	-	1	B	7	沙田	2.7							
2019/12/21	6	第四班	1800米	(60-40)	好地	草地 - "A+3" 賽道	14	12	喜盈運(V337)	巫顯東	何良	113	1134	10	9-1/4	11 12 12 14 14	1:49.86	170	-	-	1	H/TT	7	沙田	2.7							
2019/12/21	7	第三班	1200米	(80-60)	好地	草地 - "A+3" 賽道	1	3	錶之智能(D139)	潘頓	約翰摩亞	128	1090	5	-	3 2 1	1:09.39	1.5	1st Hot	-	+ 1	XB	3	沙田	2.7	10.5			35.5	17.5	37.5	
2019/12/21	7	第三班	1200米	(80-60)	好地	草地 - "A+3" 賽道	2	1	美麗掌聲(C228)	莫雷拉	蔡約翰	133	1149	12	短馬頭位	1 1 2	1:09.40	5.2	2nd Hot	-	1	TT	4	沙田	2.7		14.5		35.5	17.5		68.5
2019/12/21	7	第三班	1200米	(80-60)	好地	草地 - "A+3" 賽道	3	12	連利福將(B475)	田泰安	葉楚航	116	1095	4	3/4	5 4 3	1:09.53	13	-	-	+ 1	B-	4	沙田	2.7			33.0			37.5	68.5
2019/12/21	7	第三班	1200米	(80-60)	好地	草地 - "A+3" 賽道	4	14	電子群星(C132)	蔡明紹	文家良	115	1038	6	1-3/4	7 8 4	1:09.66	13	-	-	+ 1	H	4	沙田	2.7							
2019/12/21	7	第三班	1200米	(80-60)	好地	草地 - "A+3" 賽道	5	2	心多多(B264)	梁家俊	蘇保羅	130	1030	11	2	12 11 5	1:09.70	36	-	-	* 1	CP-/B1	6	沙田	2.7							
2019/12/21	7	第三班	1200米	(80-60)	好地	草地 - "A+3" 賽道	6	11	文武先鋒(B049)	郭能	霍利時	120	1256	2	3-3/4	6 6 6	1:10.00	74	-	-	1	TT1	6	沙田	2.7							
2019/12/21	7	第三班	1200米	(80-60)	好地	草地 - "A+3" 賽道	7	9	鼓浪順風(D040)	利敬國	姚本輝	123	1175	7	4-3/4	10 10 7	1:10.14	10	-	-	* 1	TT	4	沙田	2.7							
2019/12/21	7	第三班	1200米	(80-60)	好地	草地 - "A+3" 賽道	8	7	駿皇星(D144)	貝力斯	約翰摩亞	125	1087	9	5-3/4	9 9 8	1:10.29	78	-	-	2	XB-	4	沙田	2.7							
2019/12/21	7	第三班	1200米	(80-60)	好地	草地 - "A+3" 賽道	9	8	嶺寶峯(B333)	希威森	徐雨石	123	1055	1	6	2 3 9	1:10.37	65	-	-	* 1	B2	6	沙田	2.7							
2019/12/21	7	第三班	1200米	(80-60)	好地	草地 - "A+3" 賽道	10	10	超跑王(C479)	楊明綸	容天鵬	123	1136	3	6-1/2	11 12 10	1:10.43	67	-	-	* 1	TT1	4	沙田	2.7							
2019/12/21	7	第三班	1200米	(80-60)	好地	草地 - "A+3" 賽道	11	13	真精采(C270)	黃皓楠	呂健威	113	1153	14	6-1/2	13 13 11	1:10.44	467	-	-	* 1	H/TT	4	沙田	2.7							
2019/12/21	7	第三班	1200米	(80-60)	好地	草地 - "A+3" 賽道	12	6	加州銀晉(C042)	巴度	告東尼	126	1136	8	7	8 7 12	1:10.50	72	-	-	* 1	H/TT	5	沙田	2.7							
2019/12/21	7	第三班	1200米	(80-60)	好地	草地 - "A+3" 賽道	13	5	路路富貴(C442)	黎海榮	何良	127	1012	10	9	14 14 13	1:10.82	272	-	-	* 1	H	4	沙田	2.7							
2019/12/21	7	第三班	1200米	(80-60)	好地	草地 - "A+3" 賽道	14	4	大醇威(D150)	潘明輝	方嘉柏	126	1145	13	9-3/4	4 5 14	1:10.94	219	-	-	* 1	 	3	沙田	2.7							
2019/12/21	8	第三班	1000米	(80-60)	好地	草地 - "A+3" 賽道	1	4	韋小寶(C188)	田泰安	蘇保羅	128	1121	9	-	12 4 1	0:56.55	5.7	-	-	1	B	4	沙田	2.7	15.0			491.5	94.5	197.0	
2019/12/21	8	第三班	1000米	(80-60)	好地	草地 - "A+3" 賽道	2	7	各取所需(C474)	薛恩	約翰摩亞	125	1047	5	1	5 9 2	0:56.70	18	-	-	+ 1	B	4	沙田	2.7		35.5		491.5	94.5		519.0
2019/12/21	8	第三班	1000米	(80-60)	好地	草地 - "A+3" 賽道	3	12	跳出世界(C333)	巴度	蔡約翰	118	1230	8	1	4 1 3	0:56.70	53	-	-	* 1	B	4	沙田	2.7			66.5			197.0	519.0
2019/12/21	8	第三班	1000米	(80-60)	好地	草地 - "A+3" 賽道	4	9	大紅包(B246)	蔡明紹	呂健威	123	1053	10	1-1/2	8 6 4	0:56.77	17	-	-	1	XB	6	沙田	2.7							
2019/12/21	8	第三班	1000米	(80-60)	好地	草地 - "A+3" 賽道	5	10	小太陽(D035)	潘頓	沈集成	122	1119	11	1-3/4	2 3 5	0:56.82	1.7	1st Hot	-	+ 1	 	3	沙田	2.7							
2019/12/21	8	第三班	1000米	(80-60)	好地	草地 - "A+3" 賽道	6	13	星叻(C257)	陳嘉熙	羅富全	108	1047	1	2-1/2	1 5 6	0:56.96	39	-	-	+ 1	 	4	沙田	2.7							
2019/12/21	8	第三班	1000米	(80-60)	好地	草地 - "A+3" 賽道	7	5	醒目勇駒(B456)	潘明輝	告東尼	125	1155	13	3-1/2	9 8 7	0:57.12	44	-	-	* 1	B/TT	5	沙田	2.7							
2019/12/21	8	第三班	1000米	(80-60)	好地	草地 - "A+3" 賽道	8	14	快樂凱旋(B195)	楊明綸	容天鵬	114	1107	14	3-3/4	10 7 8	0:57.13	92	-	-	* 1	 	5	沙田	2.7							
2019/12/21	8	第三班	1000米	(80-60)	好地	草地 - "A+3" 賽道	9	6	經典之星(C343)	莫雷拉	蘇偉賢	125	1174	7	3-3/4	3 2 9	0:57.16	4.2	2nd Hot	-	+ 1	TT	4	沙田	2.7							
2019/12/21	8	第三班	1000米	(80-60)	好地	草地 - "A+3" 賽道	10	2	一舖縱橫(B385)	黎海榮	丁冠豪	130	1052	12	4-1/2	11 10 10	0:57.25	171	-	-	* 1	H/TT	5	沙田	2.7							
2019/12/21	8	第三班	1000米	(80-60)	好地	草地 - "A+3" 賽道	11	3	天氣先生(D058)	梁家俊	韋達	129	995	6	6	13 11 11	0:57.49	66	-	-	+ 1	 	4	沙田	2.7							
2019/12/21	8	第三班	1000米	(80-60)	好地	草地 - "A+3" 賽道	12	1	金糠(D134)	希威森	霍利時	133	1043	2	11	7 12 12	0:58.31	242	-	-	* 1	SR	4	沙田	2.7							
2019/12/21	8	第三班	1000米	(80-60)	好地	草地 - "A+3" 賽道	13	8	合夥精神(D175)	郭能	高伯新	124	1221	3	11-3/4	14 14 13	0:58.42	128	-	-	1	H1/XB1	4	沙田	2.7							
2019/12/21	8	第三班	1000米	(80-60)	好地	草地 - "A+3" 賽道	14	11	騷哥利(C430)	巫顯東	徐雨石	118	1006	4	17-3/4	6 13 14	0:59.37	401	-	-	1	H	5	沙田	2.7							
2019/12/21	9	第二班	2000米	(105-80)	好地	草地 - "A+3" 賽道	1	10	龍鼓飛揚(C120)	巴度	苗禮德	114	1133	13	-	13 11 11 10 1	2:01.14	13	-	-	+ 1	XB	5	沙田	2.7	37.0			146.5	58.5	111.5	
2019/12/21	9	第二班	2000米	(105-80)	好地	草地 - "A+3" 賽道	2	11	任我行(C297)	莫雷拉	約翰摩亞	115	1025	7	1/2	7 7 7 7 2	2:01.25	2.2	1st Hot	-	1	CP	5	沙田	2.7		13.0		146.5	58.5		34.5
2019/12/21	9	第二班	2000米	(105-80)	好地	草地 - "A+3" 賽道	3	5	喜蓮騏星(C165)	田泰安	告東尼	120	1044	3	2-1/2	6 6 6 4 3	2:01.53	5.8	2nd Hot	-	* 1	XB/TT	5	沙田	2.7			18.0			111.5	34.5
2019/12/21	9	第二班	2000米	(105-80)	好地	草地 - "A+3" 賽道	4	13	轉數高(C007)	潘明輝	賀賢	111	1188	4	2-1/2	5 5 5 3 4	2:01.55	8.6	-	-	+ 1	B/XB	5	沙田	2.7							
2019/12/21	9	第二班	2000米	(105-80)	好地	草地 - "A+3" 賽道	5	4	陸寶(B153)	巫顯東	告東尼	120	995	11	4	12 12 12 12 5	2:01.77	30	-	-	2	H/PC/TT	6	沙田	2.7							
2019/12/21	9	第二班	2000米	(105-80)	好地	草地 - "A+3" 賽道	6	9	傑彩繽紛(B457)	利敬國	蔡約翰	116	1054	10	4-1/4	10 13 13 13 6	2:01.83	9.2	-	-	1	B	5	沙田	2.7							
2019/12/21	9	第二班	2000米	(105-80)	好地	草地 - "A+3" 賽道	7	2	紅運戰士(B355)	薛恩	蔡約翰	129	1048	8	4-1/2	9 10 10 11 7	2:01.88	24	-	-	2	TT	5	沙田	2.7							
2019/12/21	9	第二班	2000米	(105-80)	好地	草地 - "A+3" 賽道	8	6	天池怪俠(B350)	史卓豐	蘇偉賢	120	1145	6	4-3/4	8 8 8 6 8	2:01.91	21	-	-	1	H	5	沙田	2.7							
2019/12/21	9	第二班	2000米	(105-80)	好地	草地 - "A+3" 賽道	9	3	非凡才子(C095)	楊明綸	容天鵬	125	1110	9	5	11 9 9 8 9	2:01.96	14	-	-	1	 	5	沙田	2.7							
2019/12/21	9	第二班	2000米	(105-80)	好地	草地 - "A+3" 賽道	10	1	翠龍(B156)	黃皓楠	徐雨石	130	1061	5	5-3/4	1 1 1 1 10	2:02.06	64	-	-	1	SR	6	沙田	2.7							
2019/12/21	9	第二班	2000米	(105-80)	好地	草地 - "A+3" 賽道	11	12	蟲草之星(B070)	黎海榮	呂健威	113	1198	2	6-1/4	3 4 4 2 11	2:02.14	30	-	-	* 1	B	5	沙田	2.7							
2019/12/21	9	第二班	2000米	(105-80)	好地	草地 - "A+3" 賽道	12	7	繽紛遊戲(C013)	陳嘉熙	羅富全	108	1073	12	9-1/2	4 2 2 5 12	2:02.66	106	-	-	1	B	5	沙田	2.7							
2019/12/21	9	第二班	2000米	(105-80)	好地	草地 - "A+3" 賽道	13	8	美麗經典(C049)	蔡明紹	約翰摩亞	116	1097	1	19	2 3 3 9 13	2:04.19	18	-	-	2	B	5	沙田	2.7							
2019/12/21	10	第三班	1400米	(80-60)	好地	草地 - "A+3" 賽道	1	8	精簡最好(B464)	利敬國	姚本輝	120	1077	11	-	1 1 1 1	1:22.44	3	1st Hot	-	+ 1	V	4	沙田	2.7	15.5			68.5	35.0	140.5	
2019/12/21	10	第三班	1400米	(80-60)	好地	草地 - "A+3" 賽道	2	11	忠心美麗(B383)	田泰安	告東尼	117	1109	3	1-1/4	3 3 3 2	1:22.65	4.5	2nd Hot	-	+ 1	B/TT	5	沙田	2.7		18.0		68.5	35.0		182.0
2019/12/21	10	第三班	1400米	(80-60)	好地	草地 - "A+3" 賽道	3	14	佳運來(T380)	黎海榮	徐雨石	114	1022	2	1-1/2	13 14 13 3	1:22.69	32	-	-	* 1	 	8	沙田	2.7			62.0			140.5	182.0
2019/12/21	10	第三班	1400米	(80-60)	好地	草地 - "A+3" 賽道	4	2	請跟我來(B440)	莫雷拉	蔡約翰	133	1111	14	2	10 10 9 4	1:22.75	11	-	-	+ 1	TT	4	沙田	2.7							
2019/12/21	10	第三班	1400米	(80-60)	好地	草地 - "A+3" 賽道	5	7	歡樂小子(S235)	潘頓	文家良	121	1291	13	2-1/4	6 9 10 5	1:22.81	10	-	-	1	V	9	沙田	2.7							
2019/12/21	10	第三班	1400米	(80-60)	好地	草地 - "A+3" 賽道	6	12	獨角寶寶(C203)	潘明輝	高伯新	115	1145	5	2-1/2	5 5 4 6	1:22.85	10	-	-	* 1	B/TT	5	沙田	2.7							
2019/12/21	10	第三班	1400米	(80-60)	好地	草地 - "A+3" 賽道	7	3	健康美麗(B384)	蔡明紹	約翰摩亞	126	1037	4	2-3/4	8 6 6 7	1:22.87	15	-	-	* 1	PC-/CP2/TT	5	沙田	2.7							
2019/12/21	10	第三班	1400米	(80-60)	好地	草地 - "A+3" 賽道	8	4	喜佳龍(B377)	史卓豐	蘇偉賢	125	1153	6	3-1/2	11 8 7 8	1:23.01	8.4	-	W P	1	XB/TT	5	沙田	2.7							
2019/12/21	10	第三班	1400米	(80-60)	好地	草地 - "A+3" 賽道	9	5	軍威振(D141)	巴度	韋達	123	1055	9	4-1/2	2 2 2 9	1:23.16	11	-	-	+ 1	B1/SR1	4	沙田	2.7							
2019/12/21	10	第三班	1400米	(80-60)	好地	草地 - "A+3" 賽道	10	6	縱橫四海(C142)	楊明綸	丁冠豪	121	1163	8	4-1/2	14 13 14 10	1:23.17	22	-	-	* 1	H/SR/TT	5	沙田	2.7							
2019/12/21	10	第三班	1400米	(80-60)	好地	草地 - "A+3" 賽道	11	10	財富超影(C392)	黃皓楠	蘇保羅	116	1102	10	5	7 7 8 11	1:23.25	114	-	-	+ 1	B	4	沙田	2.7							
2019/12/21	10	第三班	1400米	(80-60)	好地	草地 - "A+3" 賽道	12	1	埃塞紡(C209)	希威森	霍利時	133	1165	7	8-1/4	12 12 11 12	1:23.78	193	-	-	+ 1	 	-	沙田	2.7							
2019/12/21	10	第三班	1400米	(80-60)	好地	草地 - "A+3" 賽道	13	13	電子大師(A254)	巫顯東	方嘉柏	113	1140	1	8-1/2	9 11 12 13	1:23.81	115	-	-	+ 1	V/XB	6	沙田	2.7							
2019/12/21	10	第三班	1400米	(80-60)	好地	草地 - "A+3" 賽道	14	9	龍船(V186)	梁家俊	鄭俊偉	119	1098	12	10	4 4 5 14	1:24.04	54	-	-	+ 1	TT	7	沙田	2.7							
2019/12/26	1	第五班	1200米	(40-0)	好地	草地 - "A" 賽道	1	11	雷霆導彈(A281)	何澤堯	文家良	117	1169	1	-	2 2 1	1:10.35	26	-	-	+ 1	B/TT	6	跑馬地	2.7	52.0			1827.5	391.5	183.5	
2019/12/26	1	第五班	1200米	(40-0)	好地	草地 - "A" 賽道	2	10	金剛秀(T436)	利敬國	鄭俊偉	117	1115	10	頸位	5 5 2	1:10.41	24	-	-	+ 1	B	7	跑馬地	2.7		51.0		1827.5	391.5		181.0
2019/12/26	1	第五班	1200米	(40-0)	好地	草地 - "A" 賽道	3	12	勁皇子(V143)	田泰安	蔡約翰	113	1109	2	1	4 4 3	1:10.51	6.8	-	-	+ 1	P/TT	7	跑馬地	2.7			21.0			183.5	181.0
2019/12/26	1	第五班	1200米	(40-0)	好地	草地 - "A" 賽道	4	1	安定繁盛(C064)	莫雷拉	羅富全	133	1105	6	1-1/4	11 10 4	1:10.55	2.3	1st Hot	-	+ 1	B/TT	4	跑馬地	2.7							
2019/12/26	1	第五班	1200米	(40-0)	好地	草地 - "A" 賽道	5	5	天皇巨星(V367)	薛恩	蘇保羅	132	1189	7	1-3/4	7 7 5	1:10.65	18	-	-	+ 1	B	6	跑馬地	2.7							
2019/12/26	1	第五班	1200米	(40-0)	好地	草地 - "A" 賽道	6	3	萬事欣(T129)	巫顯東	何良	130	1202	11	2-3/4	1 1 6	1:10.77	25	-	-	* 1	B/TT	8	跑馬地	2.7							
2019/12/26	1	第五班	1200米	(40-0)	好地	草地 - "A" 賽道	7	9	獵狐章者(B187)	黎海榮	呂健威	117	1014	5	2-3/4	9 9 7	1:10.80	94	-	-	+ 1	B/TT	5	跑馬地	2.7							
2019/12/26	1	第五班	1200米	(40-0)	好地	草地 - "A" 賽道	8	4	鑽石達人(V341)	陳嘉熙	告東尼	122	1146	9	3-1/2	12 12 8	1:10.91	14	-	-	1	V/TT	7	跑馬地	2.7							
2019/12/26	1	第五班	1200米	(40-0)	好地	草地 - "A" 賽道	9	2	餘皇(B155)	巴度	韋達	133	1095	4	4	6 6 9	1:10.99	3.8	2nd Hot	-	+ 1	B	6	跑馬地	2.7							
2019/12/26	1	第五班	1200米	(40-0)	好地	草地 - "A" 賽道	10	6	皇家魅力(A356)	蘇兆輝	蘇偉賢	129	1164	3	5-3/4	3 3 10	1:11.26	9.2	-	-	+ 1	SR/TT	6	跑馬地	2.7							
2019/12/26	1	第五班	1200米	(40-0)	好地	草地 - "A" 賽道	11	8	蜜運(B341)	郭能	葉楚航	122	1060	12	7-1/4	10 11 11	1:11.52	136	-	-	+ 1	B/TT	-	跑馬地	2.7							
2019/12/26	1	第五班	1200米	(40-0)	好地	草地 - "A" 賽道	12	7	鋒仔(C282)	希威森	高伯新	124	1022	8	12-1/2	8 8 12	1:12.34	169	-	-	1	B	4	跑馬地	2.7							
2019/12/26	2	第三班	2200米	(80-60)	好地	草地 - "A" 賽道	1	6	文武傳奇(B137)	利敬國	沈集成	126	1125	7	-	7 7 7 7 6 1	2:16.67	5.6	2nd Hot	-	1	B/TT	5	跑馬地	2.7	15.0			192.5	57.0	25.5	
2019/12/26	2	第三班	2200米	(80-60)	好地	草地 - "A" 賽道	2	3	興惑(B351)	何澤堯	告東尼	130	1035	8	短馬頭位	9 9 9 9 7 2	2:16.70	8.6	-	-	1	CP/TT	6	跑馬地	2.7		23.5		192.5	57.0		41.0
2019/12/26	2	第三班	2200米	(80-60)	好地	草地 - "A" 賽道	3	4	扎西德勒(C084)	莫雷拉	約翰摩亞	129	1119	9	頸位	6 6 6 6 5 3	2:16.72	2	1st Hot	-	+ 1	CP/TT	5	跑馬地	2.7			12.5			25.5	41.0
2019/12/26	2	第三班	2200米	(80-60)	好地	草地 - "A" 賽道	4	10	情趣(V114)	田泰安	霍利時	117	1123	10	1-3/4	10 10 10 10 10 4	2:16.94	16	-	-	+ 1	B/TT	8	跑馬地	2.7							
2019/12/26	2	第三班	2200米	(80-60)	好地	草地 - "A" 賽道	5	7	馬主星輝(B427)	郭能	沈集成	126	1061	2	2-1/2	4 4 4 4 4 5	2:17.08	6.9	-	-	2	B/TT	5	跑馬地	2.7							
2019/12/26	2	第三班	2200米	(80-60)	好地	草地 - "A" 賽道	6	5	事勝意(T391)	潘明輝	苗禮德	126	1064	5	4-3/4	1 3 3 3 3 6	2:17.44	13	-	-	+ 1	SR/TT	8	跑馬地	2.7							
2019/12/26	2	第三班	2200米	(80-60)	好地	草地 - "A" 賽道	7	2	格男(C398)	貝力斯	約翰摩亞	131	972	6	4-3/4	8 8 8 8 9 7	2:17.44	133	-	-	2	CP/XB	-	跑馬地	2.7							
2019/12/26	2	第三班	2200米	(80-60)	好地	草地 - "A" 賽道	8	8	榮冠大道(V378)	蔡明紹	葉楚航	121	1177	4	14-1/4	3 2 2 2 2 8	2:18.93	36	-	-	1	V	7	跑馬地	2.7							
2019/12/26	2	第三班	2200米	(80-60)	好地	草地 - "A" 賽道	9	1	馭風行(C433)	梁家俊	蘇保羅	133	1165	1	18-1/2	5 5 5 5 8 9	2:19.62	42	-	-	1	 	4	跑馬地	2.7							
2019/12/26	2	第三班	2200米	(80-60)	好地	草地 - "A" 賽道	10	9	尖子(C266)	巴度	徐雨石	121	1086	3	18-3/4	2 1 1 1 1 10	2:19.67	12	-	-	1	SR	5	跑馬地	2.7							
2019/12/26	3	第四班	1650米	(60-40)	好地	草地 - "A" 賽道	1	7	多多(C109)	巴度	蔡約翰	121	1024	1	-	3 3 7 1	1:40.60	6.2	2nd Hot	-	1	H	4	跑馬地	2.7	17.0			50.0	27.5	90.5	
2019/12/26	3	第四班	1650米	(60-40)	好地	草地 - "A" 賽道	2	3	偉大勝利(C048)	莫雷拉	韋達	131	1054	2	1/2	7 5 6 2	1:40.69	1.6	1st Hot	-	1	XB	6	跑馬地	2.7		11.5		50.0	27.5		45.0
2019/12/26	3	第四班	1650米	(60-40)	好地	草地 - "A" 賽道	3	6	陽明亮亮(A359)	何澤堯	呂健威	122	1027	4	3/4	8 9 9 3	1:40.73	15	-	-	2	 	6	跑馬地	2.7			30.0			90.5	45.0
2019/12/26	3	第四班	1650米	(60-40)	好地	草地 - "A" 賽道	4	8	力王(A065)	郭能	霍利時	121	1065	5	1	4 4 4 4	1:40.76	25	-	-	1	B1	7	跑馬地	2.7							
2019/12/26	3	第四班	1650米	(60-40)	好地	草地 - "A" 賽道	5	4	放眼量(A140)	梁家俊	何良	130	1062	8	1	2 2 3 5	1:40.77	31	-	-	* 1	CP/H	6	跑馬地	2.7							
2019/12/26	3	第四班	1650米	(60-40)	好地	草地 - "A" 賽道	6	2	一舖成名(B162)	史卓豐	羅富全	131	1136	10	1	5 6 5 6	1:40.78	32	-	-	2	B/TT	5	跑馬地	2.7							
2019/12/26	3	第四班	1650米	(60-40)	好地	草地 - "A" 賽道	7	12	精彩飛動(B095)	潘頓	方嘉柏	131	1021	6	1-3/4	9 8 1 7	1:40.89	12	-	-	2	H/TT	6	跑馬地	2.7							
2019/12/26	3	第四班	1650米	(60-40)	好地	草地 - "A" 賽道	8	1	靚紫荊(A135)	田泰安	徐雨石	133	1043	3	3-1/2	6 7 8 8	1:41.15	9.4	-	-	+ 1	B	7	跑馬地	2.7							
2019/12/26	3	第四班	1650米	(60-40)	好地	草地 - "A" 賽道	9	11	金剛仔(S146)	蔡明紹	鄭俊偉	118	1086	12	4-1/4	12 12 11 9	1:41.27	46	-	-	+ 1	TT	-	跑馬地	2.7							
2019/12/26	3	第四班	1650米	(60-40)	好地	草地 - "A" 賽道	10	9	驃騎飛(C456)	蘇狄雄	蘇偉賢	117	1110	9	5-1/4	11 10 10 10	1:41.46	175	-	-	2	 	4	跑馬地	2.7							
2019/12/26	3	第四班	1650米	(60-40)	好地	草地 - "A" 賽道	11	5	新界之星(A081)	黎海榮	姚本輝	125	1059	11	7-1/4	1 1 2 11	1:41.74	29	-	-	2	 	6	跑馬地	2.7							
2019/12/26	3	第四班	1650米	(60-40)	好地	草地 - "A" 賽道	12	10	暴風俠(A123)	黃皓楠	葉楚航	115	1142	7	7-1/4	10 11 12 12	1:41.77	105	-	-	* 1	 	6	跑馬地	2.7							
2019/12/26	3	第四班	1650米	(60-40)	好地	草地 - "A" 賽道			奔馳寶馬(V038)	楊明綸	蘇保羅	116	---	---	---	---	---	---	-	-	-	-	-	跑馬地	2.7							
2019/12/26	4	第四班	1650米	(60-40)	好地	草地 - "A" 賽道	1	10	管之星(B006)	巴度	呂健威	117	1111	10	-	11 9 3 1	1:40.34	10	-	-	1	B/TT	6	跑馬地	2.7	35.5			326.0	79.5	101.5	
2019/12/26	4	第四班	1650米	(60-40)	好地	草地 - "A" 賽道	2	2	永益善(B003)	利敬國	沈集成	127	1102	4	3/4	8 7 5 2	1:40.45	6.1	-	-	1	B	6	跑馬地	2.7		16.5		326.0	79.5		50.5
2019/12/26	4	第四班	1650米	(60-40)	好地	草地 - "A" 賽道	3	5	及時行樂(A125)	田泰安	徐雨石	124	1123	6	2-3/4	10 11 10 3	1:40.76	5.1	2nd Hot	-	* 2	B-	6	跑馬地	2.7			19.0			101.5	50.5
2019/12/26	4	第四班	1650米	(60-40)	好地	草地 - "A" 賽道	4	6	捉金皇(B460)	潘頓	方嘉柏	122	1113	11	3-3/4	3 2 2 4	1:40.94	7.9	-	-	1	H-/PC-	4	跑馬地	2.7							
2019/12/26	4	第四班	1650米	(60-40)	好地	草地 - "A" 賽道	5	11	醉翁意(C016)	莫雷拉	蔡約翰	117	1063	1	4-1/2	6 5 7 5	1:41.07	3	1st Hot	-	2	P	4	跑馬地	2.7							
2019/12/26	4	第四班	1650米	(60-40)	好地	草地 - "A" 賽道	6	4	快閃的(A189)	郭能	霍利時	124	1062	2	4-3/4	5 4 4 6	1:41.10	10	-	-	* 2	B/TT	6	跑馬地	2.7							
2019/12/26	4	第四班	1650米	(60-40)	好地	草地 - "A" 賽道	7	1	榮惑(C370)	史卓豐	告東尼	133	1027	5	4-3/4	9 10 9 7	1:41.11	76	-	-	1	B/TT	4	跑馬地	2.7							
2019/12/26	4	第四班	1650米	(60-40)	好地	草地 - "A" 賽道	8	9	勁瀟灑(C252)	何澤堯	羅富全	119	1110	7	5-3/4	4 6 8 8	1:41.25	18	-	-	1	B/XB/TT	4	跑馬地	2.7							
2019/12/26	4	第四班	1650米	(60-40)	好地	草地 - "A" 賽道	9	12	志聰明(C319)	黎海榮	何良	116	1201	9	6-1/2	12 12 11 9	1:41.38	178	-	-	2	B	4	跑馬地	2.7							
2019/12/26	4	第四班	1650米	(60-40)	好地	草地 - "A" 賽道	10	7	又夠醒(C305)	希威森	姚本輝	121	1149	12	9-3/4	1 1 1 10	1:41.91	9.9	-	-	+ 1	 	4	跑馬地	2.7							
2019/12/26	4	第四班	1650米	(60-40)	好地	草地 - "A" 賽道	11	3	橋津精彩(C468)	蘇狄雄	蘇偉賢	122	1100	3	22-3/4	7 8 12 11	1:43.97	261	-	-	1	 	4	跑馬地	2.7							
2019/12/26	4	第四班	1650米	(60-40)	好地	草地 - "A" 賽道	12	8	新威龍(V412)	蔡明紹	高伯新	121	1211	8	30	2 3 6 12	1:45.14	44	-	-	1	CP/TT	-	跑馬地	2.7							
2019/12/26	5	第四班	1200米	(60-40)	好地	草地 - "A" 賽道	1	2	超能量(B294)	巴度	韋達	130	1121	9	-	6 5 1	1:10.28	4.9	2nd Hot	-	* 1	B/XB	5	跑馬地	2.7	17.0			205.0	79.5	82.0	
2019/12/26	5	第四班	1200米	(60-40)	好地	草地 - "A" 賽道	2	5	魅力漢子(C412)	莫雷拉	蔡約翰	125	1118	6	3/4	7 9 2	1:10.38	8.6	-	-	* 1	 	4	跑馬地	2.7		21.5		205.0	79.5		128.0
2019/12/26	5	第四班	1200米	(60-40)	好地	草地 - "A" 賽道	3	12	善傳千里(A121)	蔡明紹	文家良	118	1091	7	1-1/2	8 6 3	1:10.50	10	-	-	+ 1	 	6	跑馬地	2.7			25.0			82.0	128.0
2019/12/26	5	第四班	1200米	(60-40)	好地	草地 - "A" 賽道	4	1	如真如假(C222)	薛恩	方嘉柏	131	1117	4	2-1/2	3 3 4	1:10.69	2.7	1st Hot	-	* 1	TT	4	跑馬地	2.7							
2019/12/26	5	第四班	1200米	(60-40)	好地	草地 - "A" 賽道	5	10	馬功臣(A296)	田泰安	蘇偉賢	120	1130	8	3	10 10 5	1:10.77	9.8	-	-	+ 1	B/E/TT	6	跑馬地	2.7							
2019/12/26	5	第四班	1200米	(60-40)	好地	草地 - "A" 賽道	6	11	超級炮彈(C281)	楊明綸	丁冠豪	119	1159	2	3-1/2	5 4 6	1:10.83	15	-	-	* 1	H	4	跑馬地	2.7							
2019/12/26	5	第四班	1200米	(60-40)	好地	草地 - "A" 賽道	7	7	幸運飛彈(C501)	貝力斯	賀賢	123	1114	10	4-1/4	11 11 7	1:10.97	44	-	-	* 1	 	3	跑馬地	2.7							
2019/12/26	5	第四班	1200米	(60-40)	好地	草地 - "A" 賽道	8	3	雷電寶(B259)	梁家俊	姚本輝	126	1187	11	5	9 8 8	1:11.08	29	-	-	* 1	V	-	跑馬地	2.7							
2019/12/26	5	第四班	1200米	(60-40)	好地	草地 - "A" 賽道	9	9	君悅灣(P421)	黃皓楠	鄭俊偉	119	1238	3	5-1/2	4 7 9	1:11.14	43	-	-	* 1	H/TT	9	跑馬地	2.7							
2019/12/26	5	第四班	1200米	(60-40)	好地	草地 - "A" 賽道	10	4	阿凡達(V123)	何澤堯	徐雨石	126	1099	1	6-1/4	1 1 10	1:11.29	5.9	-	-	* 1	B2	7	跑馬地	2.7							
2019/12/26	5	第四班	1200米	(60-40)	好地	草地 - "A" 賽道	11	6	活力財星(C348)	蘇狄雄	何良	123	1066	12	8-1/4	12 12 11	1:11.58	230	-	-	* 1	H1/TT1	-	跑馬地	2.7							
2019/12/26	5	第四班	1200米	(60-40)	好地	草地 - "A" 賽道	12	8	金湶德(A427)	希威森	霍利時	122	1090	5	16-1/4	2 2 12	1:12.89	55	-	-	* 1	B	-	跑馬地	2.7							
2019/12/26	5	第四班	1200米	(60-40)	好地	草地 - "A" 賽道			四千金(V362)	---	高伯新	130	---	---	---	---	---	---	-	-	-	-	-	跑馬地	2.7							
2019/12/26	6	第四班	1000米	(60-40)	好地	草地 - "A" 賽道	1	2	萬眾之力(C329)	利敬國	約翰摩亞	129	1011	6	-	1 3 1	0:57.28	8.1	-	-	* 1	 	3	跑馬地	2.7	21.0			185.5	56.5	56.0	
2019/12/26	6	第四班	1000米	(60-40)	好地	草地 - "A" 賽道	2	4	孖寶(C239)	蔡明紹	蘇保羅	125	1208	1	3/4	6 6 2	0:57.40	6.7	-	-	* 1	XB	4	跑馬地	2.7		17.0		185.5	56.5		47.0
2019/12/26	6	第四班	1000米	(60-40)	好地	草地 - "A" 賽道	3	12	鼓浪威風(C088)	梁家俊	姚本輝	117	1225	2	1-1/2	3 5 3	0:57.53	3.7	2nd Hot	-	+ 1	CP/XB/TT	4	跑馬地	2.7			16.0			56.0	47.0
2019/12/26	6	第四班	1000米	(60-40)	好地	草地 - "A" 賽道	4	7	慣勝積極(A345)	黃皓楠	丁冠豪	120	1107	7	1-3/4	7 7 4	0:57.54	145	-	-	* 1	 	6	跑馬地	2.7							
2019/12/26	6	第四班	1000米	(60-40)	好地	草地 - "A" 賽道	5	10	太陽戰馬(C212)	莫雷拉	徐雨石	119	1178	5	2-1/4	5 4 5	0:57.64	2.8	1st Hot	-	+ 1	B	5	跑馬地	2.7							
2019/12/26	6	第四班	1000米	(60-40)	好地	草地 - "A" 賽道	6	9	晨曦寶馬(C023)	潘明輝	蔡約翰	117	1104	10	2-1/4	9 9 6	0:57.65	64	-	-	+ 1	B	4	跑馬地	2.7							
2019/12/26	6	第四班	1000米	(60-40)	好地	草地 - "A" 賽道	7	11	爪皇轟天(A291)	希威森	霍利時	118	1126	11	2-1/2	2 1 7	0:57.68	15	-	-	* 1	B/TT	6	跑馬地	2.7							
2019/12/26	6	第四班	1000米	(60-40)	好地	草地 - "A" 賽道	8	6	旅遊拿督(V235)	巴度	高伯新	124	1100	9	2-3/4	10 10 8	0:57.71	19	-	-	+ 1	B	7	跑馬地	2.7							
2019/12/26	6	第四班	1000米	(60-40)	好地	草地 - "A" 賽道	9	3	神期大帝(D107)	田泰安	告東尼	125	1071	4	3	8 8 9	0:57.77	51	-	-	+ 1	H/TT	3	跑馬地	2.7							
2019/12/26	6	第四班	1000米	(60-40)	好地	草地 - "A" 賽道	10	5	非凡魅力(D102)	何澤堯	呂健威	125	1114	12	3-1/2	12 11 10	0:57.84	80	-	-	* 1	H1	4	跑馬地	2.7							
2019/12/26	6	第四班	1000米	(60-40)	好地	草地 - "A" 賽道	11	8	榮彩大道(C340)	蘇狄雄	葉楚航	118	1151	3	3-3/4	11 12 11	0:57.87	45	-	-	* 1	 	3	跑馬地	2.7							
2019/12/26	6	第四班	1000米	(60-40)	好地	草地 - "A" 賽道	12	1	自由喜(B359)	潘頓	蘇偉賢	133	1131	8	7-1/2	4 2 12	0:58.47	8	-	-	* 1	H-/TT	5	跑馬地	2.7							
2019/12/26	7	第三班	1650米	(80-60)	好地	草地 - "A" 賽道	1	9	盛大光輝(C121)	潘頓	何良	124	1131	10	-	3 2 2 1	1:39.83	8.9	-	-	+ 1	 	5	跑馬地	2.7	28.0			494.5	158.5	170.0	
2019/12/26	7	第三班	1650米	(80-60)	好地	草地 - "A" 賽道	2	3	湛江最醒(B406)	田泰安	蘇偉賢	118	1053	3	2-3/4	8 10 11 2	1:40.27	15	-	-	1	TT	5	跑馬地	2.7		43.0		494.5	158.5		234.0
2019/12/26	7	第三班	1650米	(80-60)	好地	草地 - "A" 賽道	3	5	福威勝(B223)	何澤堯	呂健威	130	1135	11	3	11 12 10 3	1:40.30	16	-	-	+ 1	 	6	跑馬地	2.7			37.0			170.0	234.0
2019/12/26	7	第三班	1650米	(80-60)	好地	草地 - "A" 賽道	4	6	噴火龍(B463)	郭能	霍利時	128	1027	4	3-1/4	4 5 4 4	1:40.36	5.5	2nd Hot	-	+ 1	TT	5	跑馬地	2.7							
2019/12/26	7	第三班	1650米	(80-60)	好地	草地 - "A" 賽道	5	8	太陽威威(C111)	利敬國	羅富全	126	1028	12	3-3/4	6 4 3 5	1:40.41	15	-	-	+ 1	 	4	跑馬地	2.7							
2019/12/26	7	第三班	1650米	(80-60)	好地	草地 - "A" 賽道	6	7	紀利雄星(C041)	薛恩	沈集成	127	1241	2	3-3/4	2 3 5 6	1:40.42	10	-	-	* 1	B	4	跑馬地	2.7							
2019/12/26	7	第三班	1650米	(80-60)	好地	草地 - "A" 賽道	7	10	智力寶(B311)	莫雷拉	蔡約翰	124	1189	1	4-1/2	7 8 6 7	1:40.56	2.5	1st Hot	-	* 1	 	5	跑馬地	2.7							
2019/12/26	7	第三班	1650米	(80-60)	好地	草地 - "A" 賽道	8	4	老撾之光(C291)	希威森	約翰摩亞	130	998	6	5	5 6 7 8	1:40.61	66	-	-	+ 1	B-/TT1	4	跑馬地	2.7							
2019/12/26	7	第三班	1650米	(80-60)	好地	草地 - "A" 賽道	9	1	勤德兼備(A071)	潘明輝	賀賢	131	1101	7	5-1/2	12 11 9 9	1:40.69	14	-	-	1	B	7	跑馬地	2.7							
2019/12/26	7	第三班	1650米	(80-60)	好地	草地 - "A" 賽道	10	12	好計(B432)	蔡明紹	方嘉柏	116	1057	5	6-1/4	10 9 12 10	1:40.82	23	-	-	+ 1	V/XB	5	跑馬地	2.7							
2019/12/26	7	第三班	1650米	(80-60)	好地	草地 - "A" 賽道	11	11	維港奔流(D042)	蘇兆輝	韋達	120	1094	9	6-3/4	1 1 1 11	1:40.90	40	-	-	* 1	 	4	跑馬地	2.7							
2019/12/26	7	第三班	1650米	(80-60)	好地	草地 - "A" 賽道	12	2	追風者(B414)	巴度	丁冠豪	132	1112	8	7-1/2	9 7 8 12	1:41.03	11	-	-	+ 1	 	5	跑馬地	2.7							
2019/12/26	7	第三班	1650米	(80-60)	好地	草地 - "A" 賽道			有備而來(A240)	史卓豐	苗禮德	130	---	---	---	---	---	---	-	-	-	-	-	跑馬地	2.7							
2019/12/26	8	第二班	1650米	(100-80)	好地	草地 - "A" 賽道	1	6	孖寶兄弟(D127)	何澤堯	告東尼	123	1002	1	-	4 5 5 1	1:39.82	11	-	-	1	TT1	4	跑馬地	2.7	34.5			1088.0	262.5	75.0	
2019/12/26	8	第二班	1650米	(100-80)	好地	草地 - "A" 賽道	2	4	合拍威龍(B099)	蔡明紹	約翰摩亞	124	1154	10	1	8 8 8 2	1:39.97	25	-	-	1	H	6	跑馬地	2.7		54.5		1088.0	262.5		108.0
2019/12/26	8	第二班	1650米	(100-80)	好地	草地 - "A" 賽道	3	11	健快聯盟(C135)	田泰安	蘇保羅	118	1169	4	1-1/4	5 7 6 3	1:40.03	3.5	1st Hot	-	+ 1	 	5	跑馬地	2.7			15.5			75.0	108.0
2019/12/26	8	第二班	1650米	(100-80)	好地	草地 - "A" 賽道	4	7	勇猛神駒(C462)	利敬國	沈集成	121	1128	8	1-3/4	3 1 1 4	1:40.11	57	-	-	* 1	XB/TT	4	跑馬地	2.7							
2019/12/26	8	第二班	1650米	(100-80)	好地	草地 - "A" 賽道	5	10	協勝神駒(B217)	巴度	高伯新	119	1273	3	3	9 10 10 5	1:40.31	10	-	-	1	B/H/TT	5	跑馬地	2.7							
2019/12/26	8	第二班	1650米	(100-80)	好地	草地 - "A" 賽道	6	9	軍民歡(B208)	希威森	韋達	119	1054	9	3-1/4	11 12 12 6	1:40.34	24	-	-	1	B	6	跑馬地	2.7							
2019/12/26	8	第二班	1650米	(100-80)	好地	草地 - "A" 賽道	7	5	超級綠洲(D085)	潘頓	羅富全	124	1157	12	3-1/2	10 9 9 7	1:40.39	6	-	-	1	 	4	跑馬地	2.7							
2019/12/26	8	第二班	1650米	(100-80)	好地	草地 - "A" 賽道	8	3	競技勇士(B285)	蘇狄雄	葉楚航	123	1154	2	4-1/2	12 11 11 8	1:40.55	175	-	-	1	B-/TT	5	跑馬地	2.7							
2019/12/26	8	第二班	1650米	(100-80)	好地	草地 - "A" 賽道	9	8	星運明爵(C431)	莫雷拉	方嘉柏	120	1112	7	5-1/4	2 3 4 9	1:40.64	4.1	2nd Hot	-	1	XB	4	跑馬地	2.7							
2019/12/26	8	第二班	1650米	(100-80)	好地	草地 - "A" 賽道	10	1	志同道合(B287)	薛恩	蔡約翰	130	1125	6	6-1/4	1 2 2 10	1:40.83	6.5	-	-	* 1	SR	5	跑馬地	2.7							
2019/12/26	8	第二班	1650米	(100-80)	好地	草地 - "A" 賽道	11	12	順勢寶(V310)	潘明輝	賀賢	116	1058	11	10-1/2	7 6 7 11	1:41.50	33	-	-	1	B	-	跑馬地	2.7							
2019/12/26	8	第二班	1650米	(100-80)	好地	草地 - "A" 賽道	12	2	慈愛恩典(C296)	蘇兆輝	苗禮德	126	1173	5	16	6 4 3 12	1:42.38	19	-	-	+ 1	XB	5	跑馬地	2.7							
2019/12/26	9	第三班	1200米	(80-60)	好地	草地 - "A" 賽道	1	9	知道必勝(C383)	利敬國	沈集成	120	1217	1	-	1 1 1	1:09.49	3.9	1st Hot	-	+ 1	B/TT	3	跑馬地	2.7	15.5			93.5	37.5	77.0	
2019/12/26	9	第三班	1200米	(80-60)	好地	草地 - "A" 賽道	2	4	一拍即合(B402)	潘頓	方嘉柏	128	1189	4	1	6 5 2	1:09.65	4.3	2nd Hot	-	+ 1	B/TT	5	跑馬地	2.7		18.5		93.5	37.5		89.0
2019/12/26	9	第三班	1200米	(80-60)	好地	草地 - "A" 賽道	3	2	明駿之星(C229)	薛恩	蔡約翰	131	1145	9	1-1/4	9 7 3	1:09.68	12	-	-	1	B	4	跑馬地	2.7			34.0			77.0	89.0
2019/12/26	9	第三班	1200米	(80-60)	好地	草地 - "A" 賽道	4	8	大師級(C271)	楊明綸	丁冠豪	120	1133	2	1-3/4	3 3 4	1:09.78	7.9	-	W P	+ 1	B	4	跑馬地	2.7							
2019/12/26	9	第三班	1200米	(80-60)	好地	草地 - "A" 賽道	5	5	奇妙星(D068)	田泰安	韋達	124	1158	7	3	2 2 5	1:09.97	5.4	-	-	+ 1	 	4	跑馬地	2.7							
2019/12/26	9	第三班	1200米	(80-60)	好地	草地 - "A" 賽道	6	6	紅星(V273)	蘇兆輝	葉楚航	122	1089	6	4	10 12 6	1:10.13	17	-	-	1	 	7	跑馬地	2.7							
2019/12/26	9	第三班	1200米	(80-60)	好地	草地 - "A" 賽道	7	12	問鼎高峰(A009)	巴度	高伯新	117	1135	3	4-1/4	7 9 7	1:10.17	31	-	-	1	B	-	跑馬地	2.7							
2019/12/26	9	第三班	1200米	(80-60)	好地	草地 - "A" 賽道	8	1	天地人(B403)	莫雷拉	何良	133	1132	5	4-1/2	4 4 8	1:10.22	6.3	-	-	+ 1	CP/H/XB	4	跑馬地	2.7							
2019/12/26	9	第三班	1200米	(80-60)	好地	草地 - "A" 賽道	9	10	索先生(T330)	潘明輝	賀賢	117	1156	11	5	12 10 9	1:10.29	135	-	-	+ 1	B	-	跑馬地	2.7							
2019/12/26	9	第三班	1200米	(80-60)	好地	草地 - "A" 賽道	10	7	旋里多彩(B469)	郭能	徐雨石	121	1051	8	5-1/4	8 8 10	1:10.31	14	-	-	1	B/H	4	跑馬地	2.7							
2019/12/26	9	第三班	1200米	(80-60)	好地	草地 - "A" 賽道	11	3	怡威(C496)	希威森	霍利時	130	1033	10	7-1/2	11 11 11	1:10.71	310	-	-	* 1	TT	5	跑馬地	2.7							
2019/12/26	9	第三班	1200米	(80-60)	好地	草地 - "A" 賽道	12	11	嘉應精英(C240)	梁家俊	容天鵬	118	1159	12	9	5 6 12	1:10.92	77	-	-	+ 1	TT	4	跑馬地	2.7							
2019/12/29	1	條件限制賽	1400米 		好地	草地 - "B+2" 賽道	1	2	發財福星(C413)	潘頓	何良	120	1066	5	-	3 4 3 1	1:22.73	1.7	1st Hot	-		 	4	沙田	2.71	10.1			72.0	29.5	19.5	
2019/12/29	1	條件限制賽	1400米 		好地	草地 - "B+2" 賽道	2	7	勁力威龍(C437)	蘇兆輝	文家良	120	1078	4	3/4	2 2 1 2	1:22.87	11	-	-		 	3	沙田	2.71		22.0		72.0	29.5		57.5
2019/12/29	1	條件限制賽	1400米 		好地	草地 - "B+2" 賽道	3	6	千金不換(D091)	史卓豐	高伯新	120	1297	1	1-1/2	6 6 7 3	1:22.97	6.3	-	-		B1/TT-	3	沙田	2.71			16.5			19.5	57.5
2019/12/29	1	條件限制賽	1400米 		好地	草地 - "B+2" 賽道	4	8	一代莊主(C419)	巴度	葉楚航	120	1087	3	3-1/4	5 7 5 4	1:23.24	26	-	-		TT	4	沙田	2.71							
2019/12/29	1	條件限制賽	1400米 		好地	草地 - "B+2" 賽道	5	5	齊勝利(C342)	蘇狄雄	徐雨石	120	1022	2	5	4 3 4 5	1:23.51	147	-	-		H-	3	沙田	2.71							
2019/12/29	1	條件限制賽	1400米 		好地	草地 - "B+2" 賽道	6	3	戰鬥英雄(D050)	何澤堯	方嘉柏	120	1090	7	5-1/4	7 5 6 6	1:23.59	3.9	2nd Hot	-		 	3	沙田	2.71							
2019/12/29	1	條件限制賽	1400米 		好地	草地 - "B+2" 賽道	7	4	任意駒(C047)	希威森	徐雨石	120	1114	6	10	8 8 8 7	1:24.31	65	-	-		B1	4	沙田	2.71							
2019/12/29	1	條件限制賽	1400米 		好地	草地 - "B+2" 賽道	8	1	皓月千里(C538)	黎海榮	沈集成	120	1172	8	11-1/2	1 1 2 8	1:24.55	17	-	-		B1/TT1	4	沙田	2.71							
2019/12/29	2	第五班	1650米	(40-0)	濕慢地	全天候跑道	1	8	向前看(B331)	梁家俊	鄭俊偉	120	1126	8	-	10 10 5 1	1:40.41	9.3	-	-	2	TT	6	沙田	2.71	34.0			264.5	98.5	233.0	
2019/12/29	2	第五班	1650米	(40-0)	濕慢地	全天候跑道	2	1	雄龍(C191)	史卓豐	蘇偉賢	133	1120	5	1-1/2	6 5 3 2	1:40.66	4.4	2nd Hot	-	+ 1	H/B1/TT	4	沙田	2.71		19.0		264.5	98.5		137.5
2019/12/29	2	第五班	1650米	(40-0)	濕慢地	全天候跑道	3	6	萬霸駒(A186)	巴度	蘇保羅	116	1123	14	2	13 12 13 3	1:40.74	14	-	-	2	B/TT	-	沙田	2.71			44.5			233.0	137.5
2019/12/29	2	第五班	1650米	(40-0)	濕慢地	全天候跑道	4	5	執到笑(B130)	田泰安	蘇保羅	126	1155	2	2-1/2	12 13 12 4	1:40.80	6.5	-	-	1	B/TT	5	沙田	2.71							
2019/12/29	2	第五班	1650米	(40-0)	濕慢地	全天候跑道	5	7	賞心星(C251)	貝力斯	方嘉柏	124	1182	9	3	14 14 14 5	1:40.87	38	-	-	1	V-/P1/TT	4	沙田	2.71							
2019/12/29	2	第五班	1650米	(40-0)	濕慢地	全天候跑道	6	10	神乎其技(A174)	蘇兆輝	苗禮德	117	1045	6	3	11 9 6 6	1:40.89	4.2	1st Hot	-	+ 1	B	6	沙田	2.71							
2019/12/29	2	第五班	1650米	(40-0)	濕慢地	全天候跑道	7	14	綠駿精英(B448)	蘇狄雄	葉楚航	111	1187	4	3-1/4	7 6 4 7	1:40.92	41	-	-	1	B	5	沙田	2.71							
2019/12/29	2	第五班	1650米	(40-0)	濕慢地	全天候跑道	8	13	不忘初心(B231)	黎海榮	徐雨石	113	1067	13	7	8 8 8 8	1:41.54	36	-	-	1	 	5	沙田	2.71							
2019/12/29	2	第五班	1650米	(40-0)	濕慢地	全天候跑道	9	11	中華主將(B298)	黃皓楠	霍利時	113	1159	3	8-1/2	3 1 1 9	1:41.77	39	-	-	+ 1	B/H	-	沙田	2.71							
2019/12/29	2	第五班	1650米	(40-0)	濕慢地	全天候跑道	10	3	勁快步(A053)	潘明輝	高伯新	127	1143	12	10-1/2	9 11 9 10	1:42.08	38	-	-	+ 1	B	7	沙田	2.71							
2019/12/29	2	第五班	1650米	(40-0)	濕慢地	全天候跑道	11	2	駿協精英(V207)	巫顯東	何良	127	1182	10	12-1/2	2 3 7 11	1:42.42	24	-	-	1	H/SR/V1	7	沙田	2.71							
2019/12/29	2	第五班	1650米	(40-0)	濕慢地	全天候跑道	12	9	城中霸(C101)	利敬國	沈集成	120	1157	1	14-3/4	1 2 2 12	1:42.77	13	-	-	1	TT	4	沙田	2.71							
2019/12/29	2	第五班	1650米	(40-0)	濕慢地	全天候跑道	13	12	易勝相吸(B275)	楊明綸	鄭俊偉	113	1148	7	16-1/4	5 7 10 13	1:43.02	7.3	-	-	1	PC-/H1/B2/TT	-	沙田	2.71							
2019/12/29	2	第五班	1650米	(40-0)	濕慢地	全天候跑道	14	4	八心之友(A007)	蔡明紹	韋達	127	1069	11	34	4 4 11 14	1:45.84	24	-	-	1	B-/P2	-	沙田	2.71							
2019/12/29	2	第五班	1650米	(40-0)	濕慢地	全天候跑道			龍騰馬躍(V202)	巴度	丁冠豪	125	---	---	---	---	---	---	-	-	-	-	7	沙田	2.71							
2019/12/29	3	第四班	1200米	(60-40)	好地	草地 - "B+2" 賽道	1	4	運財高明(C499)	蔡明紹	蘇保羅	128	1040	4	-	7 6 1	1:10.59	22	-	-	* 1	 	4	沙田	2.71	45.5			357.5	118.5	255.5	
2019/12/29	3	第四班	1200米	(60-40)	好地	草地 - "B+2" 賽道	2	6	喜駿之星(D033)	何澤堯	文家良	128	1118	3	1/2	4 4 2	1:10.68	3.3	1st Hot	-	+ 1	 	4	沙田	2.71		15.0		357.5	118.5		49.0
2019/12/29	3	第四班	1200米	(60-40)	好地	草地 - "B+2" 賽道	3	11	錢途燦爛(C005)	梁家俊	呂健威	119	1015	1	3/4	9 9 3	1:10.73	7.3	-	-	1	H/TT	5	沙田	2.71			22.5			255.5	49.0
2019/12/29	3	第四班	1200米	(60-40)	好地	草地 - "B+2" 賽道	4	13	豹子膽(C389)	巫顯東	徐雨石	115	1137	6	1-1/4	3 2 4	1:10.80	34	-	-	* 1	 	3	沙田	2.71							
2019/12/29	3	第四班	1200米	(60-40)	好地	草地 - "B+2" 賽道	5	2	日日靚(D070)	潘頓	方嘉柏	128	1152	14	1-1/4	13 13 5	1:10.81	31	-	-	+ 1	 	4	沙田	2.71							
2019/12/29	3	第四班	1200米	(60-40)	好地	草地 - "B+2" 賽道	6	7	摘星之光(D007)	潘明輝	蘇偉賢	126	1104	8	1-1/4	8 7 6	1:10.81	4.4	2nd Hot	-	+ 1	H	4	沙田	2.71							
2019/12/29	3	第四班	1200米	(60-40)	好地	草地 - "B+2" 賽道	7	3	首飾傳奇(D032)	巴度	蔡約翰	128	1155	11	2-1/2	5 5 7	1:11.00	5.3	-	-	* 1	B	4	沙田	2.71							
2019/12/29	3	第四班	1200米	(60-40)	好地	草地 - "B+2" 賽道	8	12	辣得真(C021)	黃皓楠	羅富全	115	1055	12	2-3/4	14 14 8	1:11.04	164	-	-	* 1	B/H	4	沙田	2.71							
2019/12/29	3	第四班	1200米	(60-40)	好地	草地 - "B+2" 賽道	9	9	胆大威猛(C338)	黎海榮	姚本輝	126	1154	10	4	11 12 9	1:11.25	23	-	-	+ 1	 	3	沙田	2.71							
2019/12/29	3	第四班	1200米	(60-40)	好地	草地 - "B+2" 賽道	10	10	超額認購(C361)	薛恩	賀賢	123	1125	5	5	2 1 10	1:11.40	7.3	-	-	* 1	H/XB	4	沙田	2.71							
2019/12/29	3	第四班	1200米	(60-40)	好地	草地 - "B+2" 賽道	11	14	精選直前(V329)	蘇狄雄	何良	115	1129	2	5-1/4	6 8 11	1:11.45	36	-	-	* 1	B/H	7	沙田	2.71							
2019/12/29	3	第四班	1200米	(60-40)	好地	草地 - "B+2" 賽道	12	8	皮具之星(C307)	楊明綸	容天鵬	128	1236	9	5-1/2	12 11 12	1:11.45	122	-	-	+ 1	TT1	4	沙田	2.71							
2019/12/29	3	第四班	1200米	(60-40)	好地	草地 - "B+2" 賽道	13	1	韋先生(C543)	希威森	韋達	133	1064	13	7-1/2	1 3 13	1:11.79	38	-	-	* 1	B1	-	沙田	2.71							
2019/12/29	3	第四班	1200米	(60-40)	好地	草地 - "B+2" 賽道	14	5	連利之友(C471)	貝力斯	葉楚航	128	1022	7	11	10 10 14	1:12.34	119	-	-	+ 1	XB1/TT1	4	沙田	2.71							
2019/12/29	4	第四班	1650米	(60-40)	濕慢地	全天候跑道	1	1	八太子(A426)	潘頓	沈集成	133	1067	5	-	6 5 2 1	1:39.45	6.9	-	-	+ 1	B/TT	6	沙田	2.71	20.5			166.0	70.5	198.0	
2019/12/29	4	第四班	1650米	(60-40)	濕慢地	全天候跑道	2	3	紅粉彩影(C284)	巴度	韋達	131	1062	7	短馬頭位	11 11 8 2	1:39.45	4.1	2nd Hot	-	1	XB	5	沙田	2.71		21.0		166.0	70.5		150.0
2019/12/29	4	第四班	1650米	(60-40)	濕慢地	全天候跑道	3	13	為食格格(C312)	蘇狄雄	蘇偉賢	115	1252	10	1-3/4	14 14 14 3	1:39.74	22	-	-	1	H/TT	4	沙田	2.71			49.5			198.0	150.0
2019/12/29	4	第四班	1650米	(60-40)	濕慢地	全天候跑道	4	11	南莊瑞寶(B428)	楊明綸	呂健威	121	1164	4	2-1/4	7 9 7 4	1:39.81	3.2	1st Hot	-	+ 1	H-/B	5	沙田	2.71							
2019/12/29	4	第四班	1650米	(60-40)	濕慢地	全天候跑道	5	4	皇龍司令(C208)	郭能	霍利時	131	1087	9	4-3/4	8 8 6 5	1:40.21	25	-	-	+ 1	B	5	沙田	2.71							
2019/12/29	4	第四班	1650米	(60-40)	濕慢地	全天候跑道	6	14	威震天(V119)	潘明輝	姚本輝	115	1123	8	6-1/4	5 2 4 6	1:40.45	29	-	-	1	B/TT	8	沙田	2.71							
2019/12/29	4	第四班	1650米	(60-40)	濕慢地	全天候跑道	7	5	悅目星光(A137)	蘇兆輝	徐雨石	129	1119	14	7-1/4	13 13 11 7	1:40.62	47	-	-	* 1	 	7	沙田	2.71							
2019/12/29	4	第四班	1650米	(60-40)	濕慢地	全天候跑道	8	8	加州明雋(B363)	陳嘉熙	告東尼	113	1124	6	8-1/2	1 1 1 8	1:40.80	8	-	-	1	TT	5	沙田	2.71							
2019/12/29	4	第四班	1650米	(60-40)	濕慢地	全天候跑道	9	7	好腳頭(S131)	田泰安	羅富全	126	1185	2	10-1/2	9 10 9 9	1:41.12	11	-	-	* 1	PC/TT	9	沙田	2.71							
2019/12/29	4	第四班	1650米	(60-40)	濕慢地	全天候跑道	10	12	環保時代(C355)	何澤堯	賀賢	118	1060	12	11-1/4	12 12 13 10	1:41.24	220	-	-	1	B	5	沙田	2.71							
2019/12/29	4	第四班	1650米	(60-40)	濕慢地	全天候跑道	11	6	怪獸都市(A190)	蔡明紹	何良	127	1143	13	13	10 7 10 11	1:41.53	26	-	-	+ 1	V-/H2	6	沙田	2.71							
2019/12/29	4	第四班	1650米	(60-40)	濕慢地	全天候跑道	12	9	威風駿馬(B437)	史卓豐	蘇保羅	122	1102	11	15-1/2	2 3 3 12	1:41.94	36	-	-	+ 1	BO	5	沙田	2.71							
2019/12/29	4	第四班	1650米	(60-40)	濕慢地	全天候跑道	13	10	舉世無雙(A310)	梁家俊	高伯新	121	1154	1	16	3 4 5 13	1:42.02	36	-	-	1	B/H	6	沙田	2.71							
2019/12/29	4	第四班	1650米	(60-40)	濕慢地	全天候跑道	14	2	金剛之星(A067)	黃皓楠	鄭俊偉	129	1196	3	32-3/4	4 6 12 14	1:44.67	15	-	-	1	B/TT	-	沙田	2.71							
2019/12/29	5	第三班	1200米	(80-60)	好地	草地 - "B+2" 賽道	1	9	英之星(C058)	蘇兆輝	姚本輝	126	1148	6	-	4 6 1	1:09.72	2.4	1st Hot	-	1	CP	4	沙田	2.71	13.0			188.5	74.5	62.0	
2019/12/29	5	第三班	1200米	(80-60)	好地	草地 - "B+2" 賽道	2	4	大俠士(C373)	利敬國	沈集成	127	1140	4	2-1/4	1 1 2	1:10.07	12	-	-	1	TT1	5	沙田	2.71		36.0		188.5	74.5		215.0
2019/12/29	5	第三班	1200米	(80-60)	好地	草地 - "B+2" 賽道	3	2	以戰養戰(D024)	史卓豐	羅富全	131	1158	10	3-1/4	3 3 3	1:10.22	9.3	-	-	+ 1	CP1	4	沙田	2.71			29.0			62.0	215.0
2019/12/29	5	第三班	1200米	(80-60)	好地	草地 - "B+2" 賽道	4	10	閃耀榮光(B372)	梁家俊	容天鵬	120	1170	11	4	2 2 4	1:10.38	10	-	-	1	CP/TT	5	沙田	2.71							
2019/12/29	5	第三班	1200米	(80-60)	好地	草地 - "B+2" 賽道	5	11	騰龍超影(T372)	蘇狄雄	蘇保羅	117	1154	3	4-1/4	7 8 5	1:10.39	73	-	-	* 1	V/TT	8	沙田	2.71							
2019/12/29	5	第三班	1200米	(80-60)	好地	草地 - "B+2" 賽道	6	8	駿飛揚(D109)	潘頓	賀賢	126	1262	2	4-1/2	8 7 6	1:10.42	7.1	2nd Hot	-	+ 1	 	4	沙田	2.71							
2019/12/29	5	第三班	1200米	(80-60)	好地	草地 - "B+2" 賽道	7 平頭馬	1	勇闖者(A030)	巴度	蔡約翰	133	1104	13	4-1/2	14 13 7	1:10.43	16	-	-	1	P/TT	-	沙田	2.71							
2019/12/29	5	第三班	1200米	(80-60)	好地	草地 - "B+2" 賽道	7 平頭馬	6	高明駿將(C511)	何澤堯	呂健威	127	1047	9	4-1/2	10 11 7	1:10.43	20	-	-	1	B/H	4	沙田	2.71							
2019/12/29	5	第三班	1200米	(80-60)	好地	草地 - "B+2" 賽道	9	13	心中有您(B283)	楊明綸	何良	118	1080	1	5-1/2	5 5 9	1:10.58	8.4	-	-	1	H/V	5	沙田	2.71							
2019/12/29	5	第三班	1200米	(80-60)	好地	草地 - "B+2" 賽道	10	5	運來福星(C473)	黎海榮	徐雨石	127	1037	7	5-1/2	13 10 10	1:10.59	200	-	-	* 1	 	4	沙田	2.71							
2019/12/29	5	第三班	1200米	(80-60)	好地	草地 - "B+2" 賽道	11	3	會長之星(C205)	薛恩	約翰摩亞	128	1146	12	6-1/4	6 4 11	1:10.70	17	-	-	1	CP/TT	4	沙田	2.71							
2019/12/29	5	第三班	1200米	(80-60)	好地	草地 - "B+2" 賽道	12	12	電子大師(A254)	希威森	方嘉柏	118	1126	5	7-1/2	11 12 12	1:10.91	63	-	-	1	V/XB	6	沙田	2.71							
2019/12/29	5	第三班	1200米	(80-60)	好地	草地 - "B+2" 賽道	13	7	加州嶺域(C523)	田泰安	告東尼	126	1277	8	8-3/4	9 9 13	1:11.11	18	-	-	* 1	CP/TT	4	沙田	2.71							
2019/12/29	5	第三班	1200米	(80-60)	好地	草地 - "B+2" 賽道	14	14	大當家(B145)	潘明輝	蘇偉賢	115	1066	14	10-1/4	12 14 14	1:11.37	190	-	-	* 1	TT	5	沙田	2.71							
2019/12/29	6	第四班	1400米	(60-40)	好地	草地 - "B+2" 賽道	1	4	高大威猛(C470)	黎海榮	姚本輝	128	1232	4	-	3 3 2 1	1:22.43	3.8	1st Hot	-	+ 1	B	4	沙田	2.71	14.0			78.5	30.0	357.0	
2019/12/29	6	第四班	1400米	(60-40)	好地	草地 - "B+2" 賽道	2	12	爆騷(A207)	利敬國	徐雨石	118	1086	7	短馬頭位	9 10 10 2	1:22.44	4.1	-	-	+ 1	 	5	沙田	2.71		17.0		78.5	30.0		354.5
2019/12/29	6	第四班	1400米	(60-40)	好地	草地 - "B+2" 賽道	3	8	瀟灑王子(V069)	陳嘉熙	文家良	115	1179	11	頸位	1 1 1 3	1:22.48	56	-	-	1	B	7	沙田	2.71			111.5			357.0	354.5
2019/12/29	6	第四班	1400米	(60-40)	好地	草地 - "B+2" 賽道	4	6	春風得意(C309)	潘頓	何良	126	1055	3	2	6 6 7 4	1:22.73	3.8	2nd Hot	-	+ 1	H	4	沙田	2.71							
2019/12/29	6	第四班	1400米	(60-40)	好地	草地 - "B+2" 賽道	5	11	打鐵趁熱(C133)	蔡明紹	葉楚航	119	1073	5	2	8 7 5 5	1:22.76	14	-	-	+ 1	 	4	沙田	2.71							
2019/12/29	6	第四班	1400米	(60-40)	好地	草地 - "B+2" 賽道	6	9	齊齊發(B356)	何澤堯	鄭俊偉	122	1200	13	2-1/4	13 13 11 6	1:22.78	35	-	-	+ 1	B/TT1	5	沙田	2.71							
2019/12/29	6	第四班	1400米	(60-40)	好地	草地 - "B+2" 賽道	7	2	醒目再臨(A314)	梁家俊	蘇偉賢	131	1135	6	4	10 9 8 7	1:23.05	38	-	-	1	B/H/TT	6	沙田	2.71							
2019/12/29	6	第四班	1400米	(60-40)	好地	草地 - "B+2" 賽道	8	1	英明勇將(T348)	貝力斯	呂健威	133	1081	9	4	7 8 9 8	1:23.06	28	-	-	* 1	H	8	沙田	2.71							
2019/12/29	6	第四班	1400米	(60-40)	好地	草地 - "B+2" 賽道	9	3	特醒(C060)	蘇兆輝	韋達	128	1154	8	5-3/4	12 12 13 9	1:23.33	8.3	-	-	* 1	B/XB	5	沙田	2.71							
2019/12/29	6	第四班	1400米	(60-40)	好地	草地 - "B+2" 賽道	10	14	事必獲利(T002)	黃皓楠	方嘉柏	113	1141	2	6-1/2	11 11 12 10	1:23.46	161	-	-	1	TT	-	沙田	2.71							
2019/12/29	6	第四班	1400米	(60-40)	好地	草地 - "B+2" 賽道	11	10	精彩千里(C331)	郭能	約翰摩亞	121	1148	1	6-1/2	5 4 4 11	1:23.48	21	-	-	+ 1	CP1	3	沙田	2.71							
2019/12/29	6	第四班	1400米	(60-40)	好地	草地 - "B+2" 賽道	12	5	追風驥足(D009)	巴度	蔡約翰	127	983	10	7	4 5 6 12	1:23.55	66	-	-	* 1	B/TT	4	沙田	2.71							
2019/12/29	6	第四班	1400米	(60-40)	好地	草地 - "B+2" 賽道	13	13	合進駒(A327)	楊明綸	容天鵬	118	1160	14	11-1/4	14 14 14 13	1:24.21	237	-	-	* 1	 	6	沙田	2.71							
2019/12/29	6	第四班	1400米	(60-40)	好地	草地 - "B+2" 賽道	14	7	加州雷電(D147)	田泰安	告東尼	125	1192	12	12	2 2 3 14	1:24.34	12	-	-	+ 1	TT	3	沙田	2.71							
2019/12/29	7	國際三級賽	1000米 		好地	草地 - "B+2" 賽道	1	7	日日精彩(B461)	利敬國	羅富全	118	1224	7	-	4 3 1	0:55.71	2.7	2nd Hot	-		 	4	沙田	2.71	14.0			79.0	33.0	16.5	
2019/12/29	7	國際三級賽	1000米 		好地	草地 - "B+2" 賽道	2	5	仁者荃心(A157)	蔡明紹	文家良	123	1129	4	1-3/4	1 2 2	0:56.01	9.5	-	-		 	6	沙田	2.71		18.5		79.0	33.0		28.5
2019/12/29	7	國際三級賽	1000米 		好地	草地 - "B+2" 賽道	3	4	常感恩(B312)	蘇兆輝	約翰摩亞	125	1240	5	2-3/4	3 4 3	0:56.15	2.3	1st Hot	-		CP	4	沙田	2.71			11.5			16.5	28.5
2019/12/29	7	國際三級賽	1000米 		好地	草地 - "B+2" 賽道	4	3	旌暉(V077)	史卓豐	姚本輝	126	1085	3	3-1/4	6 5 4	0:56.25	9.6	-	-		B	8	沙田	2.71							
2019/12/29	7	國際三級賽	1000米 		好地	草地 - "B+2" 賽道	5	2	首映(A051)	何澤堯	呂健威	127	1141	6	4-1/2	2 1 5	0:56.44	26	-	-		SR	-	沙田	2.71							
2019/12/29	7	國際三級賽	1000米 		好地	草地 - "B+2" 賽道	6	1	帝豪福星(B348)	潘頓	沈集成	132	1117	2	8	5 6 6	0:56.98	9.2	-	-		B1/TT	4	沙田	2.71							
2019/12/29	7	國際三級賽	1000米 		好地	草地 - "B+2" 賽道	7	6	加州議長(A114)	田泰安	告東尼	123	1152	1	10-1/4	7 7 7	0:57.36	15	-	-		B/H/TT	7	沙田	2.71							
2019/12/29	8	第三班	1400米	(80-60)	好地	草地 - "B+2" 賽道	1	13	順意寶(B164)	田泰安	韋達	118	1155	9	-	1 3 1 1	1:22.37	5.3	-	-	+ 1	B	5	沙田	2.71	17.0			253.0	83.0	40.5	
2019/12/29	8	第三班	1400米	(80-60)	好地	草地 - "B+2" 賽道	2	4	蒙古王(A098)	利敬國	徐雨石	131	1130	10	短馬頭位	6 6 3 2	1:22.40	10	-	-	2	 	7	沙田	2.71		27.0		253.0	83.0		65.0
2019/12/29	8	第三班	1400米	(80-60)	好地	草地 - "B+2" 賽道	3	11	大眾歡呼(C225)	史卓豐	羅富全	120	1154	3	1/2	8 8 7 3	1:22.48	3.5	1st Hot	-	+ 1	XB/CP1/TT	4	沙田	2.71			17.5			40.5	65.0
2019/12/29	8	第三班	1400米	(80-60)	好地	草地 - "B+2" 賽道	4	14	快樂實在(A152)	楊明綸	容天鵬	117	1179	13	2	10 11 11 4	1:22.69	26	-	-	1	 	6	沙田	2.71							
2019/12/29	8	第三班	1400米	(80-60)	好地	草地 - "B+2" 賽道	5	9	恆駿寶駒(T262)	梁家俊	蘇偉賢	124	1094	5	3-1/2	11 9 9 5	1:22.94	32	-	-	1	B/H	8	沙田	2.71							
2019/12/29	8	第三班	1400米	(80-60)	好地	草地 - "B+2" 賽道	6	1	南莊加寶(B048)	郭能	徐雨石	133	1098	1	4	7 7 6 6	1:23.00	10	-	-	* 1	 	6	沙田	2.71							
2019/12/29	8	第三班	1400米	(80-60)	好地	草地 - "B+2" 賽道	7	5	旺旺龍(C294)	潘頓	霍利時	130	1219	14	5	13 13 13 7	1:23.18	30	-	-	1	 	-	沙田	2.71							
2019/12/29	8	第三班	1400米	(80-60)	好地	草地 - "B+2" 賽道	8	12	關鍵時機(C159)	潘明輝	方嘉柏	116	1131	8	5-1/4	14 14 12 8	1:23.21	12	-	-	* 1	 	5	沙田	2.71							
2019/12/29	8	第三班	1400米	(80-60)	好地	草地 - "B+2" 賽道	9	7	美麗標緻(C057)	巫顯東	告東尼	122	1098	11	5-3/4	5 2 4 9	1:23.28	26	-	-	+ 1	B/TT	4	沙田	2.71							
2019/12/29	8	第三班	1400米	(80-60)	好地	草地 - "B+2" 賽道	10	3	發財先生(B265)	何澤堯	文家良	132	1168	7	8	4 5 5 10	1:23.67	12	-	-	+ 1	H/P	6	沙田	2.71							
2019/12/29	8	第三班	1400米	(80-60)	好地	草地 - "B+2" 賽道	11	8	奪速(D001)	蔡明紹	蘇保羅	125	1095	4	10	9 10 10 11	1:23.97	49	-	-	* 1	 	5	沙田	2.71							
2019/12/29	8	第三班	1400米	(80-60)	好地	草地 - "B+2" 賽道	12	2	疾風勁草(D197)	蘇兆輝	蔡約翰	133	1087	2	10-3/4	3 4 8 12	1:24.10	5.1	2nd Hot	-	+ 1	 	4	沙田	2.71							
2019/12/29	8	第三班	1400米	(80-60)	好地	草地 - "B+2" 賽道	13	6	水火風(C211)	希威森	約翰摩亞	126	1064	12	11-3/4	2 1 2 13	1:24.24	31	-	-	1	CP/XB/TT1	5	沙田	2.71							
2019/12/29	8	第三班	1400米	(80-60)	好地	草地 - "B+2" 賽道	14	10	赤火神龍(A350)	蘇狄雄	賀賢	120	1113	6	12-1/2	12 12 14 14	1:24.37	188	-	-	+ 1	B	6	沙田	2.71							
2019/12/29	9	第二班	1650米	(105-80)	濕慢地	全天候跑道	1	6	逍遙自在(B210)	潘頓	羅富全	120	1124	1	-	5 8 7 1	1:38.45	4.1	2nd Hot	-	1	 	6	沙田	2.71	16.5			115.5	43.0	44.0	
2019/12/29	9	第二班	1650米	(105-80)	濕慢地	全天候跑道	2	1	烽煙四喜(A036)	蘇兆輝	苗禮德	133	1150	8	1/2	9 5 3 2	1:38.54	4	1st Hot	-	+ 1	TT	6	沙田	2.71		16.0		115.5	43.0		31.0
2019/12/29	9	第二班	1650米	(105-80)	濕慢地	全天候跑道	3	11	二郎(C019)	利敬國	約翰摩亞	116	1197	10	3-1/2	1 2 1 3	1:39.02	5.8	-	-	* 1	H-/TT	4	沙田	2.71			18.0			44.0	31.0
2019/12/29	9	第二班	1650米	(105-80)	濕慢地	全天候跑道	4	10	精算閃擊(B147)	巴度	蔡約翰	117	1121	2	5	2 7 4 4	1:39.24	7.1	-	-	2	H	6	沙田	2.71							
2019/12/29	9	第二班	1650米	(105-80)	濕慢地	全天候跑道	5	8	幸福掌聲(C492)	何澤堯	沈集成	119	1093	13	6-1/4	10 9 10 5	1:39.45	8.7	-	-	+ 1	SR/TT	4	沙田	2.71							
2019/12/29	9	第二班	1650米	(105-80)	濕慢地	全天候跑道	6	4	綠色有運(B413)	潘明輝	方嘉柏	122	1080	6	6-1/2	12 12 12 6	1:39.48	33	-	-	* 1	B/H	5	沙田	2.71							
2019/12/29	9	第二班	1650米	(105-80)	濕慢地	全天候跑道	7	7	紅衣優駿(A039)	蔡明紹	羅富全	120	1222	9	7-1/2	6 3 2 7	1:39.64	78	-	-	2	B	6	沙田	2.71							
2019/12/29	9	第二班	1650米	(105-80)	濕慢地	全天候跑道	8	13	玖寶(D056)	希威森	約翰摩亞	115	1105	11	10-1/2	11 10 11 8	1:40.14	77	-	-	2	TT	4	沙田	2.71							
2019/12/29	9	第二班	1650米	(105-80)	濕慢地	全天候跑道	9	2	激賞(A377)	薛恩	蔡約翰	127	1011	3	11	4 4 8 9	1:40.19	9.8	-	-	+ 1	 	5	沙田	2.71							
2019/12/29	9	第二班	1650米	(105-80)	濕慢地	全天候跑道	10	5	都靈紅星(B092)	梁家俊	何良	123	1152	5	11-3/4	7 6 6 10	1:40.35	22	-	-	1	CP/TT	6	沙田	2.71							
2019/12/29	9	第二班	1650米	(105-80)	濕慢地	全天候跑道	11	3	豹子頭(B083)	郭能	徐雨石	125	1003	7	14	8 11 9 11	1:40.69	23	-	-	1	B	5	沙田	2.71							
2019/12/29	9	第二班	1650米	(105-80)	濕慢地	全天候跑道	12	12	勇敢傳說(A260)	田泰安	告東尼	113	1190	12	14-3/4	13 13 13 12	1:40.80	64	-	-	2	B/TT	6	沙田	2.71							
2019/12/29	9	第二班	1650米	(105-80)	濕慢地	全天候跑道	13	9	綫路光輝(A402)	陳嘉熙	告東尼	108	1048	4	31-1/2	3 1 5 13	1:43.49	31	-	-	* 1	H/TT	6	沙田	2.71							
2019/12/29	10	第三班	1650米	(80-60)	濕慢地	全天候跑道	1	7	興爾(B203)	希威森	韋達	125	1048	8	-	1 1 1 1	1:40.09	25	-	-	+ 1	P/XB	-	沙田	2.71	60.5			1517.5	466.5	175.5	
2019/12/29	10	第三班	1650米	(80-60)	濕慢地	全天候跑道	2	14	旅遊首席(T098)	何澤堯	鄭俊偉	118	1206	9	頸位	4 4 6 2	1:40.13	12	-	-	2	B/TT	9	沙田	2.71		36.5		1517.5	466.5		96.0
2019/12/29	10	第三班	1650米	(80-60)	濕慢地	全天候跑道	3	11	大道至正(C197)	巴度	鄭俊偉	119	1146	6	頸位	11 11 11 3	1:40.15	3.9	1st Hot	-	+ 1	XB	5	沙田	2.71			18.5			175.5	96.0
2019/12/29	10	第三班	1650米	(80-60)	濕慢地	全天候跑道	4	6	和平路(B161)	潘頓	容天鵬	127	1131	3	1-1/4	7 7 7 4	1:40.30	10	-	-	+ 1	H/XB/TT	6	沙田	2.71							
2019/12/29	10	第三班	1650米	(80-60)	濕慢地	全天候跑道	5	3	悅裕(B189)	田泰安	告東尼	132	1160	13	2-1/2	12 12 9 5	1:40.49	8.9	-	-	1	B-/PC2/TT	5	沙田	2.71							
2019/12/29	10	第三班	1650米	(80-60)	濕慢地	全天候跑道	6	10	安賦(B353)	蘇兆輝	方嘉柏	122	1089	11	2-3/4	13 13 13 6	1:40.51	15	-	-	+ 1	V	6	沙田	2.71							
2019/12/29	10	第三班	1650米	(80-60)	濕慢地	全天候跑道	7	2	安喜(V338)	郭能	約翰摩亞	132	1109	10	2-3/4	2 2 2 7	1:40.51	33	-	-	+ 1	PC/TT	-	沙田	2.71							
2019/12/29	10	第三班	1650米	(80-60)	濕慢地	全天候跑道	8	5	好鬥心(C443)	楊明綸	呂健威	127	1091	5	3-3/4	10 8 8 8	1:40.69	5.1	2nd Hot	-	+ 1	H/TT	5	沙田	2.71							
2019/12/29	10	第三班	1650米	(80-60)	濕慢地	全天候跑道	9	9	大自然(C489)	蔡明紹	高伯新	124	1281	1	3-3/4	6 6 3 9	1:40.69	102	-	-	+ 1	 	4	沙田	2.71							
2019/12/29	10	第三班	1650米	(80-60)	濕慢地	全天候跑道	10	13	上浦福滿(A193)	利敬國	霍利時	118	1060	12	4-1/2	9 10 10 10	1:40.82	13	-	-	1	B	6	沙田	2.71							
2019/12/29	10	第三班	1650米	(80-60)	濕慢地	全天候跑道	11	12	鵰神(B023)	史卓豐	丁冠豪	118	1157	4	4-3/4	5 5 4 11	1:40.83	5.8	-	-	+ 1	H	6	沙田	2.71							
2019/12/29	10	第三班	1650米	(80-60)	濕慢地	全天候跑道	12	8	蒙古傳奇(B317)	黎海榮	徐雨石	125	1163	2	7-1/4	8 9 12 12	1:41.25	16	-	-	+ 1	 	6	沙田	2.71							
2019/12/29	10	第三班	1650米	(80-60)	濕慢地	全天候跑道	13	1	朝五晚九(B330)	梁家俊	羅富全	133	1027	7	10-1/4	3 3 5 13	1:41.71	74	-	-	1	CP-/XB	-	沙田	2.71							
2019/12/29	10	第三班	1650米	(80-60)	濕慢地	全天候跑道	14	4	白鷺飛翔(A127)	薛恩	蘇保羅	131	1179	14	13	14 14 14 14	1:42.16	69	-	-	+ 1	BO	6	沙田	2.71							
2020/1/1	1	第四班	1200米	(60-40)	好地	草地 - "C" 賽道	1	6	肥仔(V071)	田泰安	韋達	127	1158	3	-	7 3 1	1:10.12	7.5	2nd Hot	-	1	B/XB	-	沙田	2.72	19.0			367.0	102.5	75.5	
2020/1/1	1	第四班	1200米	(60-40)	好地	草地 - "C" 賽道	2	8	龍鳳情祥(B185)	潘頓	賀賢	126	1081	11	頸位	10 9 2	1:10.19	17	-	-	* 1	B2	5	沙田	2.72		38.5		367.0	102.5		142.5
2020/1/1	1	第四班	1200米	(60-40)	好地	草地 - "C" 賽道	3	4	上校(D090)	彭國年	姚本輝	127	1149	2	3/4	4 2 3	1:10.23	9.2	-	-	+ 1	B	3	沙田	2.72			20.0			75.5	142.5
2020/1/1	1	第四班	1200米	(60-40)	好地	草地 - "C" 賽道	4	11	旋風腿(B002)	蘇兆輝	蔡約翰	123	1122	5	2-1/4	9 8 4	1:10.49	9.1	-	-	+ 1	PC	-	沙田	2.72							
2020/1/1	1	第四班	1200米	(60-40)	好地	草地 - "C" 賽道	5	5	都柏名駒(C436)	莫雷拉	文家良	127	1225	7	2-3/4	2 5 5	1:10.57	1.6	1st Hot	-	+ 1	H1	3	沙田	2.72							
2020/1/1	1	第四班	1200米	(60-40)	好地	草地 - "C" 賽道	6	7	妙算騰飛(C519)	楊明綸	容天鵬	127	1098	8	3-1/4	11 11 6	1:10.62	27	-	-	* 1	 	3	沙田	2.72							
2020/1/1	1	第四班	1200米	(60-40)	好地	草地 - "C" 賽道	7	10	同有友(D048)	巴度	沈集成	125	1192	1	3-1/2	1 1 7	1:10.69	21	-	-	* 1	B1/TT1	3	沙田	2.72							
2020/1/1	1	第四班	1200米	(60-40)	好地	草地 - "C" 賽道	8	12	旺旺寶駒(C418)	蘇狄雄	何良	116	1054	4	3-3/4	8 10 8	1:10.70	226	-	-	* 1	H/P	4	沙田	2.72							
2020/1/1	1	第四班	1200米	(60-40)	好地	草地 - "C" 賽道	9	9	影疾(C466)	郭能	葉楚航	125	1083	6	3-3/4	5 7 9	1:10.73	15	-	-	+ 1	B/TT	4	沙田	2.72							
2020/1/1	1	第四班	1200米	(60-40)	好地	草地 - "C" 賽道	10	2	天賜寶(V401)	梁家俊	徐雨石	129	1090	12	5-3/4	6 6 10	1:11.05	39	-	-	1	H	6	沙田	2.72							
2020/1/1	1	第四班	1200米	(60-40)	好地	草地 - "C" 賽道	11	3	合夥贛勁(D051)	史卓豐	蘇偉賢	127	1204	10	7-1/2	12 12 11	1:11.30	75	-	-	1	TT1	4	沙田	2.72							
2020/1/1	1	第四班	1200米	(60-40)	好地	草地 - "C" 賽道	12	1	香江穩勝(T254)	潘明輝	鄭俊偉	127	1307	9	18-1/2	3 4 12	1:13.07	77	-	-	* 1	B	8	沙田	2.72							
2020/1/1	1	第四班	1200米	(60-40)	好地	草地 - "C" 賽道			勇敢動力(D153)	何澤堯	告東尼	127	---	---	---	---	---	---	-	-	-	-	3	沙田	2.72							
2020/1/1	2	第五班	1800米	(40-0)	好地	草地 - "C" 賽道	1	10	天賦威力(B335)	黃皓楠	賀賢	116	1033	10	-	1 2 2 2 1	1:48.55	147	-	-	1	B2/TT	5	沙田	2.72	265.0			5204.0	1265.5	795.5	
2020/1/1	2	第五班	1800米	(40-0)	好地	草地 - "C" 賽道	2	8	活力得勝(C091)	梁家俊	蘇保羅	125	1094	7	1-1/4	3 3 3 3 2	1:48.77	8.2	-	-	1	B	4	沙田	2.72		27.0		5204.0	1265.5		70.0
2020/1/1	2	第五班	1800米	(40-0)	好地	草地 - "C" 賽道	3	1	君臨大地(V192)	利敬國	何良	128	1005	5	1-3/4	5 5 6 5 3	1:48.83	3.6	1st Hot	-	+ 1	SR/TT	8	沙田	2.72			15.0			795.5	70.0
2020/1/1	2	第五班	1800米	(40-0)	好地	草地 - "C" 賽道	4	12	靚籐王(B425)	田泰安	高伯新	118	1139	4	2-3/4	11 9 8 6 4	1:48.98	4.8	2nd Hot	-	1	B	4	沙田	2.72							
2020/1/1	2	第五班	1800米	(40-0)	好地	草地 - "C" 賽道	5	6	得意(C174)	莫雷拉	葉楚航	125	1184	1	3-1/2	7 6 4 4 5	1:49.09	6.6	-	-	1	B/XB/TT	4	沙田	2.72							
2020/1/1	2	第五班	1800米	(40-0)	好地	草地 - "C" 賽道	6	4	金童(V232)	何澤堯	呂健威	128	1086	11	3-1/2	10 10 11 7 6	1:49.11	10	-	-	1	B	8	沙田	2.72							
2020/1/1	2	第五班	1800米	(40-0)	好地	草地 - "C" 賽道	7	2	創紀錄(C168)	蘇兆輝	沈集成	128	1081	2	5-3/4	2 1 1 1 7	1:49.48	15	-	-	1	B/TT	4	沙田	2.72							
2020/1/1	2	第五班	1800米	(40-0)	好地	草地 - "C" 賽道	8	7	帝豪寶駒(C035)	潘明輝	蘇偉賢	123	1167	3	6-3/4	6 7 10 8 8	1:49.63	15	-	-	1	PC/TT	5	沙田	2.72							
2020/1/1	2	第五班	1800米	(40-0)	好地	草地 - "C" 賽道	9	3	真跑得(A220)	潘頓	方嘉柏	128	1093	8	8-3/4	9 11 9 10 9	1:49.94	6.4	-	-	+ 1	TT	5	沙田	2.72							
2020/1/1	2	第五班	1800米	(40-0)	好地	草地 - "C" 賽道	10	9	好醒神(C175)	巴度	姚本輝	123	1036	6	13-1/2	8 8 7 9 10	1:50.72	16	-	-	1	B	4	沙田	2.72							
2020/1/1	2	第五班	1800米	(40-0)	好地	草地 - "C" 賽道	11	11	威紫荊(B325)	黎海榮	徐雨石	119	1008	9	22-1/4	4 4 5 11 11	1:52.11	213	-	-	* 1	B1	4	沙田	2.72							
2020/1/1	2	第五班	1800米	(40-0)	好地	草地 - "C" 賽道		5	喜盈運(V337)	郭能	何良	128	---	---	---	---	---	---	-	-	-	-	7	沙田	2.72							
2020/1/1	3	第三班	1200米	(80-60)	好地	草地 - "C" 賽道	1	6	聚才(D108)	巴度	韋達	125	1202	12	-	4 2 1	1:09.74	2.1	1st Hot	-	1	 	4	沙田	2.72	12.0			62.0	28.0	21.5	
2020/1/1	3	第三班	1200米	(80-60)	好地	草地 - "C" 賽道	2	1	聰明導彈(C037)	潘頓	蘇偉賢	133	1084	1	1-1/4	6 5 2	1:09.91	5.1	-	-	+ 1	B/TT	4	沙田	2.72		16.5		62.0	28.0		36.0
2020/1/1	3	第三班	1200米	(80-60)	好地	草地 - "C" 賽道	3	2	同樂日(B087)	莫雷拉	沈集成	130	1067	9	1-1/2	3 1 3	1:09.95	4	2nd Hot	-	+ 2	B/TT	6	沙田	2.72			14.0			21.5	36.0
2020/1/1	3	第三班	1200米	(80-60)	好地	草地 - "C" 賽道	4	5	勁駒(D138)	何澤堯	賀賢	127	1095	2	2	9 6 4	1:10.06	27	-	-	+ 2	 	4	沙田	2.72							
2020/1/1	3	第三班	1200米	(80-60)	好地	草地 - "C" 賽道	5	12	清新動力(B067)	梁家俊	徐雨石	117	1015	11	2-3/4	10 11 5	1:10.16	30	-	-	* 2	B/TT	6	沙田	2.72							
2020/1/1	3	第三班	1200米	(80-60)	好地	草地 - "C" 賽道	6	8	綠色勇駿(D140)	史卓豐	方嘉柏	123	1135	6	5-1/4	8 9 6	1:10.58	99	-	-	1	B1	4	沙田	2.72							
2020/1/1	3	第三班	1200米	(80-60)	好地	草地 - "C" 賽道	7	9	首飾大聖(B378)	利敬國	蔡約翰	121	1087	5	5-3/4	5 7 7	1:10.64	8.1	-	-	1	 	5	沙田	2.72							
2020/1/1	3	第三班	1200米	(80-60)	好地	草地 - "C" 賽道	8	11	金元寶馬(C094)	楊明綸	容天鵬	118	1028	8	6-1/2	7 8 8	1:10.80	30	-	-	1	 	5	沙田	2.72							
2020/1/1	3	第三班	1200米	(80-60)	好地	草地 - "C" 賽道	9	4	軍力勁(B192)	郭能	約翰摩亞	127	1214	10	6-3/4	2 4 9	1:10.81	50	-	-	* 1	B-	5	沙田	2.72							
2020/1/1	3	第三班	1200米	(80-60)	好地	草地 - "C" 賽道	10	7	龍鑽輝煌(D143)	田泰安	告東尼	123	1124	4	7	1 3 10	1:10.85	50	-	-	2	B/TT	3	沙田	2.72							
2020/1/1	3	第三班	1200米	(80-60)	好地	草地 - "C" 賽道	11	3	路路富貴(C442)	黎海榮	何良	127	1004	3	7-1/4	12 12 11	1:10.92	142	-	-	1	H/TT1	4	沙田	2.72							
2020/1/1	3	第三班	1200米	(80-60)	好地	草地 - "C" 賽道	12	10	添好運(T306)	黃皓楠	蘇偉賢	117	1142	7	8-1/4	11 10 12	1:11.05	74	-	-	3	B/TT	-	沙田	2.72							
2020/1/1	4	第四班	1600米	(60-40)	好地	草地 - "C" 賽道	1	2	友誼之星(V379)	郭能	蘇保羅	132	1177	3	-	8 8 8 1	1:35.62	16	-	-	1	B	7	沙田	2.72	41.0			350.5	108.0	2357.5	
2020/1/1	4	第四班	1600米	(60-40)	好地	草地 - "C" 賽道	2	3	凌駕(C386)	潘頓	蔡約翰	130	1078	2	1/2	7 6 5 2	1:35.70	3.5	1st Hot	-	1	 	3	沙田	2.72		15.5		350.5	108.0		728.5
2020/1/1	4	第四班	1600米	(60-40)	好地	草地 - "C" 賽道	3	11	天天精彩(C414)	彭國年	告東尼	121	1115	7	3/4	14 14 14 3	1:35.75	108	-	-	1	B/TT	4	沙田	2.72			235.5			2357.5	728.5
2020/1/1	4	第四班	1600米	(60-40)	好地	草地 - "C" 賽道	4	4	芙蓉莊(B339)	史卓豐	姚本輝	129	1018	10	1	12 10 10 4	1:35.79	3.6	2nd Hot	-	1	B	5	沙田	2.72							
2020/1/1	4	第四班	1600米	(60-40)	好地	草地 - "C" 賽道	5	5	陽光(A371)	何澤堯	呂健威	127	1140	9	2-1/2	9 9 7 5	1:36.03	14	-	-	+ 1	 	6	沙田	2.72							
2020/1/1	4	第四班	1600米	(60-40)	好地	草地 - "C" 賽道	6	14	錶之精靈(C184)	黎海榮	文家良	116	1097	8	2-3/4	2 2 1 6	1:36.04	133	-	-	1	B	4	沙田	2.72							
2020/1/1	4	第四班	1600米	(60-40)	好地	草地 - "C" 賽道	7	6	木火同明(C460)	莫雷拉	何良	127	1053	6	2-3/4	5 5 6 7	1:36.06	6.9	-	-	+ 1	H	4	沙田	2.72							
2020/1/1	4	第四班	1600米	(60-40)	好地	草地 - "C" 賽道	8	8	數糊勇士(B421)	田泰安	羅富全	125	1241	1	4-3/4	4 4 4 8	1:36.37	9.1	-	-	1	B	4	沙田	2.72							
2020/1/1	4	第四班	1600米	(60-40)	好地	草地 - "C" 賽道	9	9	開心大師(B222)	陳嘉熙	方嘉柏	113	1101	5	5	11 13 11 9	1:36.41	7.6	-	-	+ 1	TT	5	沙田	2.72							
2020/1/1	4	第四班	1600米	(60-40)	好地	草地 - "C" 賽道	10	13	七寶(B314)	希威森	約翰摩亞	118	1096	14	5-1/4	13 12 9 10	1:36.47	33	-	-	1	B/TT	-	沙田	2.72							
2020/1/1	4	第四班	1600米	(60-40)	好地	草地 - "C" 賽道	11	7	超凡動力(C434)	潘明輝	葉楚航	124	1114	12	7-1/2	10 11 12 11	1:36.81	138	-	-	* 1	 	4	沙田	2.72							
2020/1/1	4	第四班	1600米	(60-40)	好地	草地 - "C" 賽道	12	10	幸運精選(B114)	楊明綸	容天鵬	122	1130	13	9-1/4	3 3 3 12	1:37.11	18	-	-	+ 1	B	5	沙田	2.72							
2020/1/1	4	第四班	1600米	(60-40)	好地	草地 - "C" 賽道	13	12	笑傲成功(C250)	巫顯東	丁冠豪	116	1229	4	10-1/4	1 1 2 13	1:37.26	84	-	-	1	B/TT	4	沙田	2.72							
2020/1/1	4	第四班	1600米	(60-40)	好地	草地 - "C" 賽道	14	1	信念(C529)	巴度	韋達	133	1074	11	15-1/4	6 7 13 14	1:38.05	58	-	-	+ 1	B1/SR1	-	沙田	2.72							
2020/1/1	5	第四班	1400米	(60-40)	好地	草地 - "C" 賽道	1	11	正本開心(C227)	潘頓	羅富全	123	1138	4	-	8 8 5 1	1:22.15	2.3	1st Hot	-	+ 1	CP1/TT	4	沙田	2.72	14.0			311.0	108.0	30.0	
2020/1/1	5	第四班	1400米	(60-40)	好地	草地 - "C" 賽道	2	5	電路三號(B360)	史卓豐	告東尼	128	1133	12	短馬頭位	14 14 12 2	1:22.16	27	-	-	+ 1	B/TT	5	沙田	2.72		64.0		311.0	108.0		215.5
2020/1/1	5	第四班	1400米	(60-40)	好地	草地 - "C" 賽道	3	4	玩得好(A383)	莫雷拉	韋達	128	1036	5	1-1/2	5 6 7 3	1:22.38	5.6	2nd Hot	-	* 1	 	6	沙田	2.72			19.5			30.0	215.5
2020/1/1	5	第四班	1400米	(60-40)	好地	草地 - "C" 賽道	4	13	陽明秋秋(A057)	何澤堯	呂健威	120	1168	3	2	9 10 8 4	1:22.48	11	-	-	+ 1	TT	7	沙田	2.72							
2020/1/1	5	第四班	1400米	(60-40)	好地	草地 - "C" 賽道	5	3	環翠戰士(A187)	郭能	蘇保羅	130	1063	9	2-1/4	10 11 9 5	1:22.53	14	-	-	+ 1	B1	6	沙田	2.72							
2020/1/1	5	第四班	1400米	(60-40)	好地	草地 - "C" 賽道	6	6	壽臣(C326)	蘇兆輝	約翰摩亞	127	1124	7	3	6 5 4 6	1:22.63	16	-	-	+ 1	B	4	沙田	2.72							
2020/1/1	5	第四班	1400米	(60-40)	好地	草地 - "C" 賽道	7	2	大軍閥(C113)	田泰安	蔡約翰	131	1107	2	3	2 4 3 7	1:22.63	10	-	-	+ 1	PC-	4	沙田	2.72							
2020/1/1	5	第四班	1400米	(60-40)	好地	草地 - "C" 賽道	8	1	綠尚飛馳(B258)	利敬國	姚本輝	133	1186	11	3-1/4	13 12 10 8	1:22.66	6.5	-	-	+ 1	CP/TT	5	沙田	2.72							
2020/1/1	5	第四班	1400米	(60-40)	好地	草地 - "C" 賽道	9	9	遨遊之星(C098)	梁家俊	容天鵬	124	1197	1	4	1 1 1 9	1:22.80	39	-	-	* 1	V/TT	4	沙田	2.72							
2020/1/1	5	第四班	1400米	(60-40)	好地	草地 - "C" 賽道	10	7	陽光大地(A130)	潘明輝	高伯新	124	1074	8	9	3 2 2 10	1:23.59	31	-	-	+ 1	B	6	沙田	2.72							
2020/1/1	5	第四班	1400米	(60-40)	好地	草地 - "C" 賽道	11	14	愛凡達(C187)	陳嘉熙	徐雨石	116	1138	14	10-1/2	4 3 6 11	1:23.85	44	-	-	1	 	4	沙田	2.72							
2020/1/1	5	第四班	1400米	(60-40)	好地	草地 - "C" 賽道	12	12	帝豪精彩(D010)	巴度	文家良	126	1207	10	15-3/4	11 9 13 12	1:24.69	50	-	-	1	XB1	4	沙田	2.72							
2020/1/1	5	第四班	1400米	(60-40)	好地	草地 - "C" 賽道	13	8	萬象更新(C459)	巫顯東	何良	122	1141	6	16	12 13 14 13	1:24.70	189	-	-	* 1	V1/TT1	4	沙田	2.72							
2020/1/1	5	第四班	1400米	(60-40)	好地	草地 - "C" 賽道	14	10	寶冠多(C156)	黃皓楠	鄭俊偉	120	1004	13	17-1/4	7 7 11 14	1:24.90	210	-	-	+ 1	 	-	沙田	2.72							
2020/1/1	5	第四班	1400米	(60-40)	好地	草地 - "C" 賽道			幸運寶策(C246)	楊明綸	丁冠豪	120	---	---	---	---	---	---	-	-	-	-	-	沙田	2.72							
2020/1/1	5	第四班	1400米	(60-40)	好地	草地 - "C" 賽道			富祿(C352)	巴度	葉楚航	116	---	---	---	---	---	---	-	-	-	-	5	沙田	2.72							
2020/1/1	6	第二班	1000米	(100-80)	好地	草地 - "C" 賽道	1	6	遨遊戰士(C247)	莫雷拉	姚本輝	125	1134	14	-	3 2 1	0:55.97	3.3	1st Hot	-	1	XB-	4	沙田	2.72	16.0			285.0	103.5	168.5	
2020/1/1	6	第二班	1000米	(100-80)	好地	草地 - "C" 賽道	2	11	凱旋來(C495)	田泰安	霍利時	118	1159	6	3	8 8 2	0:56.45	21	-	-	+ 1	SR/TT	4	沙田	2.72		48.0		285.0	103.5		596.5
2020/1/1	6	第二班	1000米	(100-80)	好地	草地 - "C" 賽道	3	14	事事亨通(D174)	巫顯東	高伯新	110	1209	5	3-1/4	7 9 3	0:56.47	20	-	-	1	XB1	4	沙田	2.72			56.5			168.5	596.5
2020/1/1	6	第二班	1000米	(100-80)	好地	草地 - "C" 賽道	4	5	百勝龍(V356)	何澤堯	呂健威	127	1198	12	3-1/4	13 13 4	0:56.48	5.3	-	-	1	B/H/TT	7	沙田	2.72							
2020/1/1	6	第二班	1000米	(100-80)	好地	草地 - "C" 賽道	5	7	亮先生(B179)	陳嘉熙	賀賢	111	1118	4	3-1/2	2 3 5	0:56.51	22	-	-	1	 	6	沙田	2.72							
2020/1/1	6	第二班	1000米	(100-80)	好地	草地 - "C" 賽道	6	8	新強勇駿(B065)	利敬國	苗禮德	121	1044	13	3-3/4	9 4 6	0:56.56	5.4	-	-	+ 1	XB/B1	5	沙田	2.72							
2020/1/1	6	第二班	1000米	(100-80)	好地	草地 - "C" 賽道	7	10	萬事叻(C022)	史卓豐	告東尼	119	1153	8	4	1 1 7	0:56.59	21	-	-	1	B/TT	5	沙田	2.72							
2020/1/1	6	第二班	1000米	(100-80)	好地	草地 - "C" 賽道	8	1	鄉村瑰寶(B396)	巴度	蔡約翰	133	1117	2	5-1/2	11 10 8	0:56.86	69	-	-	1	 	4	沙田	2.72							
2020/1/1	6	第二班	1000米	(100-80)	好地	草地 - "C" 賽道	9	2	樂滿家(A293)	郭能	鄭俊偉	130	1117	7	5-3/4	5 5 9	0:56.90	82	-	-	* 1	B/H2	6	沙田	2.72							
2020/1/1	6	第二班	1000米	(100-80)	好地	草地 - "C" 賽道	10	12	小鳥敖翔(B069)	希威森	姚本輝	117	1212	3	6-3/4	10 11 10	0:57.04	149	-	-	2	 	6	沙田	2.72							
2020/1/1	6	第二班	1000米	(100-80)	好地	草地 - "C" 賽道	11	4	薈力之城(B280)	蘇兆輝	約翰摩亞	128	1187	1	7-3/4	12 12 11	0:57.22	19	-	-	1	B	4	沙田	2.72							
2020/1/1	6	第二班	1000米	(100-80)	好地	草地 - "C" 賽道	12	9	皇龍大將(T400)	潘明輝	徐雨石	118	1108	9	9-1/4	14 14 12	0:57.43	47	-	-	1	B/TT	8	沙田	2.72							
2020/1/1	6	第二班	1000米	(100-80)	好地	草地 - "C" 賽道	13	13	極速駿馬(B211)	楊明綸	羅富全	114	1183	10	13-1/2	6 7 13	0:58.12	182	-	-	1	B/TT	5	沙田	2.72							
2020/1/1	6	第二班	1000米	(100-80)	好地	草地 - "C" 賽道	14	3	怡昌寶寶(C273)	潘頓	丁冠豪	130	1214	11	14-3/4	4 6 14	0:58.32	4.2	2nd Hot	-	* 1	 	4	沙田	2.72							
2020/1/1	7	國際三級賽	1400米 		好地	草地 - "C" 賽道	1	8	金鎗六十(C238)	何澤堯	呂健威	116	1070	4	-	6 6 6 1	1:20.70	1.6	1st Hot	-		 	4	沙田	2.72	11.0			84.0	34.5	31.0	
2020/1/1	7	國際三級賽	1400米 		好地	草地 - "C" 賽道	2	7	載譽歸來(C215)	巴度	羅富全	117	1164	7	2	5 5 5 2	1:21.01	13	-	-		B	5	沙田	2.72		28.5		84.0	34.5		117.5
2020/1/1	7	國際三級賽	1400米 		好地	草地 - "C" 賽道	3	5	勝得精彩(C061)	莫雷拉	蔡約翰	120	1107	8	2-1/2	8 7 7 3	1:21.11	8.5	-	-		P1/TT1	4	沙田	2.72			20.5			31.0	117.5
2020/1/1	7	國際三級賽	1400米 		好地	草地 - "C" 賽道	4	4	安騏(B109)	蘇兆輝	約翰摩亞	121	1053	6	4	2 2 2 4	1:21.35	6.5	2nd Hot	-		B/TT	6	沙田	2.72							
2020/1/1	7	國際三級賽	1400米 		好地	草地 - "C" 賽道	5	2	嘉應之星(C198)	田泰安	告東尼	129	1131	2	4-1/4	1 1 1 5	1:21.40	7.5	-	-		CP-/B1/TT	5	沙田	2.72							
2020/1/1	7	國際三級賽	1400米 		好地	草地 - "C" 賽道	6	6	信心保證(B105)	利敬國	約翰摩亞	120	1246	5	5-3/4	3 4 3 6	1:21.63	23	-	-		B/XB	6	沙田	2.72							
2020/1/1	7	國際三級賽	1400米 		好地	草地 - "C" 賽道	7	1	四季旺(V410)	潘頓	沈集成	133	1062	3	6-1/2	7 8 8 7	1:21.74	16	-	-		TT	-	沙田	2.72							
2020/1/1	7	國際三級賽	1400米 		好地	草地 - "C" 賽道	8	3	雪霸神駒(C073)	潘明輝	苗禮德	123	1147	1	14	4 3 4 8	1:22.95	75	-	-		 	6	沙田	2.72							
2020/1/1	8	第三班	1200米	(80-60)	好地	草地 - "C" 賽道	1	8	小太陽(D035)	潘頓	沈集成	126	1093	4	-	2 2 1	1:09.17	2.3	1st Hot	-	+ 1	 	3	沙田	2.72	12.0			84.0	32.5	40.0	
2020/1/1	8	第三班	1200米	(80-60)	好地	草地 - "C" 賽道	2	5	健康美麗(B384)	巴度	約翰摩亞	129	1031	1	1	6 6 2	1:09.32	9.3	-	-	2	CP/TT	5	沙田	2.72		19.5		84.0	32.5		81.0
2020/1/1	8	第三班	1200米	(80-60)	好地	草地 - "C" 賽道	3	3	團結精神(B230)	莫雷拉	蘇偉賢	131	1203	3	1-3/4	3 3 3	1:09.43	12	-	-	2	B/TT	5	沙田	2.72			24.0			40.0	81.0
2020/1/1	8	第三班	1200米	(80-60)	好地	草地 - "C" 賽道	4	2	合衷共濟(B250)	潘明輝	賀賢	129	1107	8	3-1/4	1 1 4	1:09.68	2.4	2nd Hot	-	+ 1	 	4	沙田	2.72							
2020/1/1	8	第三班	1200米	(80-60)	好地	草地 - "C" 賽道	5	9	加州多寶(C077)	田泰安	告東尼	125	1157	12	4	7 5 5	1:09.81	15	-	-	1	B/TT	5	沙田	2.72							
2020/1/1	8	第三班	1200米	(80-60)	好地	草地 - "C" 賽道	6	10	度身訂做(C522)	黃皓楠	鄭俊偉	119	1025	5	6-1/2	9 9 6	1:10.20	179	-	-	+ 1	 	4	沙田	2.72							
2020/1/1	8	第三班	1200米	(80-60)	好地	草地 - "C" 賽道	7	11	閃耀鑽皇(S347)	楊明綸	容天鵬	120	1132	7	7	4 4 7	1:10.29	27	-	-	2	V/TT	8	沙田	2.72							
2020/1/1	8	第三班	1200米	(80-60)	好地	草地 - "C" 賽道	8	1	無限商機(C432)	史卓豐	丁冠豪	133	1181	11	7-3/4	10 10 8	1:10.41	37	-	-	1	H-	4	沙田	2.72							
2020/1/1	8	第三班	1200米	(80-60)	好地	草地 - "C" 賽道	9	12	開懷大少(A278)	黎海榮	文家良	117	1158	10	7-3/4	12 12 9	1:10.41	96	-	-	1	B/TT	6	沙田	2.72							
2020/1/1	8	第三班	1200米	(80-60)	好地	草地 - "C" 賽道	10	6	旅英福星(C368)	希威森	韋達	127	995	6	7-3/4	5 7 10	1:10.42	48	-	-	2	B/SR	4	沙田	2.72							
2020/1/1	8	第三班	1200米	(80-60)	好地	草地 - "C" 賽道	11	4	晉神(C476)	蘇狄雄	葉楚航	128	1033	2	8	8 8 11	1:10.45	105	-	-	* 1	 	4	沙田	2.72							
2020/1/1	8	第三班	1200米	(80-60)	好地	草地 - "C" 賽道	12	7	幸運拼圖(D112)	利敬國	徐雨石	127	1014	9	12-3/4	11 11 12	1:11.22	54	-	-	* 1	 	4	沙田	2.72							
2020/1/1	9	第三班	1400米	(80-60)	好地	草地 - "C" 賽道	1	13	路路通(B256)	陳嘉熙	羅富全	108	1193	14	-	3 2 2 1	1:21.65	41	-	-	1	B	-	沙田	2.72	96.0			710.0	201.0	309.5	
2020/1/1	9	第三班	1400米	(80-60)	好地	草地 - "C" 賽道	2	4	飈驥(C160)	潘頓	丁冠豪	127	1100	4	短馬頭位	8 7 8 2	1:21.66	3.6	1st Hot	-	+ 1	B/TT	5	沙田	2.72		13.5		710.0	201.0		46.5
2020/1/1	9	第三班	1400米	(80-60)	好地	草地 - "C" 賽道	3	12	忠心美麗(B383)	史卓豐	告東尼	118	1104	6	頭位	6 5 3 3	1:21.68	6.7	-	-	+ 1	B/TT	5	沙田	2.72			24.0			309.5	46.5
2020/1/1	9	第三班	1400米	(80-60)	好地	草地 - "C" 賽道	4	2	劍追風(B261)	巴度	約翰摩亞	131	1147	11	1-3/4	2 1 1 4	1:21.91	14	-	-	+ 1	TT	6	沙田	2.72							
2020/1/1	9	第三班	1400米	(80-60)	好地	草地 - "C" 賽道	5	10	手到回來(C001)	楊明綸	容天鵬	122	1172	10	1-3/4	1 3 4 5	1:21.92	40	-	-	+ 1	B2/TT	5	沙田	2.72							
2020/1/1	9	第三班	1400米	(80-60)	好地	草地 - "C" 賽道	6	7	翡翠精選(D133)	田泰安	苗禮德	124	1205	2	2-1/4	11 11 9 6	1:21.99	6.6	-	-	+ 1	 	4	沙田	2.72							
2020/1/1	9	第三班	1400米	(80-60)	好地	草地 - "C" 賽道	7	1	請跟我來(B440)	莫雷拉	蔡約翰	133	1112	1	2-1/4	9 9 6 7	1:22.01	4.2	2nd Hot	-	1	TT	4	沙田	2.72							
2020/1/1	9	第三班	1400米	(80-60)	好地	草地 - "C" 賽道	8	14	童話(B238)	蘇兆輝	徐雨石	115	1128	8	3-1/2	5 6 7 8	1:22.20	13	-	-	+ 1	B/SR	6	沙田	2.72							
2020/1/1	9	第三班	1400米	(80-60)	好地	草地 - "C" 賽道	9	3	勞動創造(C138)	利敬國	沈集成	129	1053	3	6	10 10 10 9	1:22.62	7.5	-	-	1	B/TT	4	沙田	2.72							
2020/1/1	9	第三班	1400米	(80-60)	好地	草地 - "C" 賽道	10	11	巴基之友(B370)	郭能	蘇保羅	122	1064	13	6-1/4	13 12 12 10	1:22.67	48	-	-	+ 1	B/TT	5	沙田	2.72							
2020/1/1	9	第三班	1400米	(80-60)	好地	草地 - "C" 賽道	11	5	進力之城(D113)	希威森	韋達	125	1045	9	8-1/4	4 4 5 11	1:22.98	78	-	-	1	SR	4	沙田	2.72							
2020/1/1	9	第三班	1400米	(80-60)	好地	草地 - "C" 賽道	12	9	團結一致(C494)	彭國年	霍利時	123	965	5	8-1/2	14 14 14 12	1:23.00	73	-	-	* 1	XB	4	沙田	2.72							
2020/1/1	9	第三班	1400米	(80-60)	好地	草地 - "C" 賽道	13	6	神舟寶駒(C269)	黃皓楠	徐雨石	121	1207	7	8-3/4	12 13 11 13	1:23.06	129	-	-	2	TT	6	沙田	2.72							
2020/1/1	9	第三班	1400米	(80-60)	好地	草地 - "C" 賽道	14	8	招財貓(C503)	何澤堯	呂健威	123	1234	12	9-1/2	7 8 13 14	1:23.17	42	-	-	* 1	 	5	沙田	2.72							
2020/1/1	9	第三班	1400米	(80-60)	好地	草地 - "C" 賽道			劍斷浪(V142)	---	容天鵬	130	---	---	---	---	---	---	-	-	-	-	-	沙田	2.72							
2020/1/1	10	第三班	1600米	(80-60)	好地	草地 - "C" 賽道	1	5	快益善(B478)	彭國年	沈集成	125	1058	13	-	14 14 13 1	1:34.67	25	-	-	* 1	H-/SR2	5	沙田	2.72	67.5			594.5	180.5	3135.0	
2020/1/1	10	第三班	1600米	(80-60)	好地	草地 - "C" 賽道	2	9	錶之皇者(B398)	潘頓	文家良	121	1230	6	頭位	4 5 4 2	1:34.70	3.8	2nd Hot	-	+ 1	B	5	沙田	2.72		17.0		594.5	180.5		1167.5
2020/1/1	10	第三班	1600米	(80-60)	好地	草地 - "C" 賽道	3	13	安承(D059)	希威森	韋達	116	1062	11	1	8 9 9 3	1:34.84	150	-	-	+ 1	H/XB	5	沙田	2.72			316.5			3135.0	1167.5
2020/1/1	10	第三班	1600米	(80-60)	好地	草地 - "C" 賽道	4	6	加州大帝(D131)	巴度	高伯新	123	1155	7	1-1/2	2 2 2 4	1:34.90	9.4	-	-	+ 1	TT1	4	沙田	2.72							
2020/1/1	10	第三班	1600米	(80-60)	好地	草地 - "C" 賽道	5	2	包裝才子(C069)	田泰安	告東尼	131	1197	3	1-3/4	7 7 7 5	1:34.95	3.7	1st Hot	-	1	CP/TT	-	沙田	2.72							
2020/1/1	10	第三班	1600米	(80-60)	好地	草地 - "C" 賽道	6	8	我𢥧意(C038)	梁家俊	蘇偉賢	121	1104	12	2	11 12 12 6	1:34.99	32	-	-	+ 1	V/TT	5	沙田	2.72							
2020/1/1	10	第三班	1600米	(80-60)	好地	草地 - "C" 賽道	7	4	全才(B213)	莫雷拉	羅富全	129	1070	8	2-1/2	10 10 10 7	1:35.08	6.4	-	-	+ 1	B/TT	6	沙田	2.72							
2020/1/1	10	第三班	1600米	(80-60)	好地	草地 - "C" 賽道	8	11	陽明高高(B132)	黃皓楠	呂健威	116	1123	2	3-1/2	5 4 3 8	1:35.25	44	-	-	1	 	5	沙田	2.72							
2020/1/1	10	第三班	1600米	(80-60)	好地	草地 - "C" 賽道	9	14	翡翠綠(C056)	利敬國	苗禮德	115	1112	14	4-1/4	12 13 14 9	1:35.35	6.1	-	-	1	B/XB	4	沙田	2.72							
2020/1/1	10	第三班	1600米	(80-60)	好地	草地 - "C" 賽道	10	7	盈嘉輝(C080)	何澤堯	徐雨石	122	1044	9	5-3/4	6 6 6 10	1:35.60	22	-	-	+ 1	B/TT	5	沙田	2.72							
2020/1/1	10	第三班	1600米	(80-60)	好地	草地 - "C" 賽道	11	12	一見傾心(B401)	楊明綸	蘇保羅	118	1185	5	6-3/4	1 1 1 11	1:35.74	17	-	-	1	B	5	沙田	2.72							
2020/1/1	10	第三班	1600米	(80-60)	好地	草地 - "C" 賽道	12	3	中華之光(A168)	蘇狄雄	葉楚航	114	1088	1	7	9 8 8 12	1:35.79	97	-	-	1	TT	6	沙田	2.72							
2020/1/1	10	第三班	1600米	(80-60)	好地	草地 - "C" 賽道	13	10	睡眠攻略(C493)	郭能	霍利時	120	1122	10	7-1/2	3 3 5 13	1:35.88	33	-	-	+ 1	SR	4	沙田	2.72							
2020/1/1	10	第三班	1600米	(80-60)	好地	草地 - "C" 賽道	14	1	得獎者(D171)	潘明輝	蔡約翰	131	1131	4	7-3/4	13 11 11 14	1:35.93	62	-	-	1	P1	4	沙田	2.72							
2020/1/1	10	第三班	1600米	(80-60)	好地	草地 - "C" 賽道			美麗甜心(B410)	蘇兆輝	約翰摩亞	129	---	---	---	---	---	---	-	-	-	-	4	沙田	2.72							
2020/1/5	1	第四班	1000米	(60-35)	好地	草地 - "C+3" 賽道	1	12	二話不說(C134)	潘明輝	葉楚航	118	1098	6	-	9 8 1	0:57.00	14	-	-	+ 1	B	4	沙田	2.72	42.5			1515.5	471.5	376.0	
2020/1/5	1	第四班	1000米	(60-35)	好地	草地 - "C+3" 賽道	2	6	眾歡笑(D038)	蘇兆輝	鄭俊偉	127	1002	3	1-1/2	13 13 2	0:57.24	27	-	-	+ 1	H1	4	沙田	2.72		53.0		1515.5	471.5		1081.0
2020/1/5	1	第四班	1000米	(60-35)	好地	草地 - "C+3" 賽道	3	13	寶貝兒(B365)	田泰安	蘇偉賢	119	1001	10	2-1/2	12 9 3	0:57.38	38	-	-	+ 1	XB/TT	5	沙田	2.72			88.5			376.0	1081.0
2020/1/5	1	第四班	1000米	(60-35)	好地	草地 - "C+3" 賽道	4	4	善傳萬里(D167)	楊明綸	文家良	127	1111	12	2-3/4	6 1 4	0:57.43	9.9	-	-	+ 1	 	3	沙田	2.72							
2020/1/5	1	第四班	1000米	(60-35)	好地	草地 - "C+3" 賽道	5	5	八卦(C102)	利敬國	賀賢	127	1124	14	2-3/4	11 7 5	0:57.44	4.5	2nd Hot	-	+ 1	XB/B1	4	沙田	2.72							
2020/1/5	1	第四班	1000米	(60-35)	好地	草地 - "C+3" 賽道	6	1	快樂凱旋(B195)	陳嘉熙	容天鵬	123	1100	2	3	8 10 6	0:57.47	18	-	-	+ 1	 	5	沙田	2.72							
2020/1/5	1	第四班	1000米	(60-35)	好地	草地 - "C+3" 賽道	7	2	魅力星光(C540)	希威森	韋達	132	1075	4	3-1/4	10 11 7	0:57.50	49	-	-	+ 1	B1/XB1	4	沙田	2.72							
2020/1/5	1	第四班	1000米	(60-35)	好地	草地 - "C+3" 賽道	8	9	常勝心(D044)	潘頓	羅富全	127	1230	8	3-1/4	3 3 8	0:57.52	4.8	-	-	+ 1	 	4	沙田	2.72							
2020/1/5	1	第四班	1000米	(60-35)	好地	草地 - "C+3" 賽道	9	3	寶都(C072)	何澤堯	呂健威	130	1029	5	3-3/4	7 12 9	0:57.61	54	-	-	* 1	H1	5	沙田	2.72							
2020/1/5	1	第四班	1000米	(60-35)	好地	草地 - "C+3" 賽道	10	8	過河勁卒(C381)	莫雷拉	蔡約翰	127	1029	1	4	2 4 10	0:57.62	3	1st Hot	-	1	 	3	沙田	2.72							
2020/1/5	1	第四班	1000米	(60-35)	好地	草地 - "C+3" 賽道	11	7	旺舖必星(C387)	巴度	丁冠豪	127	1131	11	5	14 14 11	0:57.78	93	-	-	+ 1	 	4	沙田	2.72							
2020/1/5	1	第四班	1000米	(60-35)	好地	草地 - "C+3" 賽道	12	11	八駿雄風(C449)	彭國年	徐雨石	120	1139	13	6-3/4	4 2 12	0:58.07	29	-	-	+ 1	 	4	沙田	2.72							
2020/1/5	1	第四班	1000米	(60-35)	好地	草地 - "C+3" 賽道	13	10	百寶袋(D008)	梁家俊	姚本輝	125	1070	7	6-3/4	1 6 13	0:58.08	23	-	-	1	B	4	沙田	2.72							
2020/1/5	1	第四班	1000米	(60-35)	好地	草地 - "C+3" 賽道	14	14	哈蝦王旺(B381)	史卓豐	高伯新	118	1159	9	7-3/4	5 5 14	0:58.24	25	-	-	+ 1	B/TT	5	沙田	2.72							
2020/1/5	2	第五班	1200米	(40-0)	好地	全天候跑道	1	4	常山耆寶(A275)	何澤堯	文家良	132	1039	5	-	6 5 1	1:09.96	5.4	2nd Hot	-	1	P	6	沙田	2.72	18.5			197.5	77.0	163.5	
2020/1/5	2	第五班	1200米	(40-0)	好地	全天候跑道	2	1	喜勁驥(C006)	莫雷拉	蔡約翰	133	1138	8	3/4	2 3 2	1:10.08	6.1	-	-	1	H	4	沙田	2.72		21.5		197.5	77.0		159.5
2020/1/5	2	第五班	1200米	(40-0)	好地	全天候跑道	3	8	勁好玩(A408)	郭能	葉楚航	127	1087	1	2-1/4	4 4 3	1:10.30	15	-	-	1	H	6	沙田	2.72			43.0			163.5	159.5
2020/1/5	2	第五班	1200米	(40-0)	好地	全天候跑道	4	2	探險家(C008)	蘇兆輝	徐雨石	133	1125	2	4-3/4	7 7 4	1:10.71	3.8	1st Hot	-	1	B	4	沙田	2.72							
2020/1/5	2	第五班	1200米	(40-0)	好地	全天候跑道	5	3	自由旺(A209)	黃皓楠	方嘉柏	130	1142	11	5	1 1 5	1:10.77	18	-	-	+ 1	H/XB/B2	-	沙田	2.72							
2020/1/5	2	第五班	1200米	(40-0)	好地	全天候跑道	6	6	八進(B263)	潘明輝	賀賢	129	1052	9	6	3 2 6	1:10.93	19	-	-	+ 1	B	5	沙田	2.72							
2020/1/5	2	第五班	1200米	(40-0)	好地	全天候跑道	7	5	話晒事(B239)	潘頓	告東尼	131	996	12	6-1/4	9 8 7	1:10.96	10	-	-	1	B/TT	-	沙田	2.72							
2020/1/5	2	第五班	1200米	(40-0)	好地	全天候跑道	8	12	中華主將(B298)	巴度	霍利時	114	1149	7	6-1/2	5 6 8	1:11.01	13	-	-	+ 1	B/H	-	沙田	2.72							
2020/1/5	2	第五班	1200米	(40-0)	好地	全天候跑道	9	10	新獵狐者(B389)	彭國年	呂健威	120	1169	4	7-1/2	10 10 9	1:11.15	55	-	-	1	B	5	沙田	2.72							
2020/1/5	2	第五班	1200米	(40-0)	好地	全天候跑道	10	7	喜奔騰(B143)	田泰安	韋達	130	1065	6	10-1/2	8 9 10	1:11.64	7.7	-	-	1	XB-/B	5	沙田	2.72							
2020/1/5	2	第五班	1200米	(40-0)	好地	全天候跑道	11	9	樂多福(A208)	巫顯東	何良	122	1214	10	15-1/2	12 11 11	1:12.42	9.2	-	-	+ 1	V	6	沙田	2.72							
2020/1/5	2	第五班	1200米	(40-0)	好地	全天候跑道	12	11	鋒仔(C282)	楊明綸	高伯新	119	1011	3	16-1/4	11 12 12	1:12.54	102	-	-	+ 1	B-/V1	4	沙田	2.72							
2020/1/5	3	第三班	1000米	(80-60)	好地	草地 - "C+3" 賽道	1	4	大武士(B216)	利敬國	沈集成	128	1141	10	-	1 1 1	0:56.44	8	-	-	* 1	TT	6	沙田	2.72	23.5			451.5	130.5	101.5	
2020/1/5	3	第三班	1000米	(80-60)	好地	草地 - "C+3" 賽道	2	13	嘉應精英(C240)	楊明綸	容天鵬	120	1155	11	頸位	2 2 2	0:56.47	11	-	-	1	TT	4	沙田	2.72		32.0		451.5	130.5		148.5
2020/1/5	3	第三班	1000米	(80-60)	好地	草地 - "C+3" 賽道	3	3	莫浪求(D200)	田泰安	告東尼	131	1188	1	3/4	8 7 3	0:56.56	5	2nd Hot	-	1	XB1/TT1	3	沙田	2.72			19.5			101.5	148.5
2020/1/5	3	第三班	1000米	(80-60)	好地	草地 - "C+3" 賽道	4	8	夢幻人生(C166)	潘頓	文家良	124	1146	3	3/4	5 5 4	0:56.57	3.7	1st Hot	-	1	B	4	沙田	2.72							
2020/1/5	3	第三班	1000米	(80-60)	好地	草地 - "C+3" 賽道	5	14	自在人生(B169)	潘明輝	羅富全	116	1185	14	2	13 13 5	0:56.74	30	-	-	1	XB/TT	6	沙田	2.72							
2020/1/5	3	第三班	1000米	(80-60)	好地	草地 - "C+3" 賽道	6	5	辣臣(D199)	郭能	約翰摩亞	127	989	5	3-3/4	6 4 6	0:57.03	38	-	-	1	CP1	3	沙田	2.72							
2020/1/5	3	第三班	1000米	(80-60)	好地	草地 - "C+3" 賽道	7	1	加州神箭(A417)	陳嘉熙	告東尼	123	1129	7	4	7 10 7	0:57.09	12	-	-	2	H/TT	6	沙田	2.72							
2020/1/5	3	第三班	1000米	(80-60)	好地	草地 - "C+3" 賽道	8	7	平海歡星(C377)	莫雷拉	蔡約翰	124	1093	4	4-1/4	3 3 8	0:57.11	22	-	-	1	P-	4	沙田	2.72							
2020/1/5	3	第三班	1000米	(80-60)	好地	草地 - "C+3" 賽道	9	12	極速前進(V390)	史卓豐	容天鵬	131	1248	8	4-3/4	4 6 9	0:57.18	11	-	-	2	V/TT	6	沙田	2.72							
2020/1/5	3	第三班	1000米	(80-60)	好地	草地 - "C+3" 賽道	10	11	快樂歡騰(B272)	梁家俊	蘇偉賢	122	1167	13	5-3/4	10 8 10	0:57.34	14	-	-	1	TT	6	沙田	2.72							
2020/1/5	3	第三班	1000米	(80-60)	好地	草地 - "C+3" 賽道	11	2	一舖縱橫(B385)	蘇狄雄	丁冠豪	130	1059	2	6	12 11 11	0:57.37	59	-	-	1	H/TT	5	沙田	2.72							
2020/1/5	3	第三班	1000米	(80-60)	好地	草地 - "C+3" 賽道	12	10	霸勝(A270)	巫顯東	葉楚航	119	1277	12	6-1/4	9 9 12	0:57.44	7.6	-	-	1	B/TT	6	沙田	2.72							
2020/1/5	3	第三班	1000米	(80-60)	好地	草地 - "C+3" 賽道	13	6	運時來(D170)	希威森	韋達	125	1007	6	8	14 14 13	0:57.73	33	-	-	1	B1/SR1/XB1	4	沙田	2.72							
2020/1/5	3	第三班	1000米	(80-60)	好地	草地 - "C+3" 賽道	14	9	騷哥利(C430)	黃皓楠	徐雨石	120	990	9	8-1/2	11 12 14	0:57.78	154	-	-	1	H	5	沙田	2.72							
2020/1/5	3	第三班	1000米	(80-60)	好地	草地 - "C+3" 賽道			傳盛(B416)	巴度	呂健威	121	---	---	---	---	---	---	-	-	-	-	4	沙田	2.72							
2020/1/5	4	第五班	1400米	(40-0)	好地	草地 - "C+3" 賽道	1	7	至尊大師(A357)	莫雷拉	告東尼	129	1287	12	-	1 2 2 1	1:23.07	13	-	-	+ 1	B/TT	6	沙田	2.72	29.0			860.5	274.5	102.0	
2020/1/5	4	第五班	1400米	(40-0)	好地	草地 - "C+3" 賽道	2	10	天地同心(B030)	希威森	徐雨石	126	1082	3	頸位	3 3 3 2	1:23.14	18	-	-	* 1	 	5	沙田	2.72		43.0		860.5	274.5		115.0
2020/1/5	4	第五班	1400米	(40-0)	好地	草地 - "C+3" 賽道	3	3	生生勝勝(C110)	何澤堯	姚本輝	131	989	2	1/2	5 5 5 3	1:23.17	4.7	2nd Hot	-	+ 1	B	4	沙田	2.72			17.5			102.0	115.0
2020/1/5	4	第五班	1400米	(40-0)	好地	草地 - "C+3" 賽道	4	14	城中霸(C101)	潘明輝	沈集成	115	1152	14	1	14 14 13 4	1:23.24	109	-	-	1	TT	4	沙田	2.72							
2020/1/5	4	第五班	1400米	(40-0)	好地	草地 - "C+3" 賽道	5	1	輝煌巨星(C046)	巴度	蘇保羅	133	1060	10	1-1/2	11 9 7 5	1:23.33	16	-	-	+ 1	 	5	沙田	2.72							
2020/1/5	4	第五班	1400米	(40-0)	好地	草地 - "C+3" 賽道	6	5	東龍陣(B394)	蘇兆輝	容天鵬	130	1087	4	2	7 8 9 6	1:23.38	6.3	-	-	+ 1	TT	4	沙田	2.72							
2020/1/5	4	第五班	1400米	(40-0)	好地	草地 - "C+3" 賽道	7	8	神馬飛揚(V368)	楊明綸	鄭俊偉	126	1070	9	2-1/4	12 11 11 7	1:23.44	44	-	-	1	H2/TT	7	沙田	2.72							
2020/1/5	4	第五班	1400米	(40-0)	好地	草地 - "C+3" 賽道	8	6	奮鬥揚威(C354)	巫顯東	何良	126	1107	1	3-3/4	6 6 6 8	1:23.69	142	-	-	1	H/V	5	沙田	2.72							
2020/1/5	4	第五班	1400米	(40-0)	好地	草地 - "C+3" 賽道	9	11	艦長天下(B096)	田泰安	霍利時	125	1162	13	4	13 13 10 9	1:23.70	27	-	-	1	SR/TT	-	沙田	2.72							
2020/1/5	4	第五班	1400米	(40-0)	好地	草地 - "C+3" 賽道	10	2	盛勢(V243)	潘頓	葉楚航	131	1092	7	4-1/2	8 7 8 10	1:23.79	2.5	1st Hot	-	+ 1	 	7	沙田	2.72							
2020/1/5	4	第五班	1400米	(40-0)	好地	草地 - "C+3" 賽道	11	13	玩斗財星(C243)	梁家俊	高伯新	118	1119	5	5-1/2	2 4 4 11	1:23.97	75	-	-	1	B-/V1	4	沙田	2.72							
2020/1/5	4	第五班	1400米	(40-0)	好地	草地 - "C+3" 賽道	12	4	喜氣綿綿(C236)	史卓豐	丁冠豪	130	1046	6	6-1/4	9 10 12 12	1:24.09	31	-	-	1	B/H	4	沙田	2.72							
2020/1/5	4	第五班	1400米	(40-0)	好地	草地 - "C+3" 賽道	13	12	勇晉大師(B452)	利敬國	蘇偉賢	122	1098	8	7-1/2	4 1 1 13	1:24.29	13	-	-	1	B/TT	5	沙田	2.72							
2020/1/5	4	第五班	1400米	(40-0)	好地	草地 - "C+3" 賽道	14	9	金錢炮(T022)	彭國年	呂健威	126	969	11	11	10 12 14 14	1:24.82	16	-	-	1	B/H/XB	8	沙田	2.72							
2020/1/5	5	第四班	1200米	(60-40)	好地	全天候跑道	1	1	超能力(D093)	田泰安	韋達	133	1183	10	-	6 7 1	1:09.62	1.7	1st Hot	-	+ 1	XB	4	沙田	2.72	12.0			77.0	36.0	36.5	
2020/1/5	5	第四班	1200米	(60-40)	好地	全天候跑道	2	2	理想回報(A305)	潘頓	沈集成	131	1095	8	2-1/4	3 3 2	1:09.97	10	-	-	+ 1	P/TT	7	沙田	2.72		25.0		77.0	36.0		89.5
2020/1/5	5	第四班	1200米	(60-40)	好地	全天候跑道	3	3	福喜多多(B128)	陳嘉熙	呂健威	121	1136	1	2-1/2	2 2 3	1:10.03	9.7	-	-	+ 1	B	5	沙田	2.72			23.5			36.5	89.5
2020/1/5	5	第四班	1200米	(60-40)	好地	全天候跑道	4	11	娛樂大少(B060)	梁家俊	何良	118	1205	4	3-1/2	5 5 4	1:10.18	52	-	-	+ 1	 	5	沙田	2.72							
2020/1/5	5	第四班	1200米	(60-40)	好地	全天候跑道	5	5	勁跑王(C420)	莫雷拉	告東尼	128	1148	11	4	9 8 5	1:10.25	8.6	2nd Hot	-	+ 1	H/TT	4	沙田	2.72							
2020/1/5	5	第四班	1200米	(60-40)	好地	全天候跑道	6	7	多多利高(D204)	潘明輝	徐雨石	123	1010	9	5	11 11 6	1:10.42	126	-	-	+ 1	 	3	沙田	2.72							
2020/1/5	5	第四班	1200米	(60-40)	好地	全天候跑道	7	8	真勇士(D072)	史卓豐	文家良	125	1188	12	5-1/4	1 1 7	1:10.47	11	-	-	+ 1	 	3	沙田	2.72							
2020/1/5	5	第四班	1200米	(60-40)	好地	全天候跑道	8	4	勁得手(C030)	楊明綸	容天鵬	130	1262	6	6-3/4	7 9 8	1:10.70	38	-	-	* 1	B/TT	4	沙田	2.72							
2020/1/5	5	第四班	1200米	(60-40)	好地	全天候跑道	9	9	超然(V255)	黃皓楠	鄭俊偉	119	1070	3	7-1/2	8 6 9	1:10.82	16	-	-	+ 1	 	7	沙田	2.72							
2020/1/5	5	第四班	1200米	(60-40)	好地	全天候跑道	10	6	上捕先鋒(C300)	郭能	霍利時	128	1171	2	9	4 4 10	1:11.05	18	-	-	+ 1	B	5	沙田	2.72							
2020/1/5	5	第四班	1200米	(60-40)	好地	全天候跑道	11	12	靈鋒(A245)	蘇狄雄	苗禮德	112	1014	5	9-1/4	12 12 11	1:11.08	96	-	-	+ 1	B/XB	6	沙田	2.72							
2020/1/5	5	第四班	1200米	(60-40)	好地	全天候跑道	12	10	燈胆精英(A183)	巴度	葉楚航	119	1174	7	12	10 10 12	1:11.54	18	-	-	* 1	B	6	沙田	2.72							
2020/1/5	6	第四班	1800米	(60-40)	好地	草地 - "C+3" 賽道	1	12	神州福星(B326)	潘頓	羅富全	120	1033	4	-	4 5 5 4 1	1:48.11	3.4	1st Hot	-	1	CP/TT	6	沙田	2.72	15.5			113.0	41.0	76.5	
2020/1/5	6	第四班	1800米	(60-40)	好地	草地 - "C+3" 賽道	2	2	神龍駒(B108)	何澤堯	告東尼	131	1077	1	短馬頭位	3 4 3 3 2	1:48.13	4.6	-	-	1	H/TT	5	沙田	2.72		17.5		113.0	41.0		75.0
2020/1/5	6	第四班	1800米	(60-40)	好地	草地 - "C+3" 賽道	3	5	寶得住(C125)	巴度	葉楚航	127	1016	6	3	8 8 8 5 3	1:48.61	8.9	-	-	1	XB/TT	5	沙田	2.72			30.5			76.5	75.0
2020/1/5	6	第四班	1800米	(60-40)	好地	草地 - "C+3" 賽道	4	3	福多寶(B026)	莫雷拉	賀賢	130	1100	10	3-1/2	12 13 13 12 4	1:48.65	4.1	2nd Hot	-	1	B	5	沙田	2.72							
2020/1/5	6	第四班	1800米	(60-40)	好地	草地 - "C+3" 賽道	5	1	王者再現(V156)	郭能	姚本輝	133	1116	12	3-1/2	9 9 9 9 5	1:48.66	19	-	-	1	V	7	沙田	2.72							
2020/1/5	6	第四班	1800米	(60-40)	好地	草地 - "C+3" 賽道	6	6	牛精輝煌(A118)	史卓豐	鄭俊偉	124	1112	9	3-1/2	10 11 11 8 6	1:48.68	50	-	-	2	H	7	沙田	2.72							
2020/1/5	6	第四班	1800米	(60-40)	好地	草地 - "C+3" 賽道	7	4	韻妙星(A363)	田泰安	霍利時	129	1268	7	4	7 6 7 7 7	1:48.76	19	-	-	1	B	6	沙田	2.72							
2020/1/5	6	第四班	1800米	(60-40)	好地	草地 - "C+3" 賽道	8	8	劍聶風(A201)	蘇兆輝	鄭俊偉	124	1059	8	4-3/4	1 1 1 1 8	1:48.87	13	-	-	1	B	6	沙田	2.72							
2020/1/5	6	第四班	1800米	(60-40)	好地	草地 - "C+3" 賽道	9	10	開心日子(A333)	利敬國	沈集成	122	1106	14	5	14 14 14 14 9	1:48.91	16	-	-	1	B/TT	6	沙田	2.72							
2020/1/5	6	第四班	1800米	(60-40)	好地	草地 - "C+3" 賽道	10	7	自然君子(C089)	陳嘉熙	方嘉柏	114	1161	5	5	2 2 2 2 10	1:48.93	19	-	-	1	B/H	5	沙田	2.72							
2020/1/5	6	第四班	1800米	(60-40)	好地	草地 - "C+3" 賽道	11	13	友瑩利(C310)	希威森	蘇保羅	116	1236	3	5-1/4	11 10 10 10 11	1:48.96	97	-	-	1	B-	4	沙田	2.72							
2020/1/5	6	第四班	1800米	(60-40)	好地	草地 - "C+3" 賽道	12	14	金銀城(C279)	楊明綸	容天鵬	115	1129	2	6-1/2	6 7 6 6 12	1:49.14	149	-	-	1	H	4	沙田	2.72							
2020/1/5	6	第四班	1800米	(60-40)	好地	草地 - "C+3" 賽道	13	9	大雁塔(C090)	潘明輝	蔡約翰	120	985	13	11-3/4	13 12 12 13 13	1:49.99	52	-	-	* 1	B	-	沙田	2.72							
2020/1/5	6	第四班	1800米	(60-40)	好地	草地 - "C+3" 賽道	14	11	歡樂家庭(B397)	梁家俊	蘇偉賢	120	1029	11	23-3/4	5 3 4 11 14	1:51.91	183	-	-	1	 	-	沙田	2.72							
2020/1/5	7	第三班	1200米	(85-60)	好地	全天候跑道	1	2	鞍歌(A177)	蘇兆輝	姚本輝	131	1133	8	-	8 7 1	1:09.09	21	-	-	+ 1	B	6	沙田	2.72	53.5			1243.0	296.0	219.0	
2020/1/5	7	第三班	1200米	(85-60)	好地	全天候跑道	2	10	公証福將(A148)	利敬國	鄭俊偉	121	1171	4	1-1/4	10 8 2	1:09.27	13	-	-	1	XB/TT	7	沙田	2.72		31.5		1243.0	296.0		136.5
2020/1/5	7	第三班	1200米	(85-60)	好地	全天候跑道	3	3	紅運大師(C287)	莫雷拉	蔡約翰	131	1045	3	2-1/2	3 2 3	1:09.45	9.7	-	-	+ 1	 	4	沙田	2.72			23.0			219.0	136.5
2020/1/5	7	第三班	1200米	(85-60)	好地	全天候跑道	4	11	衝亞(C218)	楊明綸	羅富全	120	1060	10	3-1/2	5 4 4	1:09.63	61	-	-	+ 1	B	4	沙田	2.72							
2020/1/5	7	第三班	1200米	(85-60)	好地	全天候跑道	5	1	新力寶(A379)	潘頓	約翰摩亞	133	1227	7	3-1/2	1 1 5	1:09.63	3.7	2nd Hot	-	+ 1	CP	5	沙田	2.72							
2020/1/5	7	第三班	1200米	(85-60)	好地	全天候跑道	6	9	寶山鷹(C248)	史卓豐	丁冠豪	122	1097	9	4-3/4	6 6 6	1:09.85	6.7	-	-	+ 1	 	4	沙田	2.72							
2020/1/5	7	第三班	1200米	(85-60)	好地	全天候跑道	7	7	銀紙(B025)	田泰安	苗禮德	127	1131	12	5	11 10 7	1:09.88	20	-	-	+ 1	 	5	沙田	2.72							
2020/1/5	7	第三班	1200米	(85-60)	好地	全天候跑道	8	8	天氣先生(D058)	梁家俊	韋達	123	993	1	5-1/2	4 5 8	1:09.98	98	-	-	1	P1	4	沙田	2.72							
2020/1/5	7	第三班	1200米	(85-60)	好地	全天候跑道	9	6	帝豪寶寶(A050)	巴度	沈集成	130	1176	5	5-1/2	9 11 9	1:09.98	19	-	-	+ 1	B/TT	6	沙田	2.72							
2020/1/5	7	第三班	1200米	(85-60)	好地	全天候跑道	10	12	文武先鋒(B049)	希威森	霍利時	116	1252	11	6-1/2	7 9 10	1:10.11	147	-	-	1	TT	6	沙田	2.72							
2020/1/5	7	第三班	1200米	(85-60)	好地	全天候跑道	11	4	錶之銳(C193)	何澤堯	呂健威	130	1145	6	7-1/4	12 12 11	1:10.24	2.3	1st Hot	-	+ 1	B/H/TT	5	沙田	2.72							
2020/1/5	7	第三班	1200米	(85-60)	好地	全天候跑道	12	5	滿地可(B338)	郭能	方嘉柏	130	1166	2	14-1/2	2 3 12	1:11.42	91	-	-	+ 1	B/TT	-	沙田	2.72							
2020/1/5	7	第三班	1200米	(85-60)	好地	全天候跑道			皇仁先鋒(A381)	---	徐雨石	123	---	---	---	---	---	---	-	-	-	-	-	沙田	2.72							
2020/1/5	8	第三班	1400米	(80-60)	好地	草地 - "C+3" 賽道	1	2	威進駒(A326)	潘頓	呂健威	132	1158	4	-	8 7 8 1	1:22.46	14	-	-	1	 	6	沙田	2.72	38.5			399.5	120.5	185.0	
2020/1/5	8	第三班	1400米	(80-60)	好地	草地 - "C+3" 賽道	2	6	不羈的風(B271)	莫雷拉	約翰摩亞	123	1044	8	3/4	12 12 12 2	1:22.59	5.3	-	-	+ 1	B/TT	6	沙田	2.72		18.0		399.5	120.5		100.0
2020/1/5	8	第三班	1400米	(80-60)	好地	草地 - "C+3" 賽道	3	8	發財寶(B220)	田泰安	韋達	122	1053	9	1-1/4	2 3 3 3	1:22.66	12	-	-	1	B/XB	5	沙田	2.72			32.5			185.0	100.0
2020/1/5	8	第三班	1400米	(80-60)	好地	草地 - "C+3" 賽道	4	12	萬利高(V396)	蘇狄雄	蘇保羅	115	1097	3	1-1/4	10 10 11 4	1:22.67	214	-	-	1	B	7	沙田	2.72							
2020/1/5	8	第三班	1400米	(80-60)	好地	草地 - "C+3" 賽道	5	4	翠湖飛鷹(B391)	梁家俊	蘇偉賢	125	1056	6	1-1/4	9 9 10 5	1:22.67	10	-	-	* 1	 	5	沙田	2.72							
2020/1/5	8	第三班	1400米	(80-60)	好地	草地 - "C+3" 賽道	6	10	嘜誰嘜誰(C323)	蘇兆輝	告東尼	119	1168	5	1-1/4	5 5 4 6	1:22.67	9.8	-	-	1	B/TT	4	沙田	2.72							
2020/1/5	8	第三班	1400米	(80-60)	好地	草地 - "C+3" 賽道	7	1	元朗之星(C303)	何澤堯	文家良	133	1108	2	1-1/2	3 4 5 7	1:22.72	3.6	1st Hot	-	1	 	4	沙田	2.72							
2020/1/5	8	第三班	1400米	(80-60)	好地	草地 - "C+3" 賽道	8	7	智力寶(B311)	巴度	蔡約翰	123	1192	11	1-3/4	7 8 6 8	1:22.75	23	-	-	1	 	5	沙田	2.72							
2020/1/5	8	第三班	1400米	(80-60)	好地	草地 - "C+3" 賽道	9	11	再享耆成(B227)	楊明綸	容天鵬	118	1049	10	3-1/2	1 1 1 9	1:23.00	18	-	-	1	B	5	沙田	2.72							
2020/1/5	8	第三班	1400米	(80-60)	好地	草地 - "C+3" 賽道	10	5	大歡笑(C213)	史卓豐	容天鵬	124	1144	1	5-1/2	6 6 7 10	1:23.34	62	-	-	2	SR	5	沙田	2.72							
2020/1/5	8	第三班	1400米	(80-60)	好地	草地 - "C+3" 賽道	11	9	飛天劍(C463)	黃皓楠	徐雨石	118	1042	13	5-1/2	13 13 13 11	1:23.36	143	-	-	1	 	4	沙田	2.72							
2020/1/5	8	第三班	1400米	(80-60)	好地	草地 - "C+3" 賽道	12	3	精簡最好(B464)	利敬國	姚本輝	128	1074	7	5-3/4	4 2 2 12	1:23.37	3.8	2nd Hot	-	1	V	4	沙田	2.72							
2020/1/5	8	第三班	1400米	(80-60)	好地	草地 - "C+3" 賽道	13	13	歡樂一生(T134)	巫顯東	高伯新	112	1153	12	10-1/2	11 11 9 13	1:24.14	112	-	-	1	B-	8	沙田	2.72							
2020/1/5	9	第二班	1800米	(100-80)	好地	草地 - "C+3" 賽道	1	3	任我行(C297)	莫雷拉	約翰摩亞	123	1039	1	-	5 5 6 5 1	1:46.76	2.9	1st Hot	-	2	CP	5	沙田	2.72	14.5			89.0	39.5	127.5	
2020/1/5	9	第二班	1800米	(100-80)	好地	草地 - "C+3" 賽道	2	14	精神威(C345)	何澤堯	羅富全	117	1128	10	1-1/4	3 3 4 3 2	1:46.97	6	-	-	1	 	4	沙田	2.72		20.5		89.0	39.5		190.0
2020/1/5	9	第二班	1800米	(100-80)	好地	草地 - "C+3" 賽道	3	8	安采(D066)	蘇兆輝	約翰摩亞	120	1155	11	1-3/4	14 12 12 12 3	1:47.04	20	-	-	1	B/XB	4	沙田	2.72			54.5			127.5	190.0
2020/1/5	9	第二班	1800米	(100-80)	好地	草地 - "C+3" 賽道	4	5	超級綠洲(D085)	利敬國	羅富全	122	1140	12	1-3/4	10 11 11 11 4	1:47.06	11	-	-	2	 	4	沙田	2.72							
2020/1/5	9	第二班	1800米	(100-80)	好地	草地 - "C+3" 賽道	5	9	傑彩繽紛(B457)	希威森	蔡約翰	120	1039	3	2	7 7 8 9 5	1:47.07	14	-	-	1	B	5	沙田	2.72							
2020/1/5	9	第二班	1800米	(100-80)	好地	草地 - "C+3" 賽道	6	4	將耀(C429)	潘頓	告東尼	122	1083	6	2-1/2	9 9 10 10 6	1:47.14	5.2	2nd Hot	-	1	H/TT	4	沙田	2.72							
2020/1/5	9	第二班	1800米	(100-80)	好地	草地 - "C+3" 賽道	7	6	與龍共舞(B129)	潘明輝	何良	119	1090	7	2-3/4	11 13 13 13 7	1:47.22	13	-	-	1	H/P/TT	6	沙田	2.72							
2020/1/5	9	第二班	1800米	(100-80)	好地	草地 - "C+3" 賽道	8	1	紅運戰士(B355)	史卓豐	蔡約翰	133	1054	5	3-3/4	8 8 9 8 8	1:47.35	32	-	-	2	TT	5	沙田	2.72							
2020/1/5	9	第二班	1800米	(100-80)	好地	草地 - "C+3" 賽道	9	12	必妙星(C507)	田泰安	蘇保羅	118	1167	13	5	12 14 14 14 9	1:47.56	13	-	-	+ 1	 	4	沙田	2.72							
2020/1/5	9	第二班	1800米	(100-80)	好地	草地 - "C+3" 賽道	10	10	得勝駒(B112)	巴度	韋達	119	1118	8	5-1/2	4 4 5 6 10	1:47.64	20	-	-	1	B/XB	5	沙田	2.72							
2020/1/5	9	第二班	1800米	(100-80)	好地	草地 - "C+3" 賽道	11	11	星運明爵(C431)	郭能	方嘉柏	120	1090	4	6	6 6 7 7 11	1:47.70	23	-	-	1	XB/TT1	4	沙田	2.72							
2020/1/5	9	第二班	1800米	(100-80)	好地	草地 - "C+3" 賽道	12	13	美麗精神(B409)	巫顯東	告東尼	114	1286	2	9-3/4	2 2 3 4 12	1:48.31	131	-	-	2	CP/TT	5	沙田	2.72							
2020/1/5	9	第二班	1800米	(100-80)	好地	草地 - "C+3" 賽道	13	2	天池怪俠(B350)	梁家俊	蘇偉賢	125	1138	14	10	13 10 1 2 13	1:48.35	46	-	-	1	H-	5	沙田	2.72							
2020/1/5	9	第二班	1800米	(100-80)	好地	草地 - "C+3" 賽道	14	7	美麗經典(C049)	陳嘉熙	約翰摩亞	110	1108	9	13-1/4	1 1 2 1 14	1:48.87	106	-	-	3	B	5	沙田	2.72							
2020/1/5	10	第二班	1400米	(100-80)	好地	草地 - "C+3" 賽道	1	3	美麗非凡(D023)	莫雷拉	蔡約翰	129	1194	12	-	12 11 10 1	1:21.36	9	-	-	+ 1	H1/TT1	4	沙田	2.72	27.0			128.5	49.0	72.0	
2020/1/5	10	第二班	1400米	(100-80)	好地	草地 - "C+3" 賽道	2	10	開心好玩(B316)	利敬國	沈集成	122	1142	5	1/2	1 1 1 2	1:21.47	2.9	1st Hot	-	1	B/TT	6	沙田	2.72		14.5		128.5	49.0		34.0
2020/1/5	10	第二班	1400米	(100-80)	好地	草地 - "C+3" 賽道	3	1	駿龍駒(D129)	潘頓	羅富全	130	1050	9	2	9 12 11 3	1:21.70	4.7	2nd Hot	-	1	 	4	沙田	2.72			19.0			72.0	34.0
2020/1/5	10	第二班	1400米	(100-80)	好地	草地 - "C+3" 賽道	4	11	標準猴王(B244)	蘇兆輝	約翰摩亞	120	1213	3	2-1/4	5 4 4 4	1:21.73	10	-	-	1	 	5	沙田	2.72							
2020/1/5	10	第二班	1400米	(100-80)	好地	草地 - "C+3" 賽道	5	9	輝煌星(B163)	何澤堯	呂健威	123	1214	7	2-1/2	10 10 9 5	1:21.77	14	-	-	1	TT	6	沙田	2.72							
2020/1/5	10	第二班	1400米	(100-80)	好地	草地 - "C+3" 賽道	6	6	牛角仔(C234)	巴度	蘇偉賢	125	1089	6	2-1/2	6 7 7 6	1:21.78	6.8	-	-	+ 1	CP	4	沙田	2.72							
2020/1/5	10	第二班	1400米	(100-80)	好地	草地 - "C+3" 賽道	7	7	競技勇士(B285)	蘇狄雄	葉楚航	122	1145	2	3	11 8 8 7	1:21.83	145	-	-	1	TT	5	沙田	2.72							
2020/1/5	10	第二班	1400米	(100-80)	好地	草地 - "C+3" 賽道	8	12	曈曨光彩(D188)	田泰安	告東尼	119	1030	1	5-1/2	8 6 6 8	1:22.24	25	-	-	1	TT1	4	沙田	2.72							
2020/1/5	10	第二班	1400米	(100-80)	好地	草地 - "C+3" 賽道	9	2	好吉利(A418)	彭國年	約翰摩亞	130	1089	10	5-1/2	14 14 13 9	1:22.26	24	-	-	3	PC-/CP2	6	沙田	2.72							
2020/1/5	10	第二班	1400米	(100-80)	好地	草地 - "C+3" 賽道	10	14	美麗滿紛(C475)	史卓豐	蔡約翰	118	1179	11	6	3 3 2 10	1:22.32	13	-	-	2	B-	4	沙田	2.72							
2020/1/5	10	第二班	1400米	(100-80)	好地	草地 - "C+3" 賽道	11	13	電訊驫馬(C181)	希威森	丁冠豪	119	1141	14	8	4 2 3 11	1:22.64	179	-	-	1	TT	5	沙田	2.72							
2020/1/5	10	第二班	1400米	(100-80)	好地	草地 - "C+3" 賽道	12	4	凱倫致寶(D213)	郭能	約翰摩亞	125	1121	8	9-1/2	7 9 12 12	1:22.88	45	-	-	2	 	5	沙田	2.72							
2020/1/5	10	第二班	1400米	(100-80)	好地	草地 - "C+3" 賽道	13	8	邊個邊個(B412)	梁家俊	鄭俊偉	123	1028	4	11	2 5 5 13	1:23.14	76	-	-	* 1	TT	5	沙田	2.72							
2020/1/5	10	第二班	1400米	(100-80)	好地	草地 - "C+3" 賽道	14	5	壯思飛(V110)	潘明輝	方嘉柏	123	1163	13	11-3/4	13 13 14 14	1:23.23	29	-	-	1	 	-	沙田	2.72							
2020/1/8	1	第四班	1200米	(60-40)	好地	草地 - "C" 賽道	1	7	好友益(T265)	利敬國	徐雨石	123	1034	2	-	6 5 1	1:10.00	9.6	-	-	1	B	7	跑馬地	2.71	25.5			89.5	36.0	132.0	
2020/1/8	1	第四班	1200米	(60-40)	好地	草地 - "C" 賽道	2	11	特駒聯盟(C472)	莫雷拉	蔡約翰	121	1025	10	頭位	2 2 2	1:10.03	2.2	1st Hot	-	+ 1	 	3	跑馬地	2.71		13.0		89.5	36.0		49.0
2020/1/8	1	第四班	1200米	(60-40)	好地	草地 - "C" 賽道	3	9	加州雷電(D147)	彭國年	告東尼	121	1195	4	1/2	1 1 3	1:10.09	13	-	-	1	TT	3	跑馬地	2.71			31.0			132.0	49.0
2020/1/8	1	第四班	1200米	(60-40)	好地	草地 - "C" 賽道	4	4	非凡魅力(D102)	何澤堯	呂健威	125	1106	1	1-3/4	5 6 4	1:10.30	17	-	-	2	H	4	跑馬地	2.71							
2020/1/8	1	第四班	1200米	(60-40)	好地	草地 - "C" 賽道	5	6	全心全意(C254)	史卓豐	姚本輝	123	1088	5	2	4 3 5	1:10.34	4	2nd Hot	-	2	B	4	跑馬地	2.71							
2020/1/8	1	第四班	1200米	(60-40)	好地	草地 - "C" 賽道	6	10	幸運飛彈(C501)	潘頓	賀賢	121	1113	6	4-1/2	8 7 6	1:10.72	23	-	-	2	 	3	跑馬地	2.71							
2020/1/8	1	第四班	1200米	(60-40)	好地	草地 - "C" 賽道	7	1	育馬新星(C162)	田泰安	鄭俊偉	132	1057	3	5	3 4 7	1:10.79	7.7	-	-	+ 1	H	5	跑馬地	2.71							
2020/1/8	1	第四班	1200米	(60-40)	好地	草地 - "C" 賽道	8	5	怪獸都市(A190)	蔡明紹	何良	124	1136	11	5-3/4	9 9 8	1:10.94	23	-	-	+ 1	H-/V2	6	跑馬地	2.71							
2020/1/8	1	第四班	1200米	(60-40)	好地	草地 - "C" 賽道	9	8	西夏之王(C295)	梁家俊	蘇偉賢	122	1049	8	6-1/2	7 8 9	1:11.04	152	-	-	* 2	H/TT	4	跑馬地	2.71							
2020/1/8	1	第四班	1200米	(60-40)	好地	草地 - "C" 賽道	10	2	皇圖(C123)	蘇狄雄	葉楚航	128	1123	7	8-3/4	10 10 10	1:11.38	21	-	-	* 3	B	5	跑馬地	2.71							
2020/1/8	1	第四班	1200米	(60-40)	好地	草地 - "C" 賽道	11	3	真開心(D076)	巴度	文家良	125	1059	9	12-3/4	11 11 11	1:12.04	49	-	-	2	B1	4	跑馬地	2.71							
2020/1/8	1	第四班	1200米	(60-40)	好地	草地 - "C" 賽道	WV	12	活力長勝(C498)	楊明綸	容天鵬	121	---	---	---	---	---	---	-	-	-	-	4	跑馬地	2.71							
2020/1/8	2	第四班	1200米	(60-40)	好地	草地 - "C" 賽道	1	6	壽臣(C326)	潘頓	約翰摩亞	126	1113	12	-	3 2 1	1:09.85	5.3	-	-	1	B	4	跑馬地	2.71	20.0			574.5	183.0	146.0	
2020/1/8	2	第四班	1200米	(60-40)	好地	草地 - "C" 賽道	2	10	金碧輝煌(T076)	蘇兆輝	丁冠豪	122	1079	9	1/2	6 5 2	1:09.94	25	-	-	2	B/TT	9	跑馬地	2.71		62.5		574.5	183.0		341.5
2020/1/8	2	第四班	1200米	(60-40)	好地	草地 - "C" 賽道	3	11	馬功臣(A296)	田泰安	蘇偉賢	121	1116	11	1-1/2	10 12 3	1:10.10	20	-	-	+ 1	B/E/TT	6	跑馬地	2.71			55.5			146.0	341.5
2020/1/8	2	第四班	1200米	(60-40)	好地	草地 - "C" 賽道	4	7	霹靂狂龍(D003)	莫雷拉	賀賢	124	1015	1	2	5 6 5	1:10.18	11	-	-	* 1	H	4	跑馬地	2.71							
2020/1/8	2	第四班	1200米	(60-40)	好地	草地 - "C" 賽道	5	4	勇者勝(B010)	蔡明紹	高伯新	128	1132	3	2	2 3 4	1:10.17	12	-	-	2	B-/H-/XB-/TT-	6	跑馬地	2.71							
2020/1/8	2	第四班	1200米	(60-40)	好地	草地 - "C" 賽道	6	1	同盟力量(C036)	何澤堯	姚本輝	133	1227	6	2-1/4	1 1 6	1:10.19	3.1	1st Hot	-	+ 1	B	4	跑馬地	2.71							
2020/1/8	2	第四班	1200米	(60-40)	好地	草地 - "C" 賽道	7	2	開心人生(C065)	彭國年	呂健威	131	1227	7	3-1/4	12 10 7	1:10.38	4.4	2nd Hot	-	+ 1	H/XB/TT	4	跑馬地	2.71							
2020/1/8	2	第四班	1200米	(60-40)	好地	草地 - "C" 賽道	8	12	餘皇(B155)	希威森	韋達	115	1100	10	4	8 9 8	1:10.47	23	-	-	1	B	6	跑馬地	2.71							
2020/1/8	2	第四班	1200米	(60-40)	好地	草地 - "C" 賽道	9	3	瑩之光(B080)	史卓豐	方嘉柏	129	1175	4	4-1/4	7 7 9	1:10.53	23	-	-	* 2	V-	5	跑馬地	2.71							
2020/1/8	2	第四班	1200米	(60-40)	好地	草地 - "C" 賽道	10	9	玩到贏(B468)	梁家俊	容天鵬	123	1055	5	5	4 4 10	1:10.63	9.4	-	-	+ 1	H/TT	5	跑馬地	2.71							
2020/1/8	2	第四班	1200米	(60-40)	好地	草地 - "C" 賽道	11	8	成功星駒(D065)	郭能	霍利時	124	998	8	6-1/4	9 8 11	1:10.84	167	-	-	+ 1	 	4	跑馬地	2.71							
2020/1/8	2	第四班	1200米	(60-40)	好地	草地 - "C" 賽道	12	5	滿貫動力(D045)	楊明綸	葉楚航	126	1081	2	7-1/4	11 11 12	1:11.00	33	-	-	* 2	TT1	4	跑馬地	2.71							
2020/1/8	3	第四班	1650米	(60-40)	好地	草地 - "C" 賽道	1	11	塑料喜(T326)	利敬國	丁冠豪	115	1064	3	-	2 2 2 1	1:40.44	3.7	1st Hot	-	1	B	7	跑馬地	2.71	14.5			123.0	47.0	102.0	
2020/1/8	3	第四班	1650米	(60-40)	好地	草地 - "C" 賽道	2	2	肥仔威威(B366)	何澤堯	方嘉柏	132	1041	1	1/2	8 7 7 2	1:40.53	5.1	-	-	1	V/TT	5	跑馬地	2.71		20.5		123.0	47.0		133.5
2020/1/8	3	第四班	1650米	(60-40)	好地	草地 - "C" 賽道	3	3	神州俊馬(A282)	郭能	蘇保羅	130	1118	9	3/4	3 4 4 3	1:40.55	14	-	-	+ 1	 	6	跑馬地	2.71			39.5			102.0	133.5
2020/1/8	3	第四班	1650米	(60-40)	好地	草地 - "C" 賽道	4	1	兵貴神速(B299)	潘頓	羅富全	133	1131	5	2-3/4	5 6 6 4	1:40.86	4.2	2nd Hot	-	+ 2	CP	5	跑馬地	2.71							
2020/1/8	3	第四班	1650米	(60-40)	好地	草地 - "C" 賽道	5	4	特醒(C060)	希威森	韋達	126	1157	2	3-1/2	4 5 3 5	1:41.00	11	-	-	+ 2	B/XB	5	跑馬地	2.71							
2020/1/8	3	第四班	1650米	(60-40)	好地	草地 - "C" 賽道	6	8	都市神話(A086)	梁家俊	容天鵬	122	1035	8	3-3/4	10 9 9 6	1:41.02	12	-	-	1	B	6	跑馬地	2.71							
2020/1/8	3	第四班	1650米	(60-40)	好地	草地 - "C" 賽道	7	6	其樂無窮(S147)	陳嘉熙	鄭俊偉	114	1115	11	4-3/4	11 11 10 7	1:41.21	64	-	-	1	B/TT	9	跑馬地	2.71							
2020/1/8	3	第四班	1650米	(60-40)	好地	草地 - "C" 賽道	8	9	爪皇烈焰(T353)	田泰安	霍利時	119	1183	6	5-1/4	6 3 5 8	1:41.26	8.4	-	-	1	B/TT	8	跑馬地	2.71							
2020/1/8	3	第四班	1650米	(60-40)	好地	草地 - "C" 賽道	9	10	醉開心(B286)	蘇兆輝	葉楚航	117	1101	12	5-1/2	1 1 1 9	1:41.33	10	-	-	2	E/TT	5	跑馬地	2.71							
2020/1/8	3	第四班	1650米	(60-40)	好地	草地 - "C" 賽道	10	12	馬驕雄(B455)	蔡明紹	蘇偉賢	113	942	4	6	7 8 8 10	1:41.39	35	-	-	+ 1	 	5	跑馬地	2.71							
2020/1/8	3	第四班	1650米	(60-40)	好地	草地 - "C" 賽道	11	7	高耀俊星(C516)	史卓豐	高伯新	123	1152	7	8-1/2	9 10 11 11	1:41.79	52	-	-	2	CP-/B1/H1	3	跑馬地	2.71							
2020/1/8	3	第四班	1650米	(60-40)	好地	草地 - "C" 賽道	12	5	活力財星(C348)	蘇狄雄	何良	123	1055	10	15-3/4	12 12 12 12	1:42.94	175	-	-	1	H/TT	-	跑馬地	2.71							
2020/1/8	4	第四班	1200米	(60-40)	好地	草地 - "C" 賽道	1	5	贏多多(C004)	史卓豐	丁冠豪	129	1053	3	-	7 8 1	1:10.21	3.2	2nd Hot	-	+ 1	B	5	跑馬地	2.71	13.0			289.0	96.0	88.5	
2020/1/8	4	第四班	1200米	(60-40)	好地	草地 - "C" 賽道	2	1	紅褲日(C272)	陳嘉熙	鄭俊偉	121	1150	9	1-3/4	1 1 2	1:10.49	15	-	-	2	B/TT	5	跑馬地	2.71		37.5		289.0	96.0		223.5
2020/1/8	4	第四班	1200米	(60-40)	好地	草地 - "C" 賽道	3	4	步履娛飛(C289)	蔡明紹	告東尼	130	1208	10	1-3/4	8 5 3	1:10.50	17	-	-	* 2	CP	5	跑馬地	2.71			41.5			88.5	223.5
2020/1/8	4	第四班	1200米	(60-40)	好地	草地 - "C" 賽道	4	12	從頭越(B073)	何澤堯	徐雨石	118	1158	6	2	9 9 4	1:10.54	8.9	-	-	* 2	B	6	跑馬地	2.71							
2020/1/8	4	第四班	1200米	(60-40)	好地	草地 - "C" 賽道	5	6	月追越風(A398)	潘頓	蘇偉賢	126	1053	12	2-1/4	11 11 5	1:10.58	67	-	-	3	B-/TT	6	跑馬地	2.71							
2020/1/8	4	第四班	1200米	(60-40)	好地	草地 - "C" 賽道	6	11	陽明亮亮(A359)	黃皓楠	呂健威	118	1018	8	2-1/4	12 12 6	1:10.58	26	-	-	3	 	6	跑馬地	2.71							
2020/1/8	4	第四班	1200米	(60-40)	好地	草地 - "C" 賽道	7	2	赤水神駒(V364)	田泰安	葉楚航	131	1166	4	5-1/4	3 4 7	1:11.03	14	-	-	+ 1	 	6	跑馬地	2.71							
2020/1/8	4	第四班	1200米	(60-40)	好地	草地 - "C" 賽道	8	7	魅力漢子(C412)	莫雷拉	蔡約翰	127	1108	2	5-1/2	5 6 8	1:11.07	2.2	1st Hot	-	2	 	4	跑馬地	2.71							
2020/1/8	4	第四班	1200米	(60-40)	好地	草地 - "C" 賽道	9	9	閃電龍(D077)	希威森	羅富全	123	1179	7	6-3/4	10 10 9	1:11.28	273	-	-	1	B	4	跑馬地	2.71							
2020/1/8	4	第四班	1200米	(60-40)	好地	草地 - "C" 賽道	10	8	中華精神(D148)	蘇狄雄	何良	123	1118	5	7-3/4	4 3 10	1:11.46	310	-	-	* 2	 	3	跑馬地	2.71							
2020/1/8	4	第四班	1200米	(60-40)	好地	草地 - "C" 賽道	11	3	大聚會(V293)	郭能	高伯新	131	1078	1	8-1/2	6 7 11	1:11.56	13	-	-	1	CP	7	跑馬地	2.71							
2020/1/8	4	第四班	1200米	(60-40)	好地	草地 - "C" 賽道	12	10	電子傳承(C322)	巴度	文家良	122	1095	11	12-3/4	2 2 12	1:12.26	56	-	-	+ 1	XB1	4	跑馬地	2.71							
2020/1/8	4	第四班	1200米	(60-40)	好地	草地 - "C" 賽道	WV		戰鬥英雄(D050)	潘頓	方嘉柏	127	---	---	---	---	---	---	-	-	-	-	3	跑馬地	2.71							
2020/1/8	5	第四班	1650米	(60-40)	好地	草地 - "C" 賽道	1	3	偉大勝利(C048)	田泰安	韋達	131	1046	6	-	9 9 9 1	1:40.06	3	1st Hot	-	+ 1	XB	6	跑馬地	2.71	14.5			124.5	50.5	56.0	
2020/1/8	5	第四班	1650米	(60-40)	好地	草地 - "C" 賽道	2	12	大眾勁駒(B074)	蘇兆輝	文家良	115	1146	12	1/2	8 8 3 2	1:40.15	10	-	-	1	B	5	跑馬地	2.71		29.5		124.5	50.5		109.5
2020/1/8	5	第四班	1650米	(60-40)	好地	草地 - "C" 賽道	3	5	多多(C109)	巴度	蔡約翰	124	1021	7	1-1/4	10 10 11 3	1:40.27	10	-	-	1	H	4	跑馬地	2.71			29.5			56.0	109.5
2020/1/8	5	第四班	1650米	(60-40)	好地	草地 - "C" 賽道	4	8	其利斷金(B426)	莫雷拉	葉楚航	121	1091	3	2-1/2	7 6 7 4	1:40.45	3.4	2nd Hot	-	1	B	4	跑馬地	2.71							
2020/1/8	5	第四班	1650米	(60-40)	好地	草地 - "C" 賽道	5	2	火百合(B050)	利敬國	羅富全	132	1213	2	4-1/2	6 7 8 5	1:40.76	5.9	-	-	+ 1	TT	6	跑馬地	2.71							
2020/1/8	5	第四班	1650米	(60-40)	好地	草地 - "C" 賽道	6	1	明月光(T369)	蔡明紹	蘇保羅	133	1043	11	4-3/4	11 12 10 6	1:40.82	21	-	-	+ 2	B	8	跑馬地	2.71							
2020/1/8	5	第四班	1650米	(60-40)	好地	草地 - "C" 賽道	7	9	超霸無敵(C256)	何澤堯	姚本輝	119	1032	4	4-3/4	2 2 1 7	1:40.83	24	-	-	1	SR	4	跑馬地	2.71							
2020/1/8	5	第四班	1650米	(60-40)	好地	草地 - "C" 賽道	8	7	埼豐(A083)	陳嘉熙	徐雨石	111	1033	10	5-1/4	1 1 2 8	1:40.88	20	-	-	* 2	 	7	跑馬地	2.71							
2020/1/8	5	第四班	1650米	(60-40)	好地	草地 - "C" 賽道	9	10	精彩千里(C331)	郭能	約翰摩亞	120	1129	8	6-1/4	4 5 5 9	1:41.05	30	-	-	+ 1	CP-	3	跑馬地	2.71							
2020/1/8	5	第四班	1650米	(60-40)	好地	草地 - "C" 賽道	10	4	美麗天使(C541)	彭國年	告東尼	130	1017	1	7-1/2	5 4 6 10	1:41.25	54	-	-	1	TT	4	跑馬地	2.71							
2020/1/8	5	第四班	1650米	(60-40)	好地	草地 - "C" 賽道	11	6	鵲橋飛渡(A247)	史卓豐	高伯新	122	1082	9	9-3/4	3 3 4 11	1:41.63	27	-	-	1	H/P/TT	6	跑馬地	2.71							
2020/1/8	5	第四班	1650米	(60-40)	好地	草地 - "C" 賽道	12	11	跑得威(C127)	巫顯東	沈集成	113	1078	5	10-1/2	12 11 12 12	1:41.73	111	-	-	+ 1	B/TT	5	跑馬地	2.71							
2020/1/8	6	國際三級賽	1800米 		好地	草地 - "C" 賽道	1	8	幸福分享(A409)	何澤堯	呂健威	115	1002	3	-	3 2 2 2 1	1:48.10	4.3	2nd Hot	-		TT-	6	跑馬地	2.71	16.0			128.5	45.0	38.0	
2020/1/8	6	國際三級賽	1800米 		好地	草地 - "C" 賽道	2	6	協霸神駒(B405)	利敬國	沈集成	115	1070	9	1-1/2	9 9 9 8 2	1:48.32	5	-	-		SR/TT	5	跑馬地	2.71		19.5		128.5	45.0		49.5
2020/1/8	6	國際三級賽	1800米 		好地	草地 - "C" 賽道	3	5	聖靈之都(D801)	莫雷拉	劉志森	118	1147	4	1-3/4	4 5 6 7 3	1:48.37	3.6	1st Hot	-		P-	5	跑馬地	2.71			15.5			38.0	49.5
2020/1/8	6	國際三級賽	1800米 		好地	草地 - "C" 賽道	4	2	馬克羅斯(A066)	田泰安	告東尼	125	1250	5	2-1/2	1 1 1 1 4	1:48.50	8.3	-	-		TT	7	跑馬地	2.71							
2020/1/8	6	國際三級賽	1800米 		好地	草地 - "C" 賽道	5	7	翠龍(B156)	蔡明紹	徐雨石	113	1068	7	2-1/2	6 6 3 3 5	1:48.50	31	-	-		SR	6	跑馬地	2.71							
2020/1/8	6	國際三級賽	1800米 		好地	草地 - "C" 賽道	6	4	精明才子(B090)	巴度	羅富全	120	1140	6	3-1/4	5 4 5 6 6	1:48.63	17	-	-		CP-/XB	6	跑馬地	2.71							
2020/1/8	6	國際三級賽	1800米 		好地	草地 - "C" 賽道	7	3	鷹雄(A093)	蘇兆輝	約翰摩亞	120	1083	2	3-1/2	7 8 8 9 7	1:48.66	16	-	-		B/TT	7	跑馬地	2.71							
2020/1/8	6	國際三級賽	1800米 		好地	草地 - "C" 賽道	8	1	川河尊駒(A252)	潘頓	方嘉柏	133	1166	1	3-1/2	2 3 4 4 8	1:48.66	4.8	-	-		V	7	跑馬地	2.71							
2020/1/8	6	國際三級賽	1800米 		好地	草地 - "C" 賽道	9	9	非凡才子(C095)	楊明綸	容天鵬	113	1111	8	3-3/4	8 7 7 5 9	1:48.70	31	-	-		 	5	跑馬地	2.71							
2020/1/8	7	第三班	1800米	(80-60)	好地	草地 - "C" 賽道	1	4	全民佳知(C288)	何澤堯	姚本輝	127	1103	6	-	2 2 2 1 1	1:48.76	4.5	1st Hot	-	+ 1	B/XB	4	跑馬地	2.71	18.0			148.0	72.5	102.5	50.0	
2020/1/8	7	第三班	1800米	(80-60)	好地	草地 - "C" 賽道	2 平頭馬	5	紅麗舍(A005)	田泰安	文家良	126	1147	3	1-1/4	6 6 6 9 2	1:48.95	15	-	-	+ 1	B	7	跑馬地	2.71		39.0		148.0		102.5		102.5
2020/1/8	7	第三班	1800米	(80-60)	好地	草地 - "C" 賽道	2 平頭馬	6	超班福星(C183)	史卓豐	丁冠豪	126	1093	10	1-1/4	9 10 8 3 2	1:48.95	6.1	-	-	+ 1	B/TT	5	跑馬地	2.71			22.0		72.5		50.0	102.5
2020/1/8	7	第三班	1800米	(80-60)	好地	草地 - "C" 賽道	4	7	共創歡樂(C210)	蘇兆輝	何良	125	1054	2	2	4 4 4 5 4	1:49.07	6.2	-	-	+ 1	 	5	跑馬地	2.71								
2020/1/8	7	第三班	1800米	(80-60)	好地	草地 - "C" 賽道	5	11	勁加加(B319)	莫雷拉	賀賢	119	1013	12	2-1/4	1 3 3 4 5	1:49.11	8.1	-	-	+ 1	 	5	跑馬地	2.71								
2020/1/8	7	第三班	1800米	(80-60)	好地	草地 - "C" 賽道	6	12	佳運來(T380)	巫顯東	徐雨石	115	1019	7	3-1/2	11 11 11 7 6	1:49.33	28	-	-	+ 1	 	8	跑馬地	2.71								
2020/1/8	7	第三班	1800米	(80-60)	好地	草地 - "C" 賽道	7	8	歡喜心(A224)	薛恩	蔡約翰	124	1136	1	4-1/4	5 5 5 6 7	1:49.42	18	-	-	+ 1	 	6	跑馬地	2.71								
2020/1/8	7	第三班	1800米	(80-60)	好地	草地 - "C" 賽道	8	9	馬主星輝(B427)	巴度	沈集成	124	1056	8	5-1/4	8 8 9 12 8	1:49.61	12	-	-	+ 1	B/TT	5	跑馬地	2.71								
2020/1/8	7	第三班	1800米	(80-60)	好地	草地 - "C" 賽道	9	1	興惑(B351)	彭國年	告東尼	132	1026	11	6	12 12 12 8 9	1:49.70	17	-	-	+ 1	CP-/B1/TT	6	跑馬地	2.71								
2020/1/8	7	第三班	1800米	(80-60)	好地	草地 - "C" 賽道	10	3	長長友(B472)	楊明綸	容天鵬	127	1148	4	6	7 7 7 10 10	1:49.72	66	-	-	* 1	B	4	跑馬地	2.71								
2020/1/8	7	第三班	1800米	(80-60)	好地	草地 - "C" 賽道	11	2	鑲白旗(B336)	潘頓	霍利時	131	1020	5	6	10 9 10 11 11	1:49.73	4.5	2nd Hot	-	+ 1	 	6	跑馬地	2.71								
2020/1/8	7	第三班	1800米	(80-60)	好地	草地 - "C" 賽道	12	10	家家勝意(C510)	希威森	鄭俊偉	122	1066	9	6-3/4	3 1 1 2 12	1:49.83	111	-	-	+ 1	 	4	跑馬地	2.71								
2020/1/8	8	第三班	1200米	(80-60)	好地	草地 - "C" 賽道	1	1	永同歡欣(C232)	潘頓	容天鵬	133	1077	9	-	10 8 1	1:09.61	7.8	-	-	1	 	5	跑馬地	2.71	24.5			142.0	52.5	78.0	
2020/1/8	8	第三班	1200米	(80-60)	好地	草地 - "C" 賽道	2	2	明駿之星(C229)	莫雷拉	蔡約翰	131	1168	7	1/2	6 6 2	1:09.68	4.1	2nd Hot	-	2	B	4	跑馬地	2.71		17.0		142.0	52.5		44.5
2020/1/8	8	第三班	1200米	(80-60)	好地	草地 - "C" 賽道	3	4	極速王(C231)	史卓豐	丁冠豪	128	1114	5	1	4 5 3	1:09.77	7.4	-	W P	1	 	5	跑馬地	2.71			20.5			78.0	44.5
2020/1/8	8	第三班	1200米	(80-60)	好地	草地 - "C" 賽道	4	11	勝感(C324)	蘇兆輝	霍利時	116	1297	4	1-1/2	1 1 4	1:09.83	11	-	-	1	B	4	跑馬地	2.71							
2020/1/8	8	第三班	1200米	(80-60)	好地	草地 - "C" 賽道	5	9	雪戰神駒(B371)	巴度	高伯新	120	1106	3	2	9 10 5	1:09.91	8.5	-	-	+ 1	B	5	跑馬地	2.71							
2020/1/8	8	第三班	1200米	(80-60)	好地	草地 - "C" 賽道	6	8	爸巴閉(D235)	楊明綸	何良	121	1086	6	2	11 11 6	1:09.92	61	-	-	2	 	3	跑馬地	2.71							
2020/1/8	8	第三班	1200米	(80-60)	好地	草地 - "C" 賽道	7	6	勝利風範(C186)	薛恩	呂健威	125	1153	11	2-1/4	5 4 7	1:09.96	3.6	1st Hot	-	+ 1	 	4	跑馬地	2.71							
2020/1/8	8	第三班	1200米	(80-60)	好地	草地 - "C" 賽道	8	5	醒目勇駒(B456)	田泰安	告東尼	125	1136	8	3-1/4	2 2 8	1:10.12	17	-	-	+ 1	B/TT	5	跑馬地	2.71							
2020/1/8	8	第三班	1200米	(80-60)	好地	草地 - "C" 賽道	9	12	連利之星(S093)	蘇狄雄	蘇保羅	112	1134	12	4-3/4	12 12 9	1:10.35	126	-	-	1	B	9	跑馬地	2.71							
2020/1/8	8	第三班	1200米	(80-60)	好地	草地 - "C" 賽道	10	3	成才(B085)	何澤堯	方嘉柏	129	1184	10	4-3/4	8 9 10	1:10.36	33	-	-	2	B	6	跑馬地	2.71							
2020/1/8	8	第三班	1200米	(80-60)	好地	草地 - "C" 賽道	11	10	維港奔流(D042)	梁家俊	韋達	117	1087	1	5-1/4	3 3 11	1:10.46	10	-	-	* 2	B1	4	跑馬地	2.71							
2020/1/8	8	第三班	1200米	(80-60)	好地	草地 - "C" 賽道	12	7	家家成功(D069)	郭能	徐雨石	124	1186	2	5-1/4	7 7 12	1:10.46	52	-	-	1	B/TT	4	跑馬地	2.71							
2020/1/8	9	第三班	1200米	(80-60)	好地	草地 - "C" 賽道	1	5	大師級(C271)	蘇兆輝	丁冠豪	121	1145	11	-	4 4 1	1:10.09	9.1	-	-	2	B	4	跑馬地	2.71	21.5			144.0	49.5	110.5	
2020/1/8	9	第三班	1200米	(80-60)	好地	草地 - "C" 賽道	2	10	超能量(B294)	巴度	韋達	118	1120	4	短馬頭位	8 7 2	1:10.10	4.6	2nd Hot	-	1	B/XB	5	跑馬地	2.71		15.0		144.0	49.5		64.0
2020/1/8	9	第三班	1200米	(80-60)	好地	草地 - "C" 賽道	3	4	美麗躍動(C318)	陳嘉熙	羅富全	112	1139	3	3/4	3 3 3	1:10.22	10	-	-	* 1	B/TT	4	跑馬地	2.71			27.5			110.5	64.0
2020/1/8	9	第三班	1200米	(80-60)	好地	草地 - "C" 賽道	4	2	晨曦飛馬(C351)	潘頓	方嘉柏	124	1003	1	1-1/4	5 5 4	1:10.28	2	1st Hot	-	1	TT	5	跑馬地	2.71							
2020/1/8	9	第三班	1200米	(80-60)	好地	草地 - "C" 賽道	5	11	活力勇士(A313)	利敬國	約翰摩亞	116	1097	8	1-1/4	11 11 5	1:10.30	14	-	-	+ 1	CP	6	跑馬地	2.71							
2020/1/8	9	第三班	1200米	(80-60)	好地	草地 - "C" 賽道	6	8	索先生(T330)	蘇狄雄	賀賢	117	1150	2	1-3/4	6 6 6	1:10.36	61	-	-	+ 1	B	-	跑馬地	2.71							
2020/1/8	9	第三班	1200米	(80-60)	好地	草地 - "C" 賽道	7	3	印水紙(D043)	史卓豐	高伯新	123	1136	5	3-1/2	7 8 7	1:10.63	12	-	-	+ 2	B1/H2	4	跑馬地	2.71							
2020/1/8	9	第三班	1200米	(80-60)	好地	草地 - "C" 賽道	8	7	獎金大王(B433)	何澤堯	葉楚航	119	1142	12	3-3/4	2 2 8	1:10.69	22	-	-	+ 1	 	5	跑馬地	2.71							
2020/1/8	9	第三班	1200米	(80-60)	好地	草地 - "C" 賽道	9	12	夢幻仙子(V222)	楊明綸	蘇偉賢	115	1179	9	5	12 12 9	1:10.89	139	-	-	1	TT	7	跑馬地	2.71							
2020/1/8	9	第三班	1200米	(80-60)	好地	草地 - "C" 賽道	10	1	金匯昇(C010)	莫雷拉	蔡約翰	132	1094	7	6	10 9 10	1:11.05	20	-	-	1	 	4	跑馬地	2.71							
2020/1/8	9	第三班	1200米	(80-60)	好地	草地 - "C" 賽道	11	6	富萬家(V286)	巫顯東	何良	118	1087	6	6-1/2	1 1 11	1:11.11	41	-	-	1	H/TT	7	跑馬地	2.71							
2020/1/8	9	第三班	1200米	(80-60)	好地	草地 - "C" 賽道	12	9	上海大師(A337)	黃皓楠	呂健威	115	1165	10	7-1/2	9 10 12	1:11.29	131	-	-	2	 	6	跑馬地	2.71							
2020/1/11	1	第四班	1200米	(60-40)	好地	草地 - "A" 賽道	1	12	錢途燦爛(C005)	梁家俊	呂健威	118	1003	14	-	14 11 1	1:09.61	26	-	-	1	H/TT	5	沙田	2.72	49.5			748.0	214.0	158.0	
2020/1/11	1	第四班	1200米	(60-40)	好地	草地 - "A" 賽道	2	6	至尊高陞(D052)	莫雷拉	蔡約翰	126	1275	7	1-1/4	5 3 2	1:09.81	8.3	-	-	1	 	4	沙田	2.72		25.0		748.0	214.0		74.0
2020/1/11	1	第四班	1200米	(60-40)	好地	草地 - "A" 賽道	3	4	嘉應精彩(C526)	彭國年	告東尼	128	1067	4	1-3/4	7 8 3	1:09.89	8.7	-	-	1	CP1/TT	4	沙田	2.72			20.5			158.0	74.0
2020/1/11	1	第四班	1200米	(60-40)	好地	草地 - "A" 賽道	4	9	威風凜凜(D114)	田泰安	韋達	126	1220	8	1-3/4	1 1 4	1:09.89	1.8	1st Hot	-	2	XB1	4	沙田	2.72							
2020/1/11	1	第四班	1200米	(60-40)	好地	草地 - "A" 賽道	5	14	辣得真(C021)	黃皓楠	羅富全	113	1053	1	2-1/4	8 7 5	1:09.96	47	-	-	1	B/H	4	沙田	2.72							
2020/1/11	1	第四班	1200米	(60-40)	好地	草地 - "A" 賽道	6	5	前進(D162)	希威森	賀賢	126	1138	2	2-1/2	9 10 6	1:10.01	149	-	-	3	H1	3	沙田	2.72							
2020/1/11	1	第四班	1200米	(60-40)	好地	草地 - "A" 賽道	7	10	八卦(C102)	利敬國	賀賢	124	1120	3	3	4 4 7	1:10.07	5.3	2nd Hot	-	2	B/XB	4	沙田	2.72							
2020/1/11	1	第四班	1200米	(60-40)	好地	草地 - "A" 賽道	8	1	博愛友威(C152)	蘇狄雄	葉楚航	131	1083	11	3-1/2	10 9 8	1:10.18	88	-	-	+ 1	 	4	沙田	2.72							
2020/1/11	1	第四班	1200米	(60-40)	好地	草地 - "A" 賽道	9	2	精進百樂(C177)	蘇兆輝	高伯新	132	1233	13	4-3/4	6 5 9	1:10.38	18	-	-	1	B1	4	沙田	2.72							
2020/1/11	1	第四班	1200米	(60-40)	好地	草地 - "A" 賽道	10	8	是必飛飛(D121)	楊明綸	容天鵬	126	1242	6	5-1/4	11 13 10	1:10.43	165	-	-	* 2	 	3	沙田	2.72							
2020/1/11	1	第四班	1200米	(60-40)	好地	草地 - "A" 賽道	11	7	天賜寶(V401)	巫顯東	徐雨石	123	1095	9	6-1/2	3 2 11	1:10.63	68	-	-	2	H	6	沙田	2.72							
2020/1/11	1	第四班	1200米	(60-40)	好地	草地 - "A" 賽道	12	3	嘉喜旺(C421)	黎海榮	何良	129	1068	12	6-1/2	13 14 12	1:10.63	15	-	-	1	XB-/H	4	沙田	2.72							
2020/1/11	1	第四班	1200米	(60-40)	好地	草地 - "A" 賽道	13	13	麯院風荷(T112)	潘明輝	蘇偉賢	115	1070	5	7-3/4	12 12 13	1:10.83	42	-	-	1	B/XB/TT	-	沙田	2.72							
2020/1/11	1	第四班	1200米	(60-40)	好地	草地 - "A" 賽道	14	11	香江穩勝(T254)	陳嘉熙	鄭俊偉	114	1307	10	21	2 6 14	1:12.97	126	-	-	2	B/TT1	8	沙田	2.72							
2020/1/11	2	第五班	1600米	(40-0)	好地	草地 - "A" 賽道	1	4	鑽石達人(V341)	彭國年	告東尼	130	1151	10	-	1 1 1 1	1:35.86	10	-	-	+ 1	V/TT	7	沙田	2.72	27.5			117.5	51.0	192.0	
2020/1/11	2	第五班	1600米	(40-0)	好地	草地 - "A" 賽道	2	3	小福將(C096)	利敬國	沈集成	132	1065	9	1-3/4	3 4 3 2	1:36.13	2.6	1st Hot	-	+ 1	 	4	沙田	2.72		14.5		117.5	51.0		78.5
2020/1/11	2	第五班	1600米	(40-0)	好地	草地 - "A" 賽道	3	1	七寶(B314)	希威森	約翰摩亞	133	1084	3	3	8 9 10 3	1:36.29	12	-	-	1	B/TT	-	沙田	2.72			36.5			192.0	78.5
2020/1/11	2	第五班	1600米	(40-0)	好地	草地 - "A" 賽道	4	5	得意(C174)	何澤堯	葉楚航	130	1172	6	3	13 14 14 4	1:36.31	15	-	-	1	B/XB/TT	4	沙田	2.72							
2020/1/11	2	第五班	1600米	(40-0)	好地	草地 - "A" 賽道	5	10	賞心星(C251)	巴度	方嘉柏	122	1182	1	3-1/4	5 6 6 5	1:36.35	7	2nd Hot	-	1	P/TT	4	沙田	2.72							
2020/1/11	2	第五班	1600米	(40-0)	好地	草地 - "A" 賽道	6	2	金津輝煌(V400)	潘明輝	苗禮德	130	1173	12	5	2 3 5 6	1:36.65	18	-	-	+ 1	B	6	沙田	2.72							
2020/1/11	2	第五班	1600米	(40-0)	好地	草地 - "A" 賽道	7	6	太陽多多(C171)	田泰安	文家良	129	1113	11	5	14 13 8 7	1:36.66	56	-	-	* 1	B/TT	4	沙田	2.72							
2020/1/11	2	第五班	1600米	(40-0)	好地	草地 - "A" 賽道	8	12	贏歌(A334)	黃皓楠	鄭俊偉	117	1292	5	5	4 5 4 8	1:36.67	118	-	-	* 1	B2/TT	6	沙田	2.72							
2020/1/11	2	第五班	1600米	(40-0)	好地	草地 - "A" 賽道	9	13	財帥(B134)	蔡明紹	蘇保羅	113	1135	13	5-1/4	7 2 2 9	1:36.69	11	-	-	1	BO	5	沙田	2.72							
2020/1/11	2	第五班	1600米	(40-0)	好地	草地 - "A" 賽道	10	9	萬里威揚(A055)	郭能	徐雨石	123	1059	14	6-3/4	12 11 13 10	1:36.93	14	-	-	+ 1	B	7	沙田	2.72							
2020/1/11	2	第五班	1600米	(40-0)	好地	草地 - "A" 賽道	11	11	勇晉大師(B452)	楊明綸	蘇偉賢	120	1087	8	7	9 8 7 11	1:36.97	40	-	-	1	B/TT	5	沙田	2.72							
2020/1/11	2	第五班	1600米	(40-0)	好地	草地 - "A" 賽道	12	8	祥光普照(A273)	蘇狄雄	何良	121	1039	2	7-3/4	10 10 9 12	1:37.09	17	-	-	+ 1	CP	-	沙田	2.72							
2020/1/11	2	第五班	1600米	(40-0)	好地	草地 - "A" 賽道	13	14	中華主將(B298)	黎海榮	霍利時	113	1151	4	9-3/4	6 7 12 13	1:37.43	89	-	-	1	B-/H-	-	沙田	2.72							
2020/1/11	2	第五班	1600米	(40-0)	好地	草地 - "A" 賽道	14	7	依斯堅(B028)	莫雷拉	賀賢	127	1164	7	10-1/2	11 12 11 14	1:37.55	8.6	-	-	+ 1	B	5	沙田	2.72							
2020/1/11	3	第四班	1200米	(60-40)	好地	草地 - "A" 賽道	1	1	輝煌芯(D055)	巴度	韋達	133	1098	9	-	5 4 1	1:09.41	1.6	1st Hot	-	1	XB	4	沙田	2.72	12.0			139.5	65.0	35.5	
2020/1/11	3	第四班	1200米	(60-40)	好地	草地 - "A" 賽道	2	6	平海掌星(D123)	莫雷拉	蔡約翰	125	1279	13	1-1/2	11 9 2	1:09.64	21	-	-	2	 	3	沙田	2.72		51.5		139.5	65.0		313.0
2020/1/11	3	第四班	1200米	(60-40)	好地	草地 - "A" 賽道	3	13	富祿(C352)	蘇兆輝	葉楚航	116	1093	11	2	14 14 3	1:09.72	10	2nd Hot	-	2	H/XB	5	沙田	2.72			25.0			35.5	313.0
2020/1/11	3	第四班	1200米	(60-40)	好地	草地 - "A" 賽道	4	14	豹子膽(C389)	巫顯東	徐雨石	112	1140	4	2-1/2	4 3 4	1:09.79	29	-	-	1	 	3	沙田	2.72							
2020/1/11	3	第四班	1200米	(60-40)	好地	草地 - "A" 賽道	5	3	英明勇將(T348)	黃皓楠	呂健威	126	1071	3	3-1/4	9 11 5	1:09.94	19	-	-	2	H	8	沙田	2.72							
2020/1/11	3	第四班	1200米	(60-40)	好地	草地 - "A" 賽道	6	7	活力爆發(C525)	潘明輝	賀賢	123	1127	5	3-3/4	7 7 6	1:10.00	11	-	-	1	H	4	沙田	2.72							
2020/1/11	3	第四班	1200米	(60-40)	好地	草地 - "A" 賽道	7	10	戰熊三千(C457)	郭能	霍利時	122	1179	1	4	6 6 7	1:10.05	17	-	-	1	 	3	沙田	2.72							
2020/1/11	3	第四班	1200米	(60-40)	好地	草地 - "A" 賽道	8	8	遨遊千里(C363)	楊明綸	容天鵬	124	1122	10	4-1/4	1 1 8	1:10.09	51	-	-	1	TT	5	沙田	2.72							
2020/1/11	3	第四班	1200米	(60-40)	好地	草地 - "A" 賽道	9	2	星夢帝國(C407)	蘇狄雄	何良	128	1106	2	5	12 13 9	1:10.21	19	-	-	2	B1/XB1	4	沙田	2.72							
2020/1/11	3	第四班	1200米	(60-40)	好地	草地 - "A" 賽道	10	12	鐵胆威龍(C015)	彭國年	蘇偉賢	121	1161	8	5	13 12 10	1:10.22	30	-	-	* 2	CP/TT1	5	沙田	2.72							
2020/1/11	3	第四班	1200米	(60-40)	好地	草地 - "A" 賽道	11	9	鑲藍旗(C167)	梁家俊	文家良	123	1120	7	5-1/4	8 10 11	1:10.27	253	-	-	* 1	 	4	沙田	2.72							
2020/1/11	3	第四班	1200米	(60-40)	好地	草地 - "A" 賽道	12	5	祥勝寶駒(D154)	田泰安	鄭俊偉	125	1028	14	5-1/2	10 8 12	1:10.31	71	-	-	1	 	3	沙田	2.72							
2020/1/11	3	第四班	1200米	(60-40)	好地	草地 - "A" 賽道	13	4	勇敢神駒(C066)	何澤堯	告東尼	127	1075	6	13-1/4	3 2 13	1:11.54	11	-	-	2	B/TT	5	沙田	2.72							
2020/1/11	3	第四班	1200米	(60-40)	好地	草地 - "A" 賽道	14	11	海豚星(C332)	黎海榮	徐雨石	122	1136	12	15	2 5 14	1:11.82	284	-	-	3	 	3	沙田	2.72							
2020/1/11	4	第四班	1650米	(60-40)	好地	全天候跑道	1	11	南莊瑞寶(B428)	彭國年	呂健威	120	1161	9	-	12 12 11 1	1:39.35	4.7	-	-	1	B	5	沙田	2.72	17.5			390.0	115.0	124.5	
2020/1/11	4	第四班	1650米	(60-40)	好地	全天候跑道	2	7	皇龍司令(C208)	郭能	霍利時	130	1081	7	1	6 7 8 2	1:39.50	20	-	-	+ 1	B-	5	沙田	2.72		45.0		390.0	115.0		354.5
2020/1/11	4	第四班	1650米	(60-40)	好地	全天候跑道	3	13	威震天(V119)	蔡明紹	姚本輝	116	1122	5	3	1 2 1 3	1:39.83	20	-	-	+ 1	B/TT	8	沙田	2.72			50.5			124.5	354.5
2020/1/11	4	第四班	1650米	(60-40)	好地	全天候跑道	4	12	為食格格(C312)	莫雷拉	蘇偉賢	116	1247	13	3	9 9 9 4	1:39.84	4.4	2nd Hot	-	+ 1	H/TT	4	沙田	2.72							
2020/1/11	4	第四班	1650米	(60-40)	好地	全天候跑道	5	4	夢幻戰士(C280)	巫顯東	告東尼	129	1125	14	3-1/4	8 1 2 5	1:39.87	57	-	-	* 1	CP/H/TT	4	沙田	2.72							
2020/1/11	4	第四班	1650米	(60-40)	好地	全天候跑道	6	14	嘉應風采(B115)	楊明綸	容天鵬	115	1166	3	4	5 5 3 6	1:39.98	60	-	-	+ 1	V-/XB-/P1	5	沙田	2.72							
2020/1/11	4	第四班	1650米	(60-40)	好地	全天候跑道	7	1	紅粉彩影(C284)	田泰安	韋達	133	1055	4	4	10 10 10 7	1:40.00	2.5	1st Hot	-	1	XB	5	沙田	2.72							
2020/1/11	4	第四班	1650米	(60-40)	好地	全天候跑道	8	9	好腳頭(S131)	潘明輝	羅富全	121	1191	12	6-1/4	14 13 13 8	1:40.35	69	-	-	1	PC/TT	9	沙田	2.72							
2020/1/11	4	第四班	1650米	(60-40)	好地	全天候跑道	9	6	快利寶(A320)	巴度	高伯新	131	1085	11	6-1/4	11 11 12 9	1:40.36	31	-	-	+ 1	B/H/TT	6	沙田	2.72							
2020/1/11	4	第四班	1650米	(60-40)	好地	全天候跑道	10	3	好計(B432)	何澤堯	方嘉柏	133	1068	8	6-1/2	7 8 6 10	1:40.38	16	-	-	+ 1	V/XB	5	沙田	2.72							
2020/1/11	4	第四班	1650米	(60-40)	好地	全天候跑道	11	5	長友之星(B251)	陳嘉熙	何良	122	1125	6	7-3/4	2 3 4 11	1:40.59	18	-	-	+ 1	H/P	6	沙田	2.72							
2020/1/11	4	第四班	1650米	(60-40)	好地	全天候跑道	12	2	軍炮(V371)	黎海榮	葉楚航	133	1159	2	12-1/2	4 6 5 12	1:41.36	13	-	-	1	B	7	沙田	2.72							
2020/1/11	4	第四班	1650米	(60-40)	好地	全天候跑道	13	8	金地飛客(V161)	蘇狄雄	文家良	127	1237	10	12-3/4	13 14 14 13	1:41.37	91	-	-	+ 1	 	7	沙田	2.72							
2020/1/11	4	第四班	1650米	(60-40)	好地	全天候跑道	14	10	勝利紅星(D031)	希威森	蔡約翰	123	1201	1	22-3/4	3 4 7 14	1:43.00	99	-	-	* 1	B	3	沙田	2.72							
2020/1/11	5	第三班	1200米	(80-60)	好地	草地 - "A" 賽道	1	7	廣陵王(C148)	何澤堯	韋達	127	1083	14	-	14 13 1	1:09.64	3.9	1st Hot	-	1	H-/XB1/TT-	4	沙田	2.72	19.0			123.5	49.5	66.5	
2020/1/11	5	第三班	1200米	(80-60)	好地	草地 - "A" 賽道	2	3	各取所需(C474)	薛恩	約翰摩亞	131	1042	6	3/4	4 5 2	1:09.77	5.1	2nd Hot	-	+ 1	B	4	沙田	2.72		20.5		123.5	49.5		69.5
2020/1/11	5	第三班	1200米	(80-60)	好地	草地 - "A" 賽道	3	11	連利福將(B475)	田泰安	葉楚航	122	1107	11	1-1/2	2 2 3	1:09.86	8	-	-	1	 	4	沙田	2.72			25.5			66.5	69.5
2020/1/11	5	第三班	1200米	(80-60)	好地	草地 - "A" 賽道	4	1	淺草飛(C477)	梁家俊	丁冠豪	132	1146	9	1-3/4	1 1 4	1:09.93	228	-	-	1	CP1	4	沙田	2.72							
2020/1/11	5	第三班	1200米	(80-60)	好地	草地 - "A" 賽道	5	2	勇闖者(A030)	莫雷拉	蔡約翰	132	1118	2	2	6 7 5	1:09.96	6.2	-	-	+ 1	P/TT	-	沙田	2.72							
2020/1/11	5	第三班	1200米	(80-60)	好地	草地 - "A" 賽道	6	10	老實人(B200)	郭能	霍利時	125	1252	3	2-1/4	7 8 6	1:10.00	7.9	-	-	1	 	5	沙田	2.72							
2020/1/11	5	第三班	1200米	(80-60)	好地	草地 - "A" 賽道	7	5	大俠士(C373)	利敬國	沈集成	129	1142	10	3-1/2	8 6 7	1:10.19	7.6	-	-	1	H1/TT	5	沙田	2.72							
2020/1/11	5	第三班	1200米	(80-60)	好地	草地 - "A" 賽道	8	12	智愛(A010)	蔡明紹	蘇保羅	122	1202	7	3-1/2	10 10 8	1:10.20	6.3	-	-	+ 1	B	6	沙田	2.72							
2020/1/11	5	第三班	1200米	(80-60)	好地	草地 - "A" 賽道	9	4	大醇威(D150)	巴度	方嘉柏	131	1149	4	3-3/4	9 9 9	1:10.23	108	-	-	1	TT1	3	沙田	2.72							
2020/1/11	5	第三班	1200米	(80-60)	好地	草地 - "A" 賽道	10	14	真精采(C270)	巫顯東	呂健威	115	1142	8	4-3/4	13 14 10	1:10.38	232	-	-	1	H/TT	4	沙田	2.72							
2020/1/11	5	第三班	1200米	(80-60)	好地	草地 - "A" 賽道	11	6	加州銀晉(C042)	彭國年	告東尼	129	1125	13	6	11 11 11	1:10.59	51	-	-	1	H/TT	5	沙田	2.72							
2020/1/11	5	第三班	1200米	(80-60)	好地	草地 - "A" 賽道	12	8	翡翠劇院(A040)	潘明輝	文家良	125	1096	12	7	12 12 12	1:10.75	151	-	-	1	B	6	沙田	2.72							
2020/1/11	5	第三班	1200米	(80-60)	好地	草地 - "A" 賽道	13	13	英之友(A373)	楊明綸	容天鵬	121	1117	1	7-1/2	3 4 13	1:10.85	90	-	-	1	 	6	沙田	2.72							
2020/1/11	5	第三班	1200米	(80-60)	好地	草地 - "A" 賽道	14	9	嶺寶峯(B333)	黃皓楠	徐雨石	123	1061	5	7-3/4	5 3 14	1:10.89	176	-	-	1	B	6	沙田	2.72							
2020/1/11	6	第四班	1400米	(60-40)	好地	草地 - "A" 賽道	1	12	齊齊發(B356)	蔡明紹	鄭俊偉	118	1182	10	-	13 13 13 1	1:22.84	17	-	-	+ 1	B/TT	5	沙田	2.72	52.5			578.0	176.5	223.0	
2020/1/11	6	第四班	1400米	(60-40)	好地	草地 - "A" 賽道	2	14	三圓䮭路(C149)	田泰安	蘇保羅	114	1094	3	1/2	4 6 6 2	1:22.91	5.9	-	-	1	 	6	沙田	2.72		21.0		578.0	176.5		69.0
2020/1/11	6	第四班	1400米	(60-40)	好地	草地 - "A" 賽道	3	1	熱血鬥士(C360)	彭國年	告東尼	133	1113	9	1/2	3 2 2 3	1:22.93	5.6	2nd Hot	-	2	CP/TT	5	沙田	2.72			21.0			223.0	69.0
2020/1/11	6	第四班	1400米	(60-40)	好地	草地 - "A" 賽道	4	2	皇帝賽(C249)	何澤堯	丁冠豪	131	1213	13	3/4	1 1 1 4	1:22.96	4.1	1st Hot	-	+ 1	CP-/B1/TT	4	沙田	2.72							
2020/1/11	6	第四班	1400米	(60-40)	好地	草地 - "A" 賽道	5	3	深愛(A088)	陳嘉熙	葉楚航	119	1045	7	1	2 3 3 5	1:23.00	11	-	-	2	TT	6	沙田	2.72							
2020/1/11	6	第四班	1400米	(60-40)	好地	草地 - "A" 賽道	6	5	帶榮來(B197)	蘇兆輝	高伯新	128	1145	4	1-3/4	11 12 12 6	1:23.12	6.3	-	-	1	B	5	沙田	2.72							
2020/1/11	6	第四班	1400米	(60-40)	好地	草地 - "A" 賽道	7	13	好友利(C223)	利敬國	徐雨石	117	1006	12	1-3/4	6 4 5 7	1:23.12	25	-	-	+ 1	B	4	沙田	2.72							
2020/1/11	6	第四班	1400米	(60-40)	好地	草地 - "A" 賽道	8	9	甲烷(C469)	希威森	霍利時	123	1077	1	2-1/2	7 9 9 8	1:23.26	30	-	-	1	 	4	沙田	2.72							
2020/1/11	6	第四班	1400米	(60-40)	好地	草地 - "A" 賽道	9	11	明月昇輝(A324)	巴度	韋達	119	1082	8	3-1/4	10 10 10 9	1:23.36	7.8	-	-	+ 1	H	6	沙田	2.72							
2020/1/11	6	第四班	1400米	(60-40)	好地	草地 - "A" 賽道	10	10	至叻仔(D013)	梁家俊	蘇偉賢	121	1176	2	4	8 8 7 10	1:23.49	69	-	-	* 2	 	4	沙田	2.72							
2020/1/11	6	第四班	1400米	(60-40)	好地	草地 - "A" 賽道	11	7	又夠威(C467)	薛恩	沈集成	125	1093	6	4-1/4	5 5 4 11	1:23.51	46	-	-	1	TT	4	沙田	2.72							
2020/1/11	6	第四班	1400米	(60-40)	好地	草地 - "A" 賽道	12	6	龍鳳情祥(B185)	潘明輝	賀賢	124	1080	5	4-1/2	12 11 11 12	1:23.56	15	-	-	1	B	5	沙田	2.72							
2020/1/11	6	第四班	1400米	(60-40)	好地	草地 - "A" 賽道	13	8	時尚傳奇(D012)	楊明綸	容天鵬	125	1138	14	4-3/4	14 14 14 13	1:23.61	250	-	-	* 2	TT1	4	沙田	2.72							
2020/1/11	6	第四班	1400米	(60-40)	好地	草地 - "A" 賽道	14	4	連連行運(C441)	莫雷拉	蔡約翰	128	1126	11	6-1/4	9 7 8 14	1:23.85	45	-	-	* 2	P1	4	沙田	2.72							
2020/1/11	7	第四班	1400米	(60-40)	好地	草地 - "A" 賽道	1	13	金碧科(B225)	薛恩	鄭俊偉	123	1029	4	-	10 8 7 1	1:22.88	7.1	-	-	+ 2	 	5	沙田	2.72	20.0			157.0	52.5	57.0	
2020/1/11	7	第四班	1400米	(60-40)	好地	草地 - "A" 賽道	2	4	三生好運(C359)	莫雷拉	羅富全	132	1058	6	1/2	3 4 3 2	1:22.97	4.1	2nd Hot	-	1	 	5	沙田	2.72		18.0		157.0	52.5		49.0
2020/1/11	7	第四班	1400米	(60-40)	好地	草地 - "A" 賽道	3	2	綫路勇駒(A041)	彭國年	告東尼	132	1186	8	1	5 7 6 3	1:23.04	6.3	-	-	1	B/H/TT	7	沙田	2.72			23.5			57.0	49.0
2020/1/11	7	第四班	1400米	(60-40)	好地	草地 - "A" 賽道	4	7	得益良多(C353)	蘇兆輝	約翰摩亞	128	1093	14	1	4 1 1 4	1:23.04	6.9	-	-	1	CP/XB/TT	4	沙田	2.72							
2020/1/11	7	第四班	1400米	(60-40)	好地	草地 - "A" 賽道	5	11	雙節棍(C357)	何澤堯	方嘉柏	124	1024	1	1-1/2	2 3 4 5	1:23.14	32	-	-	* 1	TT	5	沙田	2.72							
2020/1/11	7	第四班	1400米	(60-40)	好地	草地 - "A" 賽道	6	9	皮具之星(C307)	楊明綸	容天鵬	126	1208	2	1-3/4	6 5 5 6	1:23.15	339	-	-	1	TT	4	沙田	2.72							
2020/1/11	7	第四班	1400米	(60-40)	好地	草地 - "A" 賽道	7	6	御風超影(C268)	巴度	丁冠豪	129	1048	9	3-1/4	9 10 9 7	1:23.38	33	-	-	+ 2	 	4	沙田	2.72							
2020/1/11	7	第四班	1400米	(60-40)	好地	草地 - "A" 賽道	8	1	王者奇兵(C130)	梁家俊	姚本輝	133	1159	5	3-1/4	7 6 8 8	1:23.41	16	-	-	1	 	4	沙田	2.72							
2020/1/11	7	第四班	1400米	(60-40)	好地	草地 - "A" 賽道	9	14	君子精神(V274)	蘇狄雄	蘇偉賢	112	994	3	3-1/2	12 13 10 9	1:23.43	245	-	-	+ 1	 	7	沙田	2.72							
2020/1/11	7	第四班	1400米	(60-40)	好地	草地 - "A" 賽道	10	10	首飾傳奇(D032)	利敬國	蔡約翰	124	1159	12	4	1 2 2 10	1:23.53	20	-	-	1	B	4	沙田	2.72							
2020/1/11	7	第四班	1400米	(60-40)	好地	草地 - "A" 賽道	11	8	東方雷(C500)	黎海榮	何良	126	1064	7	4	8 9 11 11	1:23.53	257	-	-	1	H/TT	4	沙田	2.72							
2020/1/11	7	第四班	1400米	(60-40)	好地	草地 - "A" 賽道	12	5	量化歡騰(D049)	田泰安	韋達	132	1138	10	4-3/4	11 12 13 12	1:23.65	3.6	1st Hot	-	2	XB	4	沙田	2.72							
2020/1/11	7	第四班	1400米	(60-40)	好地	草地 - "A" 賽道	13	12	任意駒(C047)	潘明輝	徐雨石	122	1107	13	8-1/2	14 14 14 13	1:24.25	270	-	-	* 2	B-	4	沙田	2.72							
2020/1/11	7	第四班	1400米	(60-40)	好地	草地 - "A" 賽道	14	3	正時機(C161)	郭能	葉楚航	132	1251	11	9	13 11 12 14	1:24.33	14	-	-	+ 1	B/TT1	5	沙田	2.72							
2020/1/11	8	第三班	1650米	(80-60)	好地	全天候跑道	1	2	滿冠熊(C143)	莫雷拉	霍利時	132	1015	5	-	5 5 5 1	1:38.55	3.6	2nd Hot	-	+ 1	 	5	沙田	2.72	16.0			59.5	30.0	42.5	
2020/1/11	8	第三班	1650米	(80-60)	好地	全天候跑道	2	9	大道至正(C197)	巴度	鄭俊偉	122	1150	2	1-1/4	4 4 2 2	1:38.76	3.1	1st Hot	-	1	XB	5	沙田	2.72		15.5		59.5	30.0		40.0
2020/1/11	8	第三班	1650米	(80-60)	好地	全天候跑道	3	6	好鬥心(C443)	何澤堯	呂健威	128	1086	9	1-1/4	9 9 9 3	1:38.76	4.8	-	-	+ 1	H/CP1/TT	5	沙田	2.72			18.0			42.5	40.0
2020/1/11	8	第三班	1650米	(80-60)	好地	全天候跑道	4	8	安賦(B353)	蘇兆輝	方嘉柏	123	1088	11	3-1/4	12 11 8 4	1:39.06	14	-	-	1	V	6	沙田	2.72							
2020/1/11	8	第三班	1650米	(80-60)	好地	全天候跑道	5	7	和平路(B161)	薛恩	容天鵬	128	1133	12	3-1/2	14 14 12 5	1:39.10	26	-	-	+ 1	H/XB/TT	6	沙田	2.72							
2020/1/11	8	第三班	1650米	(80-60)	好地	全天候跑道	6	13	榮冠大道(V378)	潘明輝	葉楚航	117	1153	13	4	10 10 10 6	1:39.17	113	-	-	* 1	V	7	沙田	2.72							
2020/1/11	8	第三班	1650米	(80-60)	好地	全天候跑道	7	4	悅裕(B189)	彭國年	告東尼	132	1172	14	4	13 13 13 7	1:39.19	11	-	-	+ 1	PC/TT	5	沙田	2.72							
2020/1/11	8	第三班	1650米	(80-60)	好地	全天候跑道	8	12	翡翠福星(V020)	梁家俊	文家良	121	1123	4	4	6 6 6 8	1:39.20	26	-	-	+ 1	B	7	沙田	2.72							
2020/1/11	8	第三班	1650米	(80-60)	好地	全天候跑道	9	1	安喜(V338)	陳嘉熙	約翰摩亞	123	1098	10	6-1/2	3 1 1 9	1:39.57	26	-	-	1	PC/TT	-	沙田	2.72							
2020/1/11	8	第三班	1650米	(80-60)	好地	全天候跑道	10	3	酷比哥(C192)	田泰安	羅富全	132	1053	8	10-1/2	7 7 7 10	1:40.24	16	-	-	+ 1	CP-/B1/TT	4	沙田	2.72							
2020/1/11	8	第三班	1650米	(80-60)	好地	全天候跑道	11	11	旋里多彩(B469)	黃皓楠	徐雨石	118	1061	7	12-1/4	2 2 4 11	1:40.51	33	-	-	* 1	B-/H	4	沙田	2.72							
2020/1/11	8	第三班	1650米	(80-60)	好地	全天候跑道	12	10	赤火神龍(A350)	蘇狄雄	賀賢	120	1104	1	12-3/4	8 8 11 12	1:40.59	333	-	-	1	B	6	沙田	2.72							
2020/1/11	8	第三班	1650米	(80-60)	好地	全天候跑道	13	5	興爾(B203)	希威森	韋達	131	1045	6	14	1 3 3 13	1:40.77	24	-	-	1	P/XB	-	沙田	2.72							
2020/1/11	8	第三班	1650米	(80-60)	好地	全天候跑道	14	14	大步走(V336)	巫顯東	何良	114	1163	3	17-1/4	11 12 14 14	1:41.29	197	-	-	1	V-/H/B2	-	沙田	2.72							
2020/1/11	9	第三班	1400米	(80-60)	好地	草地 - "A" 賽道	1	1	超新星(B380)	蘇兆輝	苗禮德	133	1073	9	-	8 8 9 1	1:21.90	4.9	2nd Hot	-	+ 1	 	5	沙田	2.72	17.0			1387.0	409.5	86.5	
2020/1/11	9	第三班	1400米	(80-60)	好地	草地 - "A" 賽道	2	10	財富超影(C392)	蘇狄雄	蘇保羅	116	1095	3	1/2	11 11 10 2	1:21.99	70	-	-	+ 1	B	4	沙田	2.72		124.5		1387.0	409.5		776.0
2020/1/11	9	第三班	1400米	(80-60)	好地	草地 - "A" 賽道	3	6	閃得快(D061)	田泰安	韋達	125	1185	5	1	5 5 5 3	1:22.05	9.2	-	-	+ 1	CP1	4	沙田	2.72			32.5			86.5	776.0
2020/1/11	9	第三班	1400米	(80-60)	好地	草地 - "A" 賽道	4	14	關鍵時機(C159)	巫顯東	方嘉柏	112	1127	10	1-1/2	13 14 14 4	1:22.13	36	-	-	* 1	 	5	沙田	2.72							
2020/1/11	9	第三班	1400米	(80-60)	好地	草地 - "A" 賽道	5	5	紀利雄星(C041)	彭國年	沈集成	126	1252	11	1-3/4	1 1 1 5	1:22.18	5.6	-	-	1	B	4	沙田	2.72							
2020/1/11	9	第三班	1400米	(80-60)	好地	草地 - "A" 賽道	6	11	獨角寶寶(C203)	潘明輝	高伯新	116	1126	6	2	10 10 11 6	1:22.21	11	-	-	+ 1	B/TT	5	沙田	2.72							
2020/1/11	9	第三班	1400米	(80-60)	好地	草地 - "A" 賽道	7	13	天生一對(C027)	梁家俊	蘇偉賢	116	1083	1	2-3/4	4 4 4 7	1:22.35	23	-	-	1	CP	5	沙田	2.72							
2020/1/11	9	第三班	1400米	(80-60)	好地	草地 - "A" 賽道	8	3	威闖(D168)	郭能	約翰摩亞	129	1070	7	3	6 6 8 8	1:22.37	7.7	-	-	+ 1	XB1	4	沙田	2.72							
2020/1/11	9	第三班	1400米	(80-60)	好地	草地 - "A" 賽道	9	12	奇真(T093)	希威森	霍利時	116	1132	14	3	14 12 12 9	1:22.39	79	-	-	1	 	9	沙田	2.72							
2020/1/11	9	第三班	1400米	(80-60)	好地	草地 - "A" 賽道	10	8	駿飛揚(D109)	薛恩	賀賢	123	1272	4	3-1/2	7 7 7 10	1:22.46	18	-	-	+ 1	 	4	沙田	2.72							
2020/1/11	9	第三班	1400米	(80-60)	好地	草地 - "A" 賽道	11	4	以戰養戰(D024)	莫雷拉	羅富全	128	1144	8	4	2 3 3 11	1:22.53	3.6	1st Hot	-	+ 1	CP	4	沙田	2.72							
2020/1/11	9	第三班	1400米	(80-60)	好地	草地 - "A" 賽道	12	7	神舟寶駒(C269)	黃皓楠	徐雨石	120	1200	13	4-3/4	12 13 13 12	1:22.66	330	-	-	1	TT	6	沙田	2.72							
2020/1/11	9	第三班	1400米	(80-60)	好地	草地 - "A" 賽道	13	9	歡樂小子(S235)	黎海榮	文家良	122	1278	12	5-1/4	9 9 6 13	1:22.74	16	-	-	1	V	9	沙田	2.72							
2020/1/11	9	第三班	1400米	(80-60)	好地	草地 - "A" 賽道	14	2	疾風勁草(D197)	巴度	蔡約翰	132	1087	2	5-1/2	3 2 2 14	1:22.76	89	-	-	1	 	4	沙田	2.72							
2020/1/11	10	第二班	1600米	(100-80)	好地	草地 - "A" 賽道	1	6	友誼至好(C050)	何澤堯	姚本輝	123	1012	1	-	6 6 6 1	1:33.94	3.6	1st Hot	-	+ 1	XB	5	沙田	2.72	15.0			143.5	50.5	90.0	
2020/1/11	10	第二班	1600米	(100-80)	好地	草地 - "A" 賽道	2	13	時時有餘(C465)	莫雷拉	方嘉柏	119	1052	3	3/4	9 8 8 2	1:34.04	7.1	-	-	+ 1	H/XB1	4	沙田	2.72		24.0		143.5	50.5		196.0
2020/1/11	10	第二班	1600米	(100-80)	好地	草地 - "A" 賽道	3	11	蟲草之星(B070)	蔡明紹	呂健威	120	1195	12	1-1/2	4 2 1 3	1:34.17	17	-	-	+ 1	B	5	沙田	2.72			38.0			90.0	196.0
2020/1/11	10	第二班	1600米	(100-80)	好地	草地 - "A" 賽道	4	5	四通八達(C024)	蘇兆輝	蔡約翰	126	1048	11	2	11 12 13 4	1:34.25	3.6	2nd Hot	-	+ 1	P	5	沙田	2.72							
2020/1/11	10	第二班	1600米	(100-80)	好地	草地 - "A" 賽道	5	7	繽紛遊戲(C013)	陳嘉熙	羅富全	113	1067	2	2-1/2	3 3 3 5	1:34.32	97	-	-	3	B	5	沙田	2.72							
2020/1/11	10	第二班	1600米	(100-80)	好地	草地 - "A" 賽道	6	8	勇猛神駒(C462)	巴度	沈集成	122	1117	8	2-1/2	12 11 9 6	1:34.33	39	-	-	+ 1	XB/TT	4	沙田	2.72							
2020/1/11	10	第二班	1600米	(100-80)	好地	草地 - "A" 賽道	7	3	志同道合(B287)	潘明輝	蔡約翰	127	1137	9	3-1/4	1 1 2 7	1:34.47	51	-	-	2	SR	5	沙田	2.72							
2020/1/11	10	第二班	1600米	(100-80)	好地	草地 - "A" 賽道	8	1	喜蓮彩星(A129)	薛恩	約翰摩亞	133	1112	10	3-1/2	14 13 11 8	1:34.49	129	-	-	1	B/TT	7	沙田	2.72							
2020/1/11	10	第二班	1600米	(100-80)	好地	草地 - "A" 賽道	9	10	健快聯盟(C135)	田泰安	蘇保羅	120	1168	4	3-3/4	5 7 7 9	1:34.53	5.9	-	-	1	 	5	沙田	2.72							
2020/1/11	10	第二班	1600米	(100-80)	好地	草地 - "A" 賽道	10	2	孖寶兄弟(D127)	彭國年	告東尼	131	1001	6	4-1/2	2 4 4 10	1:34.66	5.4	-	-	1	TT	4	沙田	2.72							
2020/1/11	10	第二班	1600米	(100-80)	好地	草地 - "A" 賽道	11	9	好運多贏(B257)	楊明綸	羅富全	121	1129	14	4-1/2	13 14 14 11	1:34.67	103	-	-	1	SR/TT	5	沙田	2.72							
2020/1/11	10	第二班	1600米	(100-80)	好地	草地 - "A" 賽道	12	14	軍民歡(B208)	希威森	韋達	118	1055	5	5	10 10 12 12	1:34.75	55	-	-	1	B	6	沙田	2.72							
2020/1/11	10	第二班	1600米	(100-80)	好地	草地 - "A" 賽道	13	12	電路二號(B387)	巫顯東	告東尼	116	1036	13	8-1/4	8 5 5 13	1:35.27	153	-	-	2	B/H/TT	-	沙田	2.72							
2020/1/11	10	第二班	1600米	(100-80)	好地	草地 - "A" 賽道	14	4	勁無比(B034)	利敬國	羅富全	128	1112	7	15	7 9 10 14	1:36.33	58	-	-	2	V	5	沙田	2.72							
2020/1/15	1	第五班	1000米	(40-0)	好地	草地 - "C+3" 賽道	1	8	幸運飛駒(A092)	蔡明紹	文家良	127	1115	4	-	5 4 1	0:57.67	4.5	2nd Hot	-	+ 1	TT	8	跑馬地	2.71	15.0			443.5	146.0	51.5	
2020/1/15	1	第五班	1000米	(40-0)	好地	草地 - "C+3" 賽道	2	6	勁飛聖(T361)	巴度	容天鵬	129	1087	8	頸位	4 5 2	0:57.73	18	-	-	* 1	TT	7	跑馬地	2.71		49.5		443.5	146.0		168.5
2020/1/15	1	第五班	1000米	(40-0)	好地	草地 - "C+3" 賽道	3	9	皇家魅力(A356)	田泰安	蘇偉賢	127	1157	2	1/2	6 6 3	0:57.75	7.4	-	-	+ 1	SR-/B1/TT	6	跑馬地	2.71			23.5			51.5	168.5
2020/1/15	1	第五班	1000米	(40-0)	好地	草地 - "C+3" 賽道	4	5	八進(B263)	潘明輝	賀賢	127	1053	9	3/4	10 11 4	0:57.80	14	-	-	+ 1	B	5	跑馬地	2.71							
2020/1/15	1	第五班	1000米	(40-0)	好地	草地 - "C+3" 賽道	5	7	幸運大兄(A423)	郭能	蘇保羅	128	1047	5	1	2 2 5	0:57.83	3.6	1st Hot	-	+ 1	B/TT	5	跑馬地	2.71							
2020/1/15	1	第五班	1000米	(40-0)	好地	草地 - "C+3" 賽道	6	10	漸信龍駒(C017)	陳嘉熙	葉楚航	116	1045	6	1-1/2	9 8 6	0:57.90	25	-	-	* 1	B/XB/TT	5	跑馬地	2.71							
2020/1/15	1	第五班	1000米	(40-0)	好地	草地 - "C+3" 賽道	7	4	自由旺(A209)	薛恩	方嘉柏	131	1136	11	1-3/4	1 1 7	0:57.95	8.4	-	-	+ 1	B-/H/XB	-	跑馬地	2.71							
2020/1/15	1	第五班	1000米	(40-0)	好地	草地 - "C+3" 賽道	8	12	不忘初心(B231)	黃皓楠	徐雨石	112	1060	7	2-1/2	7 10 8	0:58.08	27	-	-	1	 	5	跑馬地	2.71							
2020/1/15	1	第五班	1000米	(40-0)	好地	草地 - "C+3" 賽道	9	1	黃金元帥(A346)	巫顯東	丁冠豪	130	1194	10	2-3/4	12 12 9	0:58.11	74	-	-	1	CP1	6	跑馬地	2.71							
2020/1/15	1	第五班	1000米	(40-0)	好地	草地 - "C+3" 賽道	10	3	萬事欣(T129)	黎海榮	何良	131	1192	1	3	3 3 10	0:58.15	7.3	-	-	1	B/TT-	8	跑馬地	2.71							
2020/1/15	1	第五班	1000米	(40-0)	好地	草地 - "C+3" 賽道	11	11	勁皇子(V143)	莫雷拉	蔡約翰	115	1125	12	4-1/2	8 7 11	0:58.37	11	-	-	+ 1	P/TT	7	跑馬地	2.71							
2020/1/15	1	第五班	1000米	(40-0)	好地	草地 - "C+3" 賽道	12	2	心所欲(B017)	希威森	苗禮德	133	1080	3	5-1/4	11 9 12	0:58.49	38	-	-	+ 1	XB/TT	6	跑馬地	2.71							
2020/1/15	2	第四班	1200米	(60-40)	好地	草地 - "C+3" 賽道	1	12	勇冠多(V376)	潘明輝	丁冠豪	115	1103	1	-	3 3 1	1:09.61	3.7	1st Hot	-	1	SR	6	跑馬地	2.71	16.5			141.5	51.5	118.0	
2020/1/15	2	第四班	1200米	(60-40)	好地	草地 - "C+3" 賽道	2	11	大運舞台(T256)	利敬國	鄭俊偉	120	1107	5	1-1/4	7 7 2	1:09.82	7.3	-	-	* 1	B	9	跑馬地	2.71		19.0		141.5	51.5		156.0
2020/1/15	2	第四班	1200米	(60-40)	好地	草地 - "C+3" 賽道	3	6	美妙星(A202)	梁家俊	容天鵬	127	1083	10	2-1/2	11 10 3	1:10.00	16	-	-	+ 1	TT	6	跑馬地	2.71			49.0			118.0	156.0
2020/1/15	2	第四班	1200米	(60-40)	好地	草地 - "C+3" 賽道	4	2	大聚會(V293)	郭能	高伯新	132	1084	4	2-1/2	4 5 4	1:10.01	11	-	-	2	CP	7	跑馬地	2.71							
2020/1/15	2	第四班	1200米	(60-40)	好地	草地 - "C+3" 賽道	5	7	友享友賞(A142)	彭國年	蘇偉賢	123	1193	12	2-1/2	2 2 5	1:10.02	6.8	-	-	1	B	6	跑馬地	2.71							
2020/1/15	2	第四班	1200米	(60-40)	好地	草地 - "C+3" 賽道	6	3	精彩飛動(B095)	何澤堯	方嘉柏	131	1024	2	4	9 8 6	1:10.23	9.3	-	-	2	H/TT	6	跑馬地	2.71							
2020/1/15	2	第四班	1200米	(60-40)	好地	草地 - "C+3" 賽道	7	9	隨我來(B300)	蔡明紹	姚本輝	122	1035	3	4	5 6 7	1:10.24	5.4	2nd Hot	-	+ 1	TT	5	跑馬地	2.71							
2020/1/15	2	第四班	1200米	(60-40)	好地	草地 - "C+3" 賽道	8	5	愛凡達(C187)	黃皓楠	徐雨石	126	1141	11	4	12 12 8	1:10.25	91	-	-	2	 	4	跑馬地	2.71							
2020/1/15	2	第四班	1200米	(60-40)	好地	草地 - "C+3" 賽道	9	8	旋風腿(B002)	莫雷拉	蔡約翰	123	1127	8	4-1/2	6 4 9	1:10.35	6.4	-	-	1	PC	-	跑馬地	2.71							
2020/1/15	2	第四班	1200米	(60-40)	好地	草地 - "C+3" 賽道	10	1	韋先生(C543)	希威森	韋達	133	1067	9	5-1/2	1 1 10	1:10.48	93	-	-	+ 1	B	-	跑馬地	2.71							
2020/1/15	2	第四班	1200米	(60-40)	好地	草地 - "C+3" 賽道	11	4	皇圖(C123)	黎海榮	葉楚航	130	1105	6	6-1/4	8 9 11	1:10.61	67	-	-	3	B	5	跑馬地	2.71							
2020/1/15	2	第四班	1200米	(60-40)	好地	草地 - "C+3" 賽道	12	10	榮彩大道(C340)	田泰安	葉楚航	121	1157	7	8-3/4	10 11 12	1:11.03	34	-	-	+ * 1	 	3	跑馬地	2.71							
2020/1/15	3	第四班	1000米	(60-40)	好地	草地 - "C+3" 賽道	1	12	開心好友(B466)	蘇兆輝	姚本輝	117	1117	11	-	2 2 1	0:56.87	7.8	-	-	+ 1	B	4	跑馬地	2.71	23.0			280.0	76.5	145.0	
2020/1/15	3	第四班	1000米	(60-40)	好地	草地 - "C+3" 賽道	2	9	奇妙日(B332)	薛恩	沈集成	121	1206	12	2-1/4	10 8 2	0:57.25	9.4	-	-	+ 1	H/TT	6	跑馬地	2.71		29.0		280.0	76.5		236.0
2020/1/15	3	第四班	1000米	(60-40)	好地	草地 - "C+3" 賽道	3	11	超額認購(C361)	潘明輝	賀賢	116	1129	5	2-1/2	7 6 3	0:57.28	13	-	-	+ 1	H/XB	4	跑馬地	2.71			40.5			145.0	236.0
2020/1/15	3	第四班	1000米	(60-40)	好地	草地 - "C+3" 賽道	4	4	如真如假(C222)	希威森	方嘉柏	131	1128	8	3-3/4	6 3 4	0:57.47	12	-	-	* 1	TT	4	跑馬地	2.71							
2020/1/15	3	第四班	1000米	(60-40)	好地	草地 - "C+3" 賽道	5	2	無價寶(B254)	楊明綸	何良	133	1148	3	4-1/4	11 9 5	0:57.55	15	-	-	+ 1	H/TT	5	跑馬地	2.71							
2020/1/15	3	第四班	1000米	(60-40)	好地	草地 - "C+3" 賽道	6	10	爪皇轟天(A291)	巴度	霍利時	118	1119	2	4-1/2	5 7 6	0:57.60	4.8	2nd Hot	-	+ 1	B/TT	6	跑馬地	2.71							
2020/1/15	3	第四班	1000米	(60-40)	好地	草地 - "C+3" 賽道	7	8	神期大帝(D107)	田泰安	告東尼	123	1077	1	6	8 11 7	0:57.83	32	-	-	+ 1	H/TT	3	跑馬地	2.71							
2020/1/15	3	第四班	1000米	(60-40)	好地	草地 - "C+3" 賽道	8	5	紅鬃烈馬(D087)	莫雷拉	葉楚航	125	1049	4	6-1/2	3 4 8	0:57.93	2.9	1st Hot	-	* 1	 	3	跑馬地	2.71							
2020/1/15	3	第四班	1000米	(60-40)	好地	草地 - "C+3" 賽道	9	6	南區寶(D149)	郭能	約翰摩亞	125	1120	6	6-3/4	4 5 9	0:57.94	74	-	-	* 1	B/TT1	3	跑馬地	2.71							
2020/1/15	3	第四班	1000米	(60-40)	好地	草地 - "C+3" 賽道	10	1	公証揚鳴(V078)	黃皓楠	鄭俊偉	130	1159	10	6-3/4	12 12 10	0:57.94	88	-	-	* 1	B	-	跑馬地	2.71							
2020/1/15	3	第四班	1000米	(60-40)	好地	草地 - "C+3" 賽道	11	3	清福(A364)	何澤堯	文家良	131	1214	9	6-3/4	9 10 11	0:57.95	12	-	-	* 1	 	6	跑馬地	2.71							
2020/1/15	3	第四班	1000米	(60-40)	好地	草地 - "C+3" 賽道	12	7	阿凡達(V123)	陳嘉熙	徐雨石	114	1095	7	8-1/4	1 1 12	0:58.20	13	-	-	+ 1	B/XB1/TT2	7	跑馬地	2.71							
2020/1/15	4	第四班	1650米	(60-40)	好地	草地 - "C+3" 賽道	1	5	藍海策略(A411)	潘明輝	葉楚航	126	1068	1	-	4 3 3 1	1:39.30	8.4	-	-	* 1	B	6	跑馬地	2.71	30.0			194.5	69.5	105.0	
2020/1/15	4	第四班	1650米	(60-40)	好地	草地 - "C+3" 賽道	2	2	鴻圖巨星(C163)	莫雷拉	羅富全	133	1060	11	頸位	6 5 6 2	1:39.37	4	1st Hot	-	+ 1	H	5	跑馬地	2.71		18.0		194.5	69.5		65.5
2020/1/15	4	第四班	1650米	(60-40)	好地	草地 - "C+3" 賽道	3	11	飛雲騅(B274)	蔡明紹	方嘉柏	119	1112	2	1/2	2 2 1 3	1:39.39	7.3	-	-	* 1	TT	5	跑馬地	2.71			24.5			105.0	65.5
2020/1/15	4	第四班	1650米	(60-40)	好地	草地 - "C+3" 賽道	4	7	新界之星(A081)	黎海榮	姚本輝	123	1053	5	3-1/4	5 6 7 4	1:39.83	27	-	-	* 1	 	6	跑馬地	2.71							
2020/1/15	4	第四班	1650米	(60-40)	好地	草地 - "C+3" 賽道	5	3	靚紫荊(A135)	田泰安	徐雨石	131	1048	9	4	10 11 10 5	1:39.93	8.8	-	-	+ 1	B	7	跑馬地	2.71							
2020/1/15	4	第四班	1650米	(60-40)	好地	草地 - "C+3" 賽道	6	1	騰龍超影(T372)	蘇兆輝	蘇保羅	133	1153	10	4-1/4	9 9 11 6	1:39.99	27	-	-	1	V/TT	8	跑馬地	2.71							
2020/1/15	4	第四班	1650米	(60-40)	好地	草地 - "C+3" 賽道	7	9	管之星(B006)	巴度	呂健威	122	1106	3	4-1/2	11 10 5 7	1:40.04	4.3	2nd Hot	-	+ 1	B/TT	6	跑馬地	2.71							
2020/1/15	4	第四班	1650米	(60-40)	好地	草地 - "C+3" 賽道	8	4	永益善(B003)	彭國年	沈集成	128	1102	4	4-3/4	7 8 8 8	1:40.06	7.2	-	-	+ 1	B	6	跑馬地	2.71							
2020/1/15	4	第四班	1650米	(60-40)	好地	草地 - "C+3" 賽道	9	8	劍聶風(A201)	利敬國	鄭俊偉	123	1074	7	4-3/4	3 4 4 9	1:40.08	10	-	-	* 1	B	6	跑馬地	2.71							
2020/1/15	4	第四班	1650米	(60-40)	好地	草地 - "C+3" 賽道	10	6	普仁(D006)	楊明綸	容天鵬	125	1040	12	5-1/2	12 12 12 10	1:40.20	98	-	-	* 1	P1	4	跑馬地	2.71							
2020/1/15	4	第四班	1650米	(60-40)	好地	草地 - "C+3" 賽道	11	10	快閃的(A189)	陳嘉熙	霍利時	111	1052	8	7	1 1 2 11	1:40.40	24	-	-	* 1	B/TT	6	跑馬地	2.71							
2020/1/15	4	第四班	1650米	(60-40)	好地	草地 - "C+3" 賽道	12	12	環保時代(C355)	蘇狄雄	賀賢	111	1064	6	7-1/4	8 7 9 12	1:40.45	253	-	-	* 1	B	5	跑馬地	2.71							
2020/1/15	5	第三班	1650米	(80-60)	好地	草地 - "C+3" 賽道	1	5	活力名駒(B260)	蘇兆輝	丁冠豪	124	1040	2	-	1 1 1 1	1:39.31	4.8	-	-	* 2	XB-/H2/TT	-	跑馬地	2.71	19.0			268.5	87.5	29.5	
2020/1/15	5	第三班	1650米	(80-60)	好地	草地 - "C+3" 賽道	2	10	龍船(V186)	利敬國	鄭俊偉	119	1092	9	頸位	10 10 10 2	1:39.35	14	-	-	+ 1	TT	7	跑馬地	2.71		25.0		268.5	87.5		59.0
2020/1/15	5	第三班	1650米	(80-60)	好地	草地 - "C+3" 賽道	3	7	超趣(C285)	田泰安	霍利時	123	1092	3	1/2	6 5 5 3	1:39.41	2.7	1st Hot	-	2	H	5	跑馬地	2.71			12.5			29.5	59.0
2020/1/15	5	第三班	1650米	(80-60)	好地	草地 - "C+3" 賽道	4	2	南莊加寶(B048)	楊明綸	徐雨石	132	1078	5	2	8 8 8 4	1:39.61	10	-	-	1	 	6	跑馬地	2.71							
2020/1/15	5	第三班	1650米	(80-60)	好地	草地 - "C+3" 賽道	5	8	機臣(D041)	薛恩	約翰摩亞	122	1109	8	2-3/4	9 9 9 5	1:39.74	48	-	-	* 2	B/XB	4	跑馬地	2.71							
2020/1/15	5	第三班	1650米	(80-60)	好地	草地 - "C+3" 賽道	6	9	傳奇(V357)	何澤堯	呂健威	120	1146	4	3-1/4	5 6 6 6	1:39.81	15	-	-	1	B/TT	7	跑馬地	2.71							
2020/1/15	5	第三班	1650米	(80-60)	好地	草地 - "C+3" 賽道	7	3	紅旗星將(A049)	梁家俊	蘇保羅	128	1196	1	3-1/4	3 3 3 7	1:39.83	11	-	-	1	B	6	跑馬地	2.71							
2020/1/15	5	第三班	1650米	(80-60)	好地	草地 - "C+3" 賽道	8	11	中華之光(A168)	蘇狄雄	葉楚航	113	1099	11	3-3/4	11 11 11 8	1:39.92	116	-	-	+ 1	TT	6	跑馬地	2.71							
2020/1/15	5	第三班	1650米	(80-60)	好地	草地 - "C+3" 賽道	9	4	西利哥(D128)	巴度	羅富全	128	1107	6	4-3/4	7 7 7 9	1:40.08	36	-	-	2	 	4	跑馬地	2.71							
2020/1/15	5	第三班	1650米	(80-60)	好地	草地 - "C+3" 賽道	10	6	智力寶(B311)	莫雷拉	蔡約翰	123	1190	10	6-1/2	2 2 2 10	1:40.33	4.4	2nd Hot	-	1	 	5	跑馬地	2.71							
2020/1/15	5	第三班	1650米	(80-60)	好地	草地 - "C+3" 賽道	11	1	贏得精綵(C114)	郭能	高伯新	133	1130	7	9-1/4	4 4 4 11	1:40.80	24	-	-	1	CP1/TT-	-	跑馬地	2.71							
2020/1/15	6	第四班	1200米	(60-40)	好地	草地 - "C+3" 賽道	1	4	勝利在手(C103)	田泰安	呂健威	129	1084	9	-	2 2 1	1:09.46	2.7	1st Hot	-	+ 1	TT	4	跑馬地	2.71	14.5			75.5	32.0	47.5	
2020/1/15	6	第四班	1200米	(60-40)	好地	草地 - "C+3" 賽道	2	5	孖寶(C239)	蔡明紹	蘇保羅	128	1216	4	1-1/4	4 4 2	1:09.65	5.4	2nd Hot	-	+ 1	XB	4	跑馬地	2.71		17.5		75.5	32.0		95.0
2020/1/15	6	第四班	1200米	(60-40)	好地	草地 - "C+3" 賽道	3	1	同盟力量(C036)	陳嘉熙	姚本輝	123	1242	8	2-3/4	1 1 3	1:09.90	7.7	-	-	2	B	4	跑馬地	2.71			26.0			47.5	95.0
2020/1/15	6	第四班	1200米	(60-40)	好地	草地 - "C+3" 賽道	4	11	好友無敵(A217)	黎海榮	文家良	116	1069	12	2-3/4	10 9 4	1:09.90	40	-	-	+ 1	B	6	跑馬地	2.71							
2020/1/15	6	第四班	1200米	(60-40)	好地	草地 - "C+3" 賽道	5	2	步履娛飛(C289)	彭國年	告東尼	131	1194	10	3	12 12 5	1:09.93	7.2	-	-	1	CP	5	跑馬地	2.71							
2020/1/15	6	第四班	1200米	(60-40)	好地	草地 - "C+3" 賽道	6	7	過河勁卒(C381)	莫雷拉	蔡約翰	125	1030	11	3-1/2	6 5 6	1:10.01	10	-	-	2	 	3	跑馬地	2.71							
2020/1/15	6	第四班	1200米	(60-40)	好地	草地 - "C+3" 賽道	7	8	旅遊拿督(V235)	蘇兆輝	高伯新	123	1100	6	3-3/4	9 10 7	1:10.05	14	-	-	+ 1	B	7	跑馬地	2.71							
2020/1/15	6	第四班	1200米	(60-40)	好地	草地 - "C+3" 賽道	8	12	旺旺寶駒(C418)	蘇狄雄	何良	113	1046	3	3-3/4	11 11 8	1:10.05	227	-	-	1	H/P	4	跑馬地	2.71							
2020/1/15	6	第四班	1200米	(60-40)	好地	草地 - "C+3" 賽道	9	6	運才(A251)	巴度	方嘉柏	125	1215	1	4-1/4	8 7 9	1:10.14	10	-	-	* 1	H/XB	6	跑馬地	2.71							
2020/1/15	6	第四班	1200米	(60-40)	好地	草地 - "C+3" 賽道	10	10	太陽戰馬(C212)	黃皓楠	徐雨石	117	1183	5	4-1/4	7 8 10	1:10.15	17	-	-	1	B	5	跑馬地	2.71							
2020/1/15	6	第四班	1200米	(60-40)	好地	草地 - "C+3" 賽道	11	3	赤水神駒(V364)	巫顯東	葉楚航	127	1177	2	4-3/4	5 6 11	1:10.22	24	-	-	2	B2	6	跑馬地	2.71							
2020/1/15	6	第四班	1200米	(60-40)	好地	草地 - "C+3" 賽道	12	9	君悅灣(P421)	利敬國	鄭俊偉	121	1243	7	4-3/4	3 3 12	1:10.24	74	-	-	* 2	H/TT	9	跑馬地	2.71							
2020/1/15	7	第三班	1650米	(80-60)	好地	草地 - "C+3" 賽道	1	7	太陽威威(C111)	利敬國	羅富全	123	1027	6	-	2 2 2 1	1:38.61	4.8	2nd Hot	-	+ 1	 	4	跑馬地	2.71	15.5			965.0	269.0	24.5	
2020/1/15	7	第三班	1650米	(80-60)	好地	草地 - "C+3" 賽道	2	1	玖寶(D056)	希威森	約翰摩亞	133	1091	7	頸位	7 6 7 2	1:38.67	43	-	-	+ 1	TT	4	跑馬地	2.71		72.0		965.0	269.0		122.0
2020/1/15	7	第三班	1650米	(80-60)	好地	草地 - "C+3" 賽道	3	5	又係熊(C301)	巴度	霍利時	126	1057	1	2-1/2	1 1 1 3	1:39.00	1.8	1st Hot	-	1	SR	5	跑馬地	2.71			12.0			24.5	122.0
2020/1/15	7	第三班	1650米	(80-60)	好地	草地 - "C+3" 賽道	4	11	金如意(A172)	梁家俊	蘇保羅	115	1080	8	2-1/2	10 10 9 4	1:39.02	23	-	-	* 2	 	7	跑馬地	2.71							
2020/1/15	7	第三班	1650米	(80-60)	好地	草地 - "C+3" 賽道	5	6	蒙古傳奇(B317)	黎海榮	徐雨石	123	1160	3	2-3/4	3 3 4 5	1:39.04	54	-	-	2	 	6	跑馬地	2.71							
2020/1/15	7	第三班	1650米	(80-60)	好地	草地 - "C+3" 賽道	6	2	盛大光輝(C121)	巫顯東	何良	128	1129	2	4	4 4 5 6	1:39.24	4.9	-	-	1	 	5	跑馬地	2.71							
2020/1/15	7	第三班	1650米	(80-60)	好地	草地 - "C+3" 賽道	7	10	凱旋駿驥(B430)	蘇兆輝	丁冠豪	117	1102	9	5	5 5 3 7	1:39.39	12	-	-	1	H-/B	5	跑馬地	2.71							
2020/1/15	7	第三班	1650米	(80-60)	好地	草地 - "C+3" 賽道	8	9	旅英福星(C368)	莫雷拉	韋達	121	996	5	5-1/4	9 9 11 8	1:39.44	28	-	-	1	B/SR	4	跑馬地	2.71							
2020/1/15	7	第三班	1650米	(80-60)	好地	草地 - "C+3" 賽道	9	8	美麗標緻(C057)	彭國年	告東尼	121	1109	11	5-1/4	8 8 6 9	1:39.46	38	-	-	1	B/TT	4	跑馬地	2.71							
2020/1/15	7	第三班	1650米	(80-60)	好地	草地 - "C+3" 賽道	10	12	自在人生(B169)	楊明綸	羅富全	114	1184	10	5-1/4	11 11 10 10	1:39.46	67	-	-	3	XB/TT	6	跑馬地	2.71							
2020/1/15	7	第三班	1650米	(80-60)	好地	草地 - "C+3" 賽道	11	4	怡威(C496)	郭能	霍利時	126	1025	4	7	6 7 8 11	1:39.74	156	-	-	3	TT	5	跑馬地	2.71							
2020/1/15	7	第三班	1650米	(80-60)	好地	草地 - "C+3" 賽道		3	龍之星(B268)	何澤堯	呂健威	131	---	---	---	---	---	---	-	-	-	-	-	跑馬地	2.71							
2020/1/15	8	第三班	1000米	(80-60)	好地	草地 - "C+3" 賽道	1	8	跳出世界(C333)	莫雷拉	蔡約翰	119	1233	6	-	4 3 1	0:56.31	3	2nd Hot	-	+ 1	B	4	跑馬地	2.71	13.0			107.0	34.0	69.5	
2020/1/15	8	第三班	1000米	(80-60)	好地	草地 - "C+3" 賽道	2	11	萬眾之力(C329)	利敬國	約翰摩亞	116	1025	1	2-3/4	3 4 2	0:56.73	7.3	-	-	+ 1	 	3	跑馬地	2.71		17.0		107.0	34.0		86.0
2020/1/15	8	第三班	1000米	(80-60)	好地	草地 - "C+3" 賽道	3	3	和氣生財(D110)	彭國年	蘇偉賢	125	1078	8	3	5 5 3	0:56.80	11	-	-	+ 1	H	3	跑馬地	2.71			24.0			69.5	86.0
2020/1/15	8	第三班	1000米	(80-60)	好地	草地 - "C+3" 賽道	4	6	閃電精靈(D071)	田泰安	告東尼	121	1168	4	4-1/2	2 1 4	0:57.02	2.2	1st Hot	-	+ 1	TT	3	跑馬地	2.71							
2020/1/15	8	第三班	1000米	(80-60)	好地	草地 - "C+3" 賽道	5	1	事事亨通(D174)	蘇兆輝	高伯新	133	1214	5	5-1/4	1 2 5	0:57.13	10	-	-	1	XB	4	跑馬地	2.71							
2020/1/15	8	第三班	1000米	(80-60)	好地	草地 - "C+3" 賽道	6	12	維港奔流(D042)	希威森	韋達	115	1090	2	6	6 6 6	0:57.27	110	-	-	2	B	4	跑馬地	2.71							
2020/1/15	8	第三班	1000米	(80-60)	好地	草地 - "C+3" 賽道	7	5	大紅包(B246)	何澤堯	呂健威	123	1054	11	6-1/4	9 10 7	0:57.31	16	-	-	1	XB	6	跑馬地	2.71							
2020/1/15	8	第三班	1000米	(80-60)	好地	草地 - "C+3" 賽道	8	10	驫驫(A315)	巴度	何良	116	1165	12	6-3/4	11 11 8	0:57.40	81	-	-	+ 1	H/V	6	跑馬地	2.71							
2020/1/15	8	第三班	1000米	(80-60)	好地	草地 - "C+3" 賽道	9	2	同進(V315)	郭能	方嘉柏	128	1182	7	7	10 8 9	0:57.42	47	-	-	* 1	 	7	跑馬地	2.71							
2020/1/15	8	第三班	1000米	(80-60)	好地	草地 - "C+3" 賽道	10	9	鎮山寶(C141)	楊明綸	丁冠豪	119	1107	3	12-1/4	7 7 10	0:58.27	95	-	-	+ 1	XB-/H	5	跑馬地	2.71							
2020/1/15	8	第三班	1000米	(80-60)	好地	草地 - "C+3" 賽道	11	4	天氣先生(D058)	梁家俊	韋達	125	990	10	16	8 9 11	0:58.86	222	-	-	1	P-	4	跑馬地	2.71							
2020/1/15	8	第三班	1000米	(80-60)	好地	草地 - "C+3" 賽道		7	奮鬥同心(C314)	蔡明紹	姚本輝	120	---	---	---	---	---	---	-	-	-	-	4	跑馬地	2.71							
2020/1/15	9	第三班	1200米	(80-60)	好地	草地 - "C+3" 賽道	1	2	好好學習(C458)	田泰安	呂健威	132	1076	3	-	2 2 1	1:09.44	1.9	1st Hot	-	1	H/TT	4	跑馬地	2.71	11.5			41.0	19.0	20.0	
2020/1/15	9	第三班	1200米	(80-60)	好地	草地 - "C+3" 賽道	2	1	明駿之星(C229)	薛恩	蔡約翰	133	1159	5	1/2	3 3 2	1:09.52	4.3	2nd Hot	-	1	B	4	跑馬地	2.71		14.5		41.0	19.0		32.0
2020/1/15	9	第三班	1200米	(80-60)	好地	草地 - "C+3" 賽道	3	3	一拍即合(B402)	莫雷拉	方嘉柏	129	1192	12	3/4	4 5 3	1:09.55	4.4	-	-	+ 1	B/TT	5	跑馬地	2.71			13.5			20.0	32.0
2020/1/15	9	第三班	1200米	(80-60)	好地	草地 - "C+3" 賽道	4	10	銀河飛馬(C275)	梁家俊	丁冠豪	117	991	1	3-3/4	5 4 4	1:10.04	18	-	-	+ 1	H/P	4	跑馬地	2.71							
2020/1/15	9	第三班	1200米	(80-60)	好地	草地 - "C+3" 賽道	5	9	紅星(V273)	陳嘉熙	葉楚航	111	1084	7	4	6 7 5	1:10.06	17	-	-	* 1	B1	7	跑馬地	2.71							
2020/1/15	9	第三班	1200米	(80-60)	好地	草地 - "C+3" 賽道	6	11	度身訂做(C522)	何澤堯	鄭俊偉	117	1032	6	4-1/2	9 8 6	1:10.15	87	-	-	* 1	 	4	跑馬地	2.71							
2020/1/15	9	第三班	1200米	(80-60)	好地	草地 - "C+3" 賽道	7	4	育馬妙星(V197)	巴度	霍利時	124	1183	2	5	10 10 7	1:10.24	21	-	-	+ 1	H	-	跑馬地	2.71							
2020/1/15	9	第三班	1200米	(80-60)	好地	草地 - "C+3" 賽道	8	12	添好運(T306)	黃皓楠	蘇偉賢	113	1127	4	5-1/4	7 6 8	1:10.28	204	-	-	* 1	B/TT	-	跑馬地	2.71							
2020/1/15	9	第三班	1200米	(80-60)	好地	草地 - "C+3" 賽道	9	7	進力之城(D113)	希威森	韋達	123	1045	11	5-1/2	8 9 9	1:10.31	262	-	-	+ 1	SR/CP1	4	跑馬地	2.71							
2020/1/15	9	第三班	1200米	(80-60)	好地	草地 - "C+3" 賽道	10	8	鑽飛龍(D111)	楊明綸	容天鵬	121	1213	9	6-1/2	11 11 10	1:10.46	70	-	-	* 1	TT1	4	跑馬地	2.71							
2020/1/15	9	第三班	1200米	(80-60)	好地	草地 - "C+3" 賽道	11	6	駿皇星(D144)	利敬國	約翰摩亞	123	1082	8	8-1/4	1 1 11	1:10.76	26	-	-	* 1	 	4	跑馬地	2.71							
2020/1/15	9	第三班	1200米	(80-60)	好地	草地 - "C+3" 賽道	12	5	合夥精神(D175)	巫顯東	高伯新	121	1216	10	8-1/2	12 12 12	1:10.80	362	-	-	+ 1	H/XB	4	跑馬地	2.71							
2020/1/19	1	第四班	2000米	(60-40)	好地	草地 - "A+3" 賽道	1	1	情趣(V114)	潘頓	霍利時	133	1120	7	-	4 4 5 4 1	2:02.73	11	-	-	1	B/TT	8	沙田	2.72	28.0			846.0	219.0	57.5	
2020/1/19	1	第四班	2000米	(60-40)	好地	草地 - "A+3" 賽道	2	9	開心日子(A333)	梁家俊	沈集成	119	1113	8	3/4	6 6 7 6 2	2:02.85	22	-	-	2	B/TT	6	沙田	2.72		40.5		846.0	219.0		77.5
2020/1/19	1	第四班	2000米	(60-40)	好地	草地 - "A+3" 賽道	3	4	福多寶(B026)	莫雷拉	賀賢	129	1106	9	3/4	9 9 8 8 3	2:02.86	2.7	1st Hot	-	1	B	5	沙田	2.72			15.0			57.5	77.5
2020/1/19	1	第四班	2000米	(60-40)	好地	草地 - "A+3" 賽道	4	6	高瞻遠矚(B345)	蘇兆輝	約翰摩亞	126	1017	3	1	3 2 2 2 4	2:02.89	3	2nd Hot	-	1	B	4	沙田	2.72							
2020/1/19	1	第四班	2000米	(60-40)	好地	草地 - "A+3" 賽道	5	8	其利斷金(B426)	潘明輝	葉楚航	119	1088	5	1-1/4	1 1 1 1 5	2:02.93	18	-	-	1	B	4	沙田	2.72							
2020/1/19	1	第四班	2000米	(60-40)	好地	草地 - "A+3" 賽道	6	7	牛精輝煌(A118)	利敬國	鄭俊偉	122	1123	4	1-3/4	8 8 9 9 6	2:03.00	17	-	-	+ 1	H	7	沙田	2.72							
2020/1/19	1	第四班	2000米	(60-40)	好地	草地 - "A+3" 賽道	7	5	芙蓉莊(B339)	彭國年	姚本輝	127	1013	10	2	10 10 10 10 7	2:03.06	6.4	-	-	1	B	5	沙田	2.72							
2020/1/19	1	第四班	2000米	(60-40)	好地	草地 - "A+3" 賽道	8	10	總統之星(C170)	何澤堯	沈集成	117	1059	6	2-1/4	2 3 4 5 8	2:03.10	23	-	-	* 1	B-/TT	4	沙田	2.72							
2020/1/19	1	第四班	2000米	(60-40)	好地	草地 - "A+3" 賽道	9	3	榮惑(C370)	田泰安	告東尼	130	1031	2	3-1/2	7 7 6 7 9	2:03.29	41	-	-	1	B/TT	4	沙田	2.72							
2020/1/19	1	第四班	2000米	(60-40)	好地	草地 - "A+3" 賽道	10	2	好計(B432)	郭能	方嘉柏	131	1070	1	3-1/2	5 5 3 3 10	2:03.29	16	-	-	1	V/XB	5	沙田	2.72							
2020/1/19	2	第四班	1200米	(60-40)	好地	草地 - "A+3" 賽道	1	6	誰與爭鋒(D054)	黃皓楠	呂健威	122	1225	2	-	1 1 1	1:09.48	7.3	-	-	+ 1	B1	4	沙田	2.72	23.0			123.0	52.0	85.5	
2020/1/19	2	第四班	1200米	(60-40)	好地	草地 - "A+3" 賽道	2	3	勁跑王(C420)	莫雷拉	告東尼	127	1145	11	短馬頭位	6 7 2	1:09.50	3.2	1st Hot	-	+ 1	H/TT	4	沙田	2.72		15.0		123.0	52.0		35.0
2020/1/19	2	第四班	1200米	(60-40)	好地	草地 - "A+3" 賽道	3	4	摘星之光(D007)	潘頓	蘇偉賢	125	1086	10	1-1/2	10 8 3	1:09.71	4.8	2nd Hot	-	+ 1	H	4	沙田	2.72			20.0			85.5	35.0
2020/1/19	2	第四班	1200米	(60-40)	好地	草地 - "A+3" 賽道	4	8	明月千山(C403)	黎海榮	文家良	123	1156	5	2	5 3 4	1:09.78	7.6	-	-	+ 1	B/TT	4	沙田	2.72							
2020/1/19	2	第四班	1200米	(60-40)	好地	草地 - "A+3" 賽道	5	7	追風驥足(D009)	利敬國	蔡約翰	123	988	9	3	11 13 5	1:09.96	48	-	-	1	B-/E1/TT	4	沙田	2.72							
2020/1/19	2	第四班	1200米	(60-40)	好地	草地 - "A+3" 賽道	6	11	愛添勝(B362)	彭國年	何良	121	1108	4	3-1/4	14 14 6	1:09.98	9.6	-	-	+ 1	CP-/XB-	5	沙田	2.72							
2020/1/19	2	第四班	1200米	(60-40)	好地	草地 - "A+3" 賽道	7	5	箭意(D106)	薛恩	蘇保羅	125	1182	13	3-1/4	13 11 7	1:09.99	11	-	-	+ 1	 	4	沙田	2.72							
2020/1/19	2	第四班	1200米	(60-40)	好地	草地 - "A+3" 賽道	8	12	胆大威猛(C338)	何澤堯	姚本輝	121	1144	7	3-1/4	7 6 8	1:10.01	16	-	-	+ 1	B1	3	沙田	2.72							
2020/1/19	2	第四班	1200米	(60-40)	好地	草地 - "A+3" 賽道	9	9	開心一號(C486)	蘇狄雄	葉楚航	121	1051	3	5-3/4	9 9 9	1:10.41	122	-	-	* 1	 	4	沙田	2.72							
2020/1/19	2	第四班	1200米	(60-40)	好地	草地 - "A+3" 賽道	10	1	福滿寶(D118)	布文	賀賢	130	1058	8	6	2 2 10	1:10.44	15	-	-	+ 1	XB1	4	沙田	2.72							
2020/1/19	2	第四班	1200米	(60-40)	好地	草地 - "A+3" 賽道	11	13	一路順風(C453)	潘明輝	苗禮德	118	1137	12	8-3/4	3 4 11	1:10.89	16	-	-	+ 1	B1	4	沙田	2.72							
2020/1/19	2	第四班	1200米	(60-40)	好地	草地 - "A+3" 賽道	12	10	齊勝利(C342)	陳嘉熙	徐雨石	113	1001	6	9-3/4	4 5 12	1:11.02	64	-	-	1	 	3	沙田	2.72							
2020/1/19	2	第四班	1200米	(60-40)	好地	草地 - "A+3" 賽道	13	2	英友好友(C527)	梁家俊	容天鵬	130	1067	14	15	12 12 13	1:11.86	235	-	-	* 1	TT	4	沙田	2.72							
2020/1/19	2	第四班	1200米	(60-40)	好地	草地 - "A+3" 賽道	14	14	寶冠多(C156)	巫顯東	鄭俊偉	115	1004	1	17-3/4	8 10 14	1:12.30	347	-	-	* 1	 	-	沙田	2.72							
2020/1/19	3	第四班	1600米	(60-40)	好地	草地 - "A+3" 賽道	1	2	環翠戰士(A187)	郭能	蘇保羅	130	1072	7	-	7 6 5 1	1:34.73	12	-	-	1	B	6	沙田	2.72	28.0			238.0	63.5	51.0	
2020/1/19	3	第四班	1600米	(60-40)	好地	草地 - "A+3" 賽道	2	6	電訊火箭(C137)	利敬國	徐雨石	124	1070	2	頭位	6 7 7 2	1:34.76	4.2	2nd Hot	-	+ 1	CP	5	沙田	2.72		15.5		238.0	63.5		22.0
2020/1/19	3	第四班	1600米	(60-40)	好地	草地 - "A+3" 賽道	3	3	精彩有你(C394)	莫雷拉	姚本輝	129	1061	5	1-1/4	2 3 3 3	1:34.93	2	1st Hot	-	1	B/XB	4	沙田	2.72			11.0			51.0	22.0
2020/1/19	3	第四班	1600米	(60-40)	好地	草地 - "A+3" 賽道	4	9	數糊勇士(B421)	田泰安	羅富全	122	1217	11	2-3/4	3 2 2 4	1:35.17	28	-	-	+ 1	B-	4	沙田	2.72							
2020/1/19	3	第四班	1600米	(60-40)	好地	草地 - "A+3" 賽道	5	11	精彩千里(C331)	梁家俊	約翰摩亞	118	1134	3	3-3/4	5 5 6 5	1:35.33	67	-	-	1	CP2	3	沙田	2.72							
2020/1/19	3	第四班	1600米	(60-40)	好地	草地 - "A+3" 賽道	6	1	凌駕(C386)	潘頓	蔡約翰	131	1083	4	4-1/4	4 4 4 6	1:35.41	5.6	-	-	+ 1	 	3	沙田	2.72							
2020/1/19	3	第四班	1600米	(60-40)	好地	草地 - "A+3" 賽道	7	8	天天精彩(C414)	彭國年	告東尼	122	1105	10	5-1/2	14 14 14 7	1:35.61	13	-	-	1	B-/H1/CP2/TT	4	沙田	2.72							
2020/1/19	3	第四班	1600米	(60-40)	好地	草地 - "A+3" 賽道	8	7	開心大師(B222)	薛恩	方嘉柏	122	1102	6	6	11 11 10 8	1:35.68	31	-	-	1	TT	5	沙田	2.72							
2020/1/19	3	第四班	1600米	(60-40)	好地	草地 - "A+3" 賽道	9	5	千金不換(D091)	何澤堯	高伯新	126	1300	13	6-1/4	10 10 11 9	1:35.73	32	-	-	+ 1	B	3	沙田	2.72							
2020/1/19	3	第四班	1600米	(60-40)	好地	草地 - "A+3" 賽道	10	10	潮州小子(T412)	黃皓楠	容天鵬	115	1183	1	7-3/4	13 13 13 10	1:35.96	62	-	-	* 1	TT	8	沙田	2.72							
2020/1/19	3	第四班	1600米	(60-40)	好地	草地 - "A+3" 賽道	11	14	笑傲成功(C250)	黎海榮	丁冠豪	115	1212	9	8	1 1 1 11	1:36.00	306	-	-	* 1	B/TT	4	沙田	2.72							
2020/1/19	3	第四班	1600米	(60-40)	好地	草地 - "A+3" 賽道	12	12	跑得威(C127)	巫顯東	沈集成	113	1090	8	8-1/2	9 9 9 12	1:36.09	185	-	-	1	B/TT	5	沙田	2.72							
2020/1/19	3	第四班	1600米	(60-40)	好地	草地 - "A+3" 賽道	13	4	萬象更新(C459)	潘明輝	何良	125	1151	12	8-3/4	8 8 8 13	1:36.12	344	-	-	* 1	V/TT	4	沙田	2.72							
2020/1/19	3	第四班	1600米	(60-40)	好地	草地 - "A+3" 賽道	14	13	暴風俠(A123)	蘇狄雄	葉楚航	114	1159	14	9-3/4	12 12 12 14	1:36.29	311	-	-	* 1	 	6	沙田	2.72							
2020/1/19	4	第四班	1400米	(60-40)	好地	草地 - "A+3" 賽道	1	1	電路三號(B360)	田泰安	告東尼	133	1116	8	-	10 10 10 1	1:22.00	4.5	-	-	1	B/TT	5	沙田	2.72	19.0			149.0	50.5	43.0	
2020/1/19	4	第四班	1400米	(60-40)	好地	草地 - "A+3" 賽道	2	2	高大威猛(C470)	黎海榮	姚本輝	133	1224	6	3/4	6 4 3 2	1:22.12	6.6	-	-	1	B	4	沙田	2.72		21.5		149.0	50.5		54.5
2020/1/19	4	第四班	1400米	(60-40)	好地	草地 - "A+3" 賽道	3	12	爆騷(A207)	莫雷拉	徐雨石	120	1087	14	3/4	14 14 13 3	1:22.12	4	1st Hot	-	+ 1	 	5	沙田	2.72			16.0			43.0	54.5
2020/1/19	4	第四班	1400米	(60-40)	好地	草地 - "A+3" 賽道	4	11	陽明秋秋(A057)	何澤堯	呂健威	122	1166	4	1-1/4	9 9 9 4	1:22.19	12	-	-	+ 1	TT	7	沙田	2.72							
2020/1/19	4	第四班	1400米	(60-40)	好地	草地 - "A+3" 賽道	5	7	瀟灑王子(V069)	蘇兆輝	文家良	126	1175	10	2-1/2	1 1 1 5	1:22.39	30	-	-	1	B	7	沙田	2.72							
2020/1/19	4	第四班	1400米	(60-40)	好地	草地 - "A+3" 賽道	6	8	天意(V417)	梁家俊	蘇保羅	126	1154	5	2-1/2	12 12 11 6	1:22.41	17	-	-	+ 1	B	6	沙田	2.72							
2020/1/19	4	第四班	1400米	(60-40)	好地	草地 - "A+3" 賽道	7	10	乘勢歡心(C423)	彭國年	容天鵬	124	1081	9	3-3/4	8 6 4 7	1:22.61	32	-	-	+ 1	CP	4	沙田	2.72							
2020/1/19	4	第四班	1400米	(60-40)	好地	草地 - "A+3" 賽道	8	9	春風得意(C309)	蘇狄雄	何良	123	1041	13	4-1/4	11 13 14 8	1:22.67	30	-	-	+ 1	H/CP1	4	沙田	2.72							
2020/1/19	4	第四班	1400米	(60-40)	好地	草地 - "A+3" 賽道	9	14	勁瀟灑(C252)	陳嘉熙	羅富全	108	1108	11	4-3/4	2 2 2 9	1:22.77	59	-	-	1	B/XB/TT-	4	沙田	2.72							
2020/1/19	4	第四班	1400米	(60-40)	好地	草地 - "A+3" 賽道	10	4	日日靚(D070)	潘頓	方嘉柏	127	1177	2	6-3/4	5 8 8 10	1:23.08	4.3	2nd Hot	-	+ 1	 	4	沙田	2.72							
2020/1/19	4	第四班	1400米	(60-40)	好地	草地 - "A+3" 賽道	11	6	威威高星(D101)	薛恩	賀賢	127	1151	1	7-3/4	7 7 7 11	1:23.24	127	-	-	* 1	H1	3	沙田	2.72							
2020/1/19	4	第四班	1400米	(60-40)	好地	草地 - "A+3" 賽道	12	13	晴朗拍檔(B071)	希威森	霍利時	118	1092	12	11	13 11 12 12	1:23.78	86	-	-	* 1	SR	6	沙田	2.72							
2020/1/19	4	第四班	1400米	(60-40)	好地	草地 - "A+3" 賽道	13	5	華麗傳承(D080)	潘明輝	葉楚航	125	1179	3	12-1/2	4 5 6 13	1:24.02	286	-	-	+ 1	 	4	沙田	2.72							
2020/1/19	4	第四班	1400米	(60-40)	好地	草地 - "A+3" 賽道	14	3	大軍閥(C113)	利敬國	蔡約翰	132	1129	7	36-1/4	3 3 5 14	1:27.81	11	-	-	1	B1	4	沙田	2.72							
2020/1/19	5	國際一級賽	1600米 		好地	草地 - "A+3" 賽道	1	3	夏威夷(C150)	莫雷拉	蔡約翰	126	1126	7	-	7 7 6 1	1:33.04	1.5	1st Hot	-		 	5	沙田	2.72	10.1			21.5	13.0	28.0	
2020/1/19	5	國際一級賽	1600米 		好地	草地 - "A+3" 賽道	2	1	美麗傳承(V380)	潘頓	約翰摩亞	126	1142	1	頸位	1 1 1 2	1:33.07	2.8	2nd Hot	-		B-/CP1/TT	7	沙田	2.72		11.5		21.5	13.0		34.5
2020/1/19	5	國際一級賽	1600米 		好地	草地 - "A+3" 賽道	3	7	嘉應之星(C198)	田泰安	告東尼	126	1115	3	4-1/2	2 2 2 3	1:33.75	15	-	-		B/TT	5	沙田	2.72			23.5			28.0	34.5
2020/1/19	5	國際一級賽	1600米 		好地	草地 - "A+3" 賽道	4	2	大籐王(A061)	何澤堯	高伯新	126	1155	2	5-1/4	4 3 3 4	1:33.89	33	-	-		B-/CP2	6	沙田	2.72							
2020/1/19	5	國際一級賽	1600米 		好地	草地 - "A+3" 賽道	5	6	龍船鼓響(T286)	蘇兆輝	姚本輝	126	1048	6	5-1/2	6 5 7 5	1:33.93	38	-	-		H/XB	8	沙田	2.72							
2020/1/19	5	國際一級賽	1600米 		好地	草地 - "A+3" 賽道	6	4	川河尊駒(A252)	薛恩	方嘉柏	126	1163	5	7-1/4	5 6 5 6	1:34.21	36	-	-		V	7	沙田	2.72							
2020/1/19	5	國際一級賽	1600米 		好地	草地 - "A+3" 賽道	7	5	添滿意(C079)	布文	羅富全	126	1104	4	8	3 4 4 7	1:34.30	13	-	-		B	5	沙田	2.72							
2020/1/19	6	第三班	1200米	(80-60)	好地	草地 - "A+3" 賽道	1	12	傳盛(B416)	巫顯東	呂健威	116	1206	4	-	4 4 1	1:09.32	23	-	-	1	 	4	沙田	2.72	52.5			318.0	109.5	1307.5	
2020/1/19	6	第三班	1200米	(80-60)	好地	草地 - "A+3" 賽道	2	4	同樂日(B087)	莫雷拉	沈集成	130	1062	1	鼻位	6 6 2	1:09.33	3	1st Hot	-	+ 1	B/TT	6	沙田	2.72		15.0		318.0	109.5		274.5
2020/1/19	6	第三班	1200米	(80-60)	好地	草地 - "A+3" 賽道	3	14	獎金大王(B433)	何澤堯	葉楚航	117	1163	14	短馬頭位	3 3 3	1:09.33	56	-	-	+ 1	 	5	沙田	2.72			137.5			1307.5	274.5
2020/1/19	6	第三班	1200米	(80-60)	好地	草地 - "A+3" 賽道	4	2	英之星(C058)	蘇兆輝	姚本輝	133	1146	6	頭位	5 5 4	1:09.36	3.9	2nd Hot	-	1	CP	4	沙田	2.72							
2020/1/19	6	第三班	1200米	(80-60)	好地	草地 - "A+3" 賽道	5	3	心多多(B264)	梁家俊	蘇保羅	132	1030	7	1/2	8 8 5	1:09.41	8.3	-	-	1	B	6	沙田	2.72							
2020/1/19	6	第三班	1200米	(80-60)	好地	草地 - "A+3" 賽道	6	5	團結精神(B230)	彭國年	蘇偉賢	129	1181	5	1/2	1 1 6	1:09.43	18	-	-	1	B/TT	5	沙田	2.72							
2020/1/19	6	第三班	1200米	(80-60)	好地	草地 - "A+3" 賽道	7	13	閃耀榮光(B372)	潘明輝	容天鵬	116	1172	8	1-1/2	2 2 7	1:09.56	13	-	-	+ 1	CP-/B1/TT	5	沙田	2.72							
2020/1/19	6	第三班	1200米	(80-60)	好地	草地 - "A+3" 賽道	8	6	健康美麗(B384)	利敬國	約翰摩亞	128	1033	12	1-1/2	13 14 8	1:09.58	11	-	-	1	CP/TT	5	沙田	2.72							
2020/1/19	6	第三班	1200米	(80-60)	好地	草地 - "A+3" 賽道	9	8	嘉才(D196)	潘頓	文家良	125	1158	13	2-1/2	10 10 9	1:09.70	32	-	-	+ 1	 	4	沙田	2.72							
2020/1/19	6	第三班	1200米	(80-60)	好地	草地 - "A+3" 賽道	10	1	金糠(D134)	希威森	霍利時	133	1030	9	2-3/4	11 11 10	1:09.76	303	-	-	* 1	SR	4	沙田	2.72							
2020/1/19	6	第三班	1200米	(80-60)	好地	草地 - "A+3" 賽道	11	9	加州更好(B204)	薛恩	告東尼	122	1154	2	2-3/4	9 9 11	1:09.76	9	-	-	* 1	B/TT	5	沙田	2.72							
2020/1/19	6	第三班	1200米	(80-60)	好地	草地 - "A+3" 賽道	12	7	軍威振(D141)	田泰安	韋達	125	1056	11	3-3/4	14 12 12	1:09.93	24	-	-	+ 1	B/SR	4	沙田	2.72							
2020/1/19	6	第三班	1200米	(80-60)	好地	草地 - "A+3" 賽道	13	10	縱橫四海(C142)	黎海榮	丁冠豪	121	1154	3	4	12 13 13	1:09.96	36	-	-	+ 1	H/SR/TT	5	沙田	2.72							
2020/1/19	6	第三班	1200米	(80-60)	好地	草地 - "A+3" 賽道	14	11	平海歡星(C377)	郭能	蔡約翰	120	1100	10	4-1/4	7 7 14	1:10.00	144	-	-	1	 	4	沙田	2.72							
2020/1/19	7	國際一級賽	1200米 		好地	草地 - "A+3" 賽道	1	1	爭分奪秒(V397)	莫雷拉	蔡約翰	126	1138	3	-	6 5 1	1:08.57	2.5	1st Hot	-		TT	6	沙田	2.72	10.5			220.5	67.5	14.5	
2020/1/19	7	國際一級賽	1200米 		好地	草地 - "A+3" 賽道	2	7	常感恩(B312)	利敬國	約翰摩亞	126	1243	7	頭位	1 1 2	1:08.60	16	-	-		CP	4	沙田	2.72		39.0		220.5	67.5		58.5
2020/1/19	7	國際一級賽	1200米 		好地	草地 - "A+3" 賽道	3	2	旺蝦王(A299)	田泰安	蔡約翰	126	1231	2	1-1/4	3 4 3	1:08.79	2.6	2nd Hot	-		 	5	沙田	2.72			13.0			14.5	58.5
2020/1/19	7	國際一級賽	1200米 		好地	草地 - "A+3" 賽道	4	5	有理共想(B180)	蘇銘倫	高伯新	126	1184	1	1-3/4	4 3 4	1:08.84	19	-	-		B	6	沙田	2.72							
2020/1/19	7	國際一級賽	1200米 		好地	草地 - "A+3" 賽道	5	3	紅衣醒神(V153)	布文	羅富全	126	1112	4	2-1/4	5 6 5	1:08.95	6.2	-	-		 	7	沙田	2.72							
2020/1/19	7	國際一級賽	1200米 		好地	草地 - "A+3" 賽道	6	4	美麗滿載(C003)	潘頓	蔡約翰	126	1165	6	2-1/2	2 2 6	1:08.97	8.5	-	-		 	5	沙田	2.72							
2020/1/19	7	國際一級賽	1200米 		好地	草地 - "A+3" 賽道	7	6	翩翩(V344)	薛恩	蔡約翰	126	1160	5	3-1/2	7 7 7	1:09.14	22	-	-		 	7	沙田	2.72							
2020/1/19	7	國際一級賽	1200米 		好地	草地 - "A+3" 賽道		8	首映(A051)	何澤堯	呂健威	126	---	---	---	---	---	---	-	-	-	-	-	沙田	2.72							
2020/1/19	8	第三班	1400米	(80-60)	好地	草地 - "A+3" 賽道	1	3	劍追風(B261)	陳嘉熙	約翰摩亞	121	1141	4	-	1 1 1 1	1:21.82	6.7	-	-	1	TT	6	沙田	2.72	24.5			254.5	93.5	233.0	
2020/1/19	8	第三班	1400米	(80-60)	好地	草地 - "A+3" 賽道	2	2	蒙古王(A098)	潘頓	徐雨石	131	1126	9	頸位	12 13 12 2	1:21.87	5.9	2nd Hot	-	1	B2	7	沙田	2.72		23.0		254.5	93.5		187.0
2020/1/19	8	第三班	1400米	(80-60)	好地	草地 - "A+3" 賽道	3	7	星運子爵(D187)	何澤堯	方嘉柏	126	1185	8	3/4	10 10 10 3	1:21.93	17	-	-	+ 1	 	4	沙田	2.72			51.0			233.0	187.0
2020/1/19	8	第三班	1400米	(80-60)	好地	草地 - "A+3" 賽道	4	1	請跟我來(B440)	布文	蔡約翰	133	1118	5	1-1/2	5 8 7 4	1:22.07	14	-	-	+ 1	TT	4	沙田	2.72							
2020/1/19	8	第三班	1400米	(80-60)	好地	草地 - "A+3" 賽道	5	11	忠心美麗(B383)	莫雷拉	告東尼	120	1113	13	2-1/4	2 3 3 5	1:22.16	6.3	-	-	+ 1	B/TT	5	沙田	2.72							
2020/1/19	8	第三班	1400米	(80-60)	好地	草地 - "A+3" 賽道	6	5	勞動創造(C138)	潘明輝	沈集成	125	1051	2	2-1/2	9 7 8 6	1:22.23	22	-	-	+ 1	B/TT	4	沙田	2.72							
2020/1/19	8	第三班	1400米	(80-60)	好地	草地 - "A+3" 賽道	7	6	噴火龍(B463)	彭國年	霍利時	126	1020	6	2-3/4	11 12 13 7	1:22.28	7.3	-	-	+ 1	TT	5	沙田	2.72							
2020/1/19	8	第三班	1400米	(80-60)	好地	草地 - "A+3" 賽道	8	13	健康在望(C172)	蘇兆輝	苗禮德	118	1005	12	3-1/4	13 11 11 8	1:22.33	8.2	-	-	+ 1	B	4	沙田	2.72							
2020/1/19	8	第三班	1400米	(80-60)	好地	草地 - "A+3" 賽道	9	14	愛馬劍(B013)	利敬國	丁冠豪	116	1052	14	3-1/2	7 2 2 9	1:22.39	30	-	-	+ 1	TT	6	沙田	2.72							
2020/1/19	8	第三班	1400米	(80-60)	好地	草地 - "A+3" 賽道	10	8	勁駒(D138)	薛恩	賀賢	124	1103	7	3-3/4	4 6 5 10	1:22.41	19	-	-	+ 1	 	4	沙田	2.72							
2020/1/19	8	第三班	1400米	(80-60)	好地	草地 - "A+3" 賽道	11	4	朝五晚九(B330)	郭能	羅富全	129	1036	3	5-3/4	6 9 9 11	1:22.75	72	-	-	+ 1	XB/CP2	-	沙田	2.72							
2020/1/19	8	第三班	1400米	(80-60)	好地	草地 - "A+3" 賽道	12	9	奇妙星(D068)	田泰安	韋達	123	1160	1	6-1/2	3 4 4 12	1:22.84	4.8	1st Hot	-	+ 1	 	4	沙田	2.72							
2020/1/19	8	第三班	1400米	(80-60)	好地	草地 - "A+3" 賽道	13	12	大自然(C489)	梁家俊	高伯新	120	1272	11	6-1/2	14 14 14 13	1:22.87	182	-	-	+ 1	CP1	4	沙田	2.72							
2020/1/19	8	第三班	1400米	(80-60)	好地	草地 - "A+3" 賽道	14	10	超跑王(C479)	黃皓楠	容天鵬	120	1147	10	8-1/2	8 5 6 14	1:23.17	252	-	-	* 1	TT	4	沙田	2.72							
2020/1/19	9	第二班	1200米	(100-80)	好地	草地 - "A+3" 賽道	1	11	韋小寶(C188)	田泰安	蘇保羅	114	1111	4	-	6 5 1	1:08.56	6.2	-	-	1	B	4	沙田	2.72	20.0			100.5	37.0	40.0	
2020/1/19	9	第二班	1200米	(100-80)	好地	草地 - "A+3" 賽道	2	8	美麗掌聲(C228)	莫雷拉	蔡約翰	116	1141	2	短馬頭位	1 1 2	1:08.57	3.2	1st Hot	-	1	TT	4	沙田	2.72		13.5		100.5	37.0		23.5
2020/1/19	9	第二班	1200米	(100-80)	好地	草地 - "A+3" 賽道	3	10	錶之智能(D139)	蘇兆輝	約翰摩亞	115	1109	1	1/2	4 2 3	1:08.66	3.8	2nd Hot	-	+ 1	XB	3	沙田	2.72			15.0			40.0	23.5
2020/1/19	9	第二班	1200米	(100-80)	好地	草地 - "A+3" 賽道	4	13	當家猴王(D142)	利敬國	約翰摩亞	116	1063	6	1-1/4	3 4 4	1:08.74	5.1	-	-	2	CP	3	沙田	2.72							
2020/1/19	9	第二班	1200米	(100-80)	好地	草地 - "A+3" 賽道	5	7	大金庫(C146)	梁家俊	高伯新	117	1086	7	1-3/4	7 9 5	1:08.83	41	-	-	2	CP2/TT	5	沙田	2.72							
2020/1/19	9	第二班	1200米	(100-80)	好地	草地 - "A+3" 賽道	6	5	精算風暴(B173)	薛恩	蔡約翰	124	1154	5	2-3/4	9 7 6	1:08.99	13	-	-	2	PC	5	沙田	2.72							
2020/1/19	9	第二班	1200米	(100-80)	好地	草地 - "A+3" 賽道	7	6	年年旺(C122)	潘頓	高伯新	120	1208	12	3-1/2	10 10 7	1:09.10	16	-	-	1	XB-/B/TT	5	沙田	2.72							
2020/1/19	9	第二班	1200米	(100-80)	好地	草地 - "A+3" 賽道	8	4	百勝龍(V356)	何澤堯	呂健威	127	1194	13	4	11 11 8	1:09.22	15	-	-	1	B/H/TT	7	沙田	2.72							
2020/1/19	9	第二班	1200米	(100-80)	好地	草地 - "A+3" 賽道	9	14	電訊驫馬(C181)	黎海榮	丁冠豪	113	1136	10	4-1/4	2 3 9	1:09.23	329	-	-	1	TT	5	沙田	2.72							
2020/1/19	9	第二班	1200米	(100-80)	好地	草地 - "A+3" 賽道	10	1	加州議長(A114)	彭國年	告東尼	133	1146	11	5	8 8 10	1:09.36	38	-	-	1	B/H/TT	7	沙田	2.72							
2020/1/19	9	第二班	1200米	(100-80)	好地	草地 - "A+3" 賽道	11	3	樂滿家(A293)	郭能	鄭俊偉	128	1131	3	5-1/2	5 6 11	1:09.44	259	-	-	+ 1	B/H	6	沙田	2.72							
2020/1/19	9	第二班	1200米	(100-80)	好地	草地 - "A+3" 賽道	12	2	激賞(A377)	潘明輝	蔡約翰	127	1018	14	5-3/4	13 13 12	1:09.48	158	-	-	3	 	5	沙田	2.72							
2020/1/19	9	第二班	1200米	(100-80)	好地	草地 - "A+3" 賽道	13	12	紅心傾(C145)	巫顯東	告東尼	111	1046	8	6-1/4	14 14 13	1:09.55	75	-	-	2	B/TT	5	沙田	2.72							
2020/1/19	9	第二班	1200米	(100-80)	好地	草地 - "A+3" 賽道	14	9	小鳥敖翔(B069)	希威森	姚本輝	116	1215	9	6-1/2	12 12 14	1:09.60	186	-	-	1	 	6	沙田	2.72							
2020/1/19	10	第三班	1600米	(80-60)	好地	草地 - "A+3" 賽道	1	4	天外天(B435)	郭能	約翰摩亞	125	1076	4	-	8 8 8 1	1:34.52	7.6	-	-	+ 1	B/TT	4	沙田	2.72	22.5			872.5	237.5	59.5	
2020/1/19	10	第三班	1600米	(80-60)	好地	草地 - "A+3" 賽道	2	11	安承(D059)	希威森	韋達	119	1059	7	1	5 5 5 2	1:34.68	17	-	W P	1	H/XB	5	沙田	2.72		51.5		872.5	237.5		92.0
2020/1/19	10	第三班	1600米	(80-60)	好地	草地 - "A+3" 賽道	3	2	錶之皇者(B398)	潘頓	文家良	126	1222	8	2-1/4	4 4 3 3	1:34.86	3.3	1st Hot	-	1	B	5	沙田	2.72			16.0			59.5	92.0
2020/1/19	10	第三班	1600米	(80-60)	好地	草地 - "A+3" 賽道	4	6	我𢥧意(C038)	田泰安	蘇偉賢	123	1111	6	2-1/2	7 7 7 4	1:34.90	13	-	-	+ 1	V/TT	5	沙田	2.72							
2020/1/19	10	第三班	1600米	(80-60)	好地	草地 - "A+3" 賽道	5	1	快益善(B478)	彭國年	沈集成	133	1054	1	4-1/2	6 6 6 5	1:35.22	7.1	-	-	1	SR	5	沙田	2.72							
2020/1/19	10	第三班	1600米	(80-60)	好地	草地 - "A+3" 賽道	6	7	大眾歡呼(C225)	莫雷拉	羅富全	122	1153	12	5-1/2	3 3 4 6	1:35.40	7.2	-	-	1	CP/XB/TT	4	沙田	2.72							
2020/1/19	10	第三班	1600米	(80-60)	好地	草地 - "A+3" 賽道	7	10	陽明高高(B132)	何澤堯	呂健威	120	1104	14	5-1/2	14 14 14 7	1:35.40	36	-	-	1	 	5	沙田	2.72							
2020/1/19	10	第三班	1600米	(80-60)	好地	草地 - "A+3" 賽道	8	14	機智神駒(B289)	利敬國	姚本輝	117	1174	5	6	11 11 11 8	1:35.47	5.7	2nd Hot	-	+ 1	B	5	沙田	2.72							
2020/1/19	10	第三班	1600米	(80-60)	好地	草地 - "A+3" 賽道	9	3	奪速(D001)	薛恩	蘇保羅	126	1101	11	6	12 12 10 9	1:35.47	337	-	-	1	 	5	沙田	2.72							
2020/1/19	10	第三班	1600米	(80-60)	好地	草地 - "A+3" 賽道	10	13	快樂實在(A152)	梁家俊	容天鵬	118	1177	2	7	9 9 9 10	1:35.65	16	-	-	1	 	6	沙田	2.72							
2020/1/19	10	第三班	1600米	(80-60)	好地	草地 - "A+3" 賽道	11	9	一見傾心(B401)	蘇狄雄	蘇保羅	118	1197	13	8-1/2	1 1 1 11	1:35.89	129	-	-	2	B	5	沙田	2.72							
2020/1/19	10	第三班	1600米	(80-60)	好地	草地 - "A+3" 賽道	12	8	嘜誰嘜誰(C323)	蘇兆輝	告東尼	122	1160	9	10	2 2 2 12	1:36.12	11	-	-	1	B/TT	4	沙田	2.72							
2020/1/19	10	第三班	1600米	(80-60)	好地	草地 - "A+3" 賽道	13	12	尖子(C266)	黃皓楠	徐雨石	115	1092	10	10-1/4	13 13 12 13	1:36.17	118	-	-	1	SR	5	沙田	2.72							
2020/1/19	10	第三班	1600米	(80-60)	好地	草地 - "A+3" 賽道	14	5	團結一致(C494)	陳嘉熙	霍利時	114	971	3	12	10 10 13 14	1:36.44	359	-	-	+ 1	XB	4	沙田	2.72							
2020/1/22	1	第五班	2200米	(40-0)	好地	草地 - "A" 賽道	1	10	賞心星(C251)	何澤堯	方嘉柏	121	1179	10	-	11 12 12 5 1 1	2:17.72	9.9	-	-	1	P/TT	4	跑馬地	2.7	30.0			560.0	170.5	158.5	
2020/1/22	1	第五班	2200米	(40-0)	好地	草地 - "A" 賽道	2	8	神馬飛揚(V368)	薛恩	鄭俊偉	124	1061	1	2-3/4	5 4 5 6 5 2	2:18.16	10	-	-	2	H/TT	7	跑馬地	2.7		32.0		560.0	170.5		137.0
2020/1/22	1	第五班	2200米	(40-0)	好地	草地 - "A" 賽道	3	5	活力得勝(C091)	梁家俊	蘇保羅	130	1108	4	3-1/2	2 2 3 3 3 3	2:18.27	10	-	-	1	B	4	跑馬地	2.7			29.5			158.5	137.0
2020/1/22	1	第五班	2200米	(40-0)	好地	草地 - "A" 賽道	4	11	競駿飛鷹(B292)	郭能	霍利時	120	1219	7	4-1/4	7 8 8 10 7 4	2:18.40	15	-	-	1	B	5	跑馬地	2.7							
2020/1/22	1	第五班	2200米	(40-0)	好地	草地 - "A" 賽道	5	9	靚籐王(B425)	田泰安	高伯新	123	1138	2	4-3/4	6 5 7 8 8 5	2:18.49	5.2	-	-	1	B	4	跑馬地	2.7							
2020/1/22	1	第五班	2200米	(40-0)	好地	草地 - "A" 賽道	6	6	得意(C174)	蘇兆輝	葉楚航	129	1170	9	5-3/4	10 11 11 12 10 6	2:18.64	10	-	-	2	B/XB/TT	4	跑馬地	2.7							
2020/1/22	1	第五班	2200米	(40-0)	好地	草地 - "A" 賽道	7	2	蒜頭爺爺(V039)	潘頓	葉楚航	133	1029	6	7	3 3 4 4 4 7	2:18.83	3.7	1st Hot	-	1	B	7	跑馬地	2.7							
2020/1/22	1	第五班	2200米	(40-0)	好地	草地 - "A" 賽道	8	1	真跑得(A220)	陳嘉熙	方嘉柏	123	1097	11	7-1/2	12 9 2 2 6 8	2:18.90	24	-	-	2	TT	5	跑馬地	2.7							
2020/1/22	1	第五班	2200米	(40-0)	好地	草地 - "A" 賽道	9	3	友瑩利(C310)	希威森	蘇保羅	132	1239	12	8-1/2	9 10 10 11 12 9	2:19.10	63	-	-	2	 	4	跑馬地	2.7							
2020/1/22	1	第五班	2200米	(40-0)	好地	草地 - "A" 賽道	10	12	醒目快駒(B107)	莫雷拉	鄭俊偉	117	1083	3	9-1/2	8 7 9 9 11 10	2:19.26	4.9	2nd Hot	-	+ 1	B/H/TT	6	跑馬地	2.7							
2020/1/22	1	第五班	2200米	(40-0)	好地	草地 - "A" 賽道	11	4	志聰明(C319)	黎海榮	何良	132	1199	5	11-1/4	4 6 6 7 9 11	2:19.53	122	-	-	+ 1	B	4	跑馬地	2.7							
2020/1/22	1	第五班	2200米	(40-0)	好地	草地 - "A" 賽道	12	7	好醒神(C175)	彭國年	姚本輝	126	1025	8	11-3/4	1 1 1 1 2 12	2:19.60	32	-	-	+ 1	B	4	跑馬地	2.7							
2020/1/22	2	第四班	1200米	(60-40)	好地	草地 - "A" 賽道	1	12	善傳千里(A121)	蘇兆輝	文家良	118	1099	2	-	2 2 1	1:09.72	3.3	1st Hot	-	+ 1	 	6	跑馬地	2.7	15.0			180.0	61.0	45.0	
2020/1/22	2	第四班	1200米	(60-40)	好地	草地 - "A" 賽道	2	11	威風駿馬(B437)	田泰安	蘇保羅	120	1111	4	2-1/2	5 4 2	1:10.14	12	-	-	+ 1	BO	5	跑馬地	2.7		32.0		180.0	61.0		203.5
2020/1/22	2	第四班	1200米	(60-40)	好地	草地 - "A" 賽道	3	2	四千金(V362)	巫顯東	高伯新	127	1076	1	3	6 5 3	1:10.20	9.1	-	-	* 1	B/XB	-	跑馬地	2.7			22.5			45.0	203.5
2020/1/22	2	第四班	1200米	(60-40)	好地	草地 - "A" 賽道	4	3	魅力星光(C540)	希威森	韋達	130	1069	3	3	7 7 4	1:10.20	15	-	-	+ 1	B/XB	4	跑馬地	2.7							
2020/1/22	2	第四班	1200米	(60-40)	好地	草地 - "A" 賽道	5	10	天地僑福(C438)	潘頓	葉楚航	122	1051	11	3-3/4	3 3 5	1:10.31	3.3	2nd Hot	-	+ 1	 	4	跑馬地	2.7							
2020/1/22	2	第四班	1200米	(60-40)	好地	草地 - "A" 賽道	6	9	全心全意(C254)	彭國年	姚本輝	123	1097	12	5	1 1 6	1:10.52	8.9	-	-	1	B/TT1	4	跑馬地	2.7							
2020/1/22	2	第四班	1200米	(60-40)	好地	草地 - "A" 賽道	7	6	歐洲新星(D119)	薛恩	鄭俊偉	125	1105	6	5	9 6 7	1:10.52	45	-	-	+ 1	B1	3	跑馬地	2.7							
2020/1/22	2	第四班	1200米	(60-40)	好地	草地 - "A" 賽道	8	7	上浦精神(C350)	郭能	霍利時	125	1068	9	6	11 9 8	1:10.68	216	-	-	+ 1	TT	5	跑馬地	2.7							
2020/1/22	2	第四班	1200米	(60-40)	好地	草地 - "A" 賽道	9	4	正時機(C161)	潘明輝	葉楚航	127	1250	7	7-1/2	10 11 9	1:10.91	25	-	-	3	B/TT-	5	跑馬地	2.7							
2020/1/22	2	第四班	1200米	(60-40)	好地	草地 - "A" 賽道	10	1	電子大師(A254)	何澤堯	方嘉柏	132	1143	10	9-1/4	12 12 10	1:11.19	7.9	-	-	2	V-/XB	6	跑馬地	2.7							
2020/1/22	2	第四班	1200米	(60-40)	好地	草地 - "A" 賽道	11	5	金剛福星(D017)	莫雷拉	蔡約翰	125	995	5	11-1/4	8 10 11	1:11.52	24	-	-	* 2	 	4	跑馬地	2.7							
2020/1/22	2	第四班	1200米	(60-40)	好地	草地 - "A" 賽道	12	8	閃耀人生(C346)	黎海榮	徐雨石	125	1093	8	16-1/4	4 8 12	1:12.32	134	-	-	1	B	-	跑馬地	2.7							
2020/1/22	3	第四班	1200米	(60-40)	好地	草地 - "A" 賽道	1	4	喜勝駒(B167)	何澤堯	方嘉柏	128	1091	7	-	6 6 1	1:10.07	4.3	2nd Hot	-	* 1	TT	5	跑馬地	2.7	14.0			140.0	46.0	33.5	
2020/1/22	3	第四班	1200米	(60-40)	好地	草地 - "A" 賽道	2	2	紅褲日(C272)	陳嘉熙	鄭俊偉	123	1152	8	1/2	1 1 2	1:10.15	6.1	-	-	2	B/TT	5	跑馬地	2.7		20.0		140.0	46.0		37.0
2020/1/22	3	第四班	1200米	(60-40)	好地	草地 - "A" 賽道	3	9	加州雷電(D147)	彭國年	告東尼	124	1197	6	1/2	5 4 3	1:10.18	3.5	1st Hot	-	+ 1	TT	3	跑馬地	2.7			15.0			33.5	37.0
2020/1/22	3	第四班	1200米	(60-40)	好地	草地 - "A" 賽道	4	5	前進(D162)	希威森	賀賢	127	1132	2	2-1/4	7 7 4	1:10.42	11	-	-	1	H	3	跑馬地	2.7							
2020/1/22	3	第四班	1200米	(60-40)	好地	草地 - "A" 賽道	5	8	非凡魅力(D102)	黃皓楠	呂健威	124	1108	9	3-1/4	10 10 5	1:10.61	14	-	-	+ 1	H	4	跑馬地	2.7							
2020/1/22	3	第四班	1200米	(60-40)	好地	草地 - "A" 賽道	6	1	自由喜(B359)	薛恩	蘇偉賢	133	1151	1	3-3/4	4 5 6	1:10.67	10	-	-	+ 1	TT	5	跑馬地	2.7							
2020/1/22	3	第四班	1200米	(60-40)	好地	草地 - "A" 賽道	7	11	晨曦寶馬(C023)	莫雷拉	蔡約翰	120	1108	10	3-3/4	9 9 7	1:10.68	14	-	-	* 1	B	4	跑馬地	2.7							
2020/1/22	3	第四班	1200米	(60-40)	好地	草地 - "A" 賽道	8	3	皓月千里(C538)	黎海榮	沈集成	132	1169	3	4-1/4	2 3 8	1:10.77	63	-	-	+ 1	B/TT	4	跑馬地	2.7							
2020/1/22	3	第四班	1200米	(60-40)	好地	草地 - "A" 賽道	9 平頭馬	10	遨遊之星(C098)	梁家俊	容天鵬	124	1202	4	4-1/4	3 2 9	1:10.77	5.6	-	-	+ 1	V/TT	4	跑馬地	2.7							
2020/1/22	3	第四班	1200米	(60-40)	好地	草地 - "A" 賽道	9 平頭馬	12	哈蝦王旺(B381)	潘明輝	高伯新	115	1156	11	4-1/4	11 11 9	1:10.77	55	-	-	2	B-/TT	5	跑馬地	2.7							
2020/1/22	3	第四班	1200米	(60-40)	好地	草地 - "A" 賽道	11	6	相中飛揚(D028)	巫顯東	徐雨石	124	1045	12	10-1/2	12 12 11	1:11.76	229	-	-	2	H1	3	跑馬地	2.7							
2020/1/22	3	第四班	1200米	(60-40)	好地	草地 - "A" 賽道	12	7	滿貫動力(D045)	蘇狄雄	葉楚航	125	1071	5	13	8 8 12	1:12.14	251	-	-	2	TT-	4	跑馬地	2.7							
2020/1/22	4	第四班	1650米	(60-40)	好地	草地 - "A" 賽道	1	2	一舖成名(B162)	莫雷拉	羅富全	130	1138	6	-	8 8 8 1	1:40.12	3.5	1st Hot	-	+ 1	B/TT	5	跑馬地	2.7	15.0			100.0	36.5	81.5	
2020/1/22	4	第四班	1650米	(60-40)	好地	草地 - "A" 賽道	2	8	捉金皇(B460)	何澤堯	方嘉柏	120	1110	9	1/2	5 5 5 2	1:40.22	4.9	2nd Hot	-	1	 	4	跑馬地	2.7		20.0		100.0	36.5		124.0
2020/1/22	4	第四班	1650米	(60-40)	好地	草地 - "A" 賽道	3	10	爪皇烈焰(T353)	蘇兆輝	霍利時	118	1188	12	2-1/4	12 12 12 3	1:40.47	11	-	-	1	B/TT	8	跑馬地	2.7			33.5			81.5	124.0
2020/1/22	4	第四班	1650米	(60-40)	好地	草地 - "A" 賽道	4	3	放眼量(A140)	梁家俊	何良	129	1053	11	2-1/2	11 11 10 4	1:40.51	11	-	-	* 2	CP/H	6	跑馬地	2.7							
2020/1/22	4	第四班	1650米	(60-40)	好地	草地 - "A" 賽道	5	12	驃騎飛(C456)	黃皓楠	蘇偉賢	113	1126	8	3-3/4	9 9 9 5	1:40.73	174	-	-	1	 	4	跑馬地	2.7							
2020/1/22	4	第四班	1650米	(60-40)	好地	草地 - "A" 賽道	6	4	電路一號(B373)	巫顯東	告東尼	121	1062	5	4	1 1 2 6	1:40.74	35	-	-	* 2	H/TT	5	跑馬地	2.7							
2020/1/22	4	第四班	1650米	(60-40)	好地	草地 - "A" 賽道	7	1	連利之星(S093)	蘇狄雄	蘇保羅	131	1124	2	4	4 4 4 7	1:40.75	11	-	-	1	B	9	跑馬地	2.7							
2020/1/22	4	第四班	1650米	(60-40)	好地	草地 - "A" 賽道	8 平頭馬	5	及時行樂(A125)	田泰安	徐雨石	123	1132	7	4-1/4	10 10 11 8	1:40.81	7.9	-	-	1	B2	6	跑馬地	2.7							
2020/1/22	4	第四班	1650米	(60-40)	好地	草地 - "A" 賽道	8 平頭馬	9	醉開心(B286)	潘明輝	葉楚航	116	1105	4	4-1/4	6 6 6 8	1:40.81	5.1	-	-	1	E/TT	5	跑馬地	2.7							
2020/1/22	4	第四班	1650米	(60-40)	好地	草地 - "A" 賽道	10	6	高耀俊星(C516)	郭能	高伯新	121	1153	1	6-1/4	7 7 7 10	1:41.12	92	-	-	+ 2	B/H	3	跑馬地	2.7							
2020/1/22	4	第四班	1650米	(60-40)	好地	草地 - "A" 賽道	11	7	超霸無敵(C256)	希威森	姚本輝	120	1037	10	12-1/2	3 3 1 11	1:42.10	21	-	-	1	SR	4	跑馬地	2.7							
2020/1/22	4	第四班	1650米	(60-40)	好地	草地 - "A" 賽道	12	11	幸運精選(B114)	黎海榮	容天鵬	118	1114	3	17-1/2	2 2 3 12	1:42.94	17	-	-	1	B	5	跑馬地	2.7							
2020/1/22	5	第四班	1000米	(60-40)	好地	草地 - "A" 賽道	1	2	好甜橙(A300)	陳嘉熙	徐雨石	119	1150	10	-	1 1 1	0:57.24	5.1	2nd Hot	-	+ 1	V	5	跑馬地	2.7	17.5			283.5	87.0	66.0	
2020/1/22	5	第四班	1000米	(60-40)	好地	草地 - "A" 賽道	2	7	慣勝積極(A345)	黃皓楠	丁冠豪	123	1095	2	短馬頭位	3 3 2	0:57.25	13	-	-	+ 1	 	6	跑馬地	2.7		27.5		283.5	87.0		94.0
2020/1/22	5	第四班	1000米	(60-40)	好地	草地 - "A" 賽道	3	3	常勝心(D044)	潘頓	羅富全	128	1224	6	短馬頭位	2 2 3	0:57.27	5.1	2nd Hot	-	+ 1	 	4	跑馬地	2.7			17.5			66.0	94.0
2020/1/22	5	第四班	1000米	(60-40)	好地	草地 - "A" 賽道	4	4	顯心星(D216)	何澤堯	方嘉柏	128	1202	11	頸位	9 9 4	0:57.30	15	-	-	* 1	TT1	3	跑馬地	2.7							
2020/1/22	5	第四班	1000米	(60-40)	好地	草地 - "A" 賽道	5	8	菁年財駿(C435)	莫雷拉	沈集成	126	948	9	1-3/4	8 7 5	0:57.50	17	-	-	+ 1	TT	4	跑馬地	2.7							
2020/1/22	5	第四班	1000米	(60-40)	好地	草地 - "A" 賽道	6	9	紅旺(C341)	田泰安	葉楚航	126	1183	1	2-1/4	6 5 6	0:57.59	2.9	1st Hot	-	+ 1	H/SR1/TT	4	跑馬地	2.7							
2020/1/22	5	第四班	1000米	(60-40)	好地	草地 - "A" 賽道	7	11	喜勁驥(C006)	蘇兆輝	蔡約翰	117	1123	4	3-1/4	5 6 7	0:57.78	8.1	-	-	+ 1	H	4	跑馬地	2.7							
2020/1/22	5	第四班	1000米	(60-40)	好地	草地 - "A" 賽道	8	10	鼓浪威風(C088)	梁家俊	姚本輝	120	1235	8	4-3/4	7 8 8	0:58.00	7.7	-	-	+ 1	CP/XB/TT	4	跑馬地	2.7							
2020/1/22	5	第四班	1000米	(60-40)	好地	草地 - "A" 賽道	9	5	全中(D104)	薛恩	蘇保羅	128	1137	12	6	10 10 9	0:58.21	58	-	-	* 1	 	3	跑馬地	2.7							
2020/1/22	5	第四班	1000米	(60-40)	好地	草地 - "A" 賽道	10	6	中華精神(D148)	蘇狄雄	何良	124	1109	3	6-3/4	4 4 10	0:58.33	282	-	-	+ 1	 	3	跑馬地	2.7							
2020/1/22	5	第四班	1000米	(60-40)	好地	草地 - "A" 賽道	11	12	合進駒(A327)	巫顯東	容天鵬	113	1160	5	7	11 11 11	0:58.36	146	-	-	* 1	 	6	跑馬地	2.7							
2020/1/22	5	第四班	1000米	(60-40)	好地	草地 - "A" 賽道	12	1	智理共想(D060)	郭能	高伯新	133	1052	7	7-3/4	12 12 12	0:58.48	234	-	-	* 1	B1/XB1	4	跑馬地	2.7							
2020/1/22	5	第四班	1000米	(60-40)	好地	草地 - "A" 賽道			勇敢動力(D153)	彭國年	告東尼	128	---	---	---	---	---	---	-	-	-	-	3	跑馬地	2.7							
2020/1/22	6	第四班	1650米	(60-40)	好地	草地 - "A" 賽道	1	4	多多(C109)	莫雷拉	蔡約翰	126	1022	1	-	5 5 7 1	1:40.77	1.9	1st Hot	-	1	H	4	跑馬地	2.7	11.0			75.0	32.5	47.5	
2020/1/22	6	第四班	1650米	(60-40)	好地	草地 - "A" 賽道	2	3	悅目星光(A137)	田泰安	徐雨石	127	1123	7	1/2	3 2 2 2	1:40.84	9.3	-	-	* 2	 	7	跑馬地	2.7		25.5		75.0	32.5		152.5
2020/1/22	6	第四班	1650米	(60-40)	好地	草地 - "A" 賽道	3	6	福善(C426)	薛恩	高伯新	125	1055	3	1-3/4	7 7 8 3	1:41.02	13	-	-	+ * 1	XB/B1	4	跑馬地	2.7			30.0			47.5	152.5
2020/1/22	6	第四班	1650米	(60-40)	好地	草地 - "A" 賽道	4	5	特醒(C060)	希威森	韋達	125	1154	11	2	9 9 5 4	1:41.11	14	-	-	+ 1	B/XB	5	跑馬地	2.7							
2020/1/22	6	第四班	1650米	(60-40)	好地	草地 - "A" 賽道	5	11	喜悅明駒(A044)	梁家俊	丁冠豪	116	1019	5	2-1/4	4 4 6 5	1:41.15	12	-	-	1	H/TT	7	跑馬地	2.7							
2020/1/22	6	第四班	1650米	(60-40)	好地	草地 - "A" 賽道	6	2	美麗天使(C541)	蘇兆輝	告東尼	128	1004	8	3	1 1 1 6	1:41.23	140	-	-	1	TT	4	跑馬地	2.7							
2020/1/22	6	第四班	1650米	(60-40)	好地	草地 - "A" 賽道	7	1	心中有您(B283)	蘇狄雄	何良	131	1083	2	3-1/4	2 3 4 7	1:41.28	10	-	-	1	H/V	5	跑馬地	2.7							
2020/1/22	6	第四班	1650米	(60-40)	好地	草地 - "A" 賽道	8	10	力王(A065)	郭能	霍利時	120	1059	6	4	6 6 3 8	1:41.40	11	-	-	2	B	7	跑馬地	2.7							
2020/1/22	6	第四班	1650米	(60-40)	好地	草地 - "A" 賽道	9	12	如沐春風(B150)	黎海榮	鄭俊偉	114	1066	4	4-3/4	8 8 10 9	1:41.51	55	-	-	1	P-/B2	6	跑馬地	2.7							
2020/1/22	6	第四班	1650米	(60-40)	好地	草地 - "A" 賽道	10	7	鑽飾神聖(A419)	彭國年	苗禮德	125	1205	12	5	10 10 9 10	1:41.56	7.8	2nd Hot	-	+ 1	 	6	跑馬地	2.7							
2020/1/22	6	第四班	1650米	(60-40)	好地	草地 - "A" 賽道	11	8	軍炮(V371)	黃皓楠	葉楚航	130	1147	10	13-3/4	11 11 11 11	1:42.96	40	-	-	2	B	7	跑馬地	2.7							
2020/1/22	6	第四班	1650米	(60-40)	好地	草地 - "A" 賽道		9	隨我來(B300)	陳嘉熙	姚本輝	110	---	---	---	---	---	---	-	-	-	-	5	跑馬地	2.7							
2020/1/22	6	第四班	1650米	(60-40)	好地	草地 - "A" 賽道			陽光(A371)	何澤堯	呂健威	123	---	---	---	---	---	---	-	-	-	-	6	跑馬地	2.7							
2020/1/22	7	第三班	1650米	(80-60)	好地	草地 - "A" 賽道	1	10	奇真(T093)	希威森	霍利時	116	1124	10	-	2 1 1 1	1:40.42	40	-	-	+ 1	 	9	跑馬地	2.7	80.5			705.0	217.0	683.0	
2020/1/22	7	第三班	1650米	(80-60)	好地	草地 - "A" 賽道	2	12	童話(B238)	潘明輝	徐雨石	112	1138	4	頸位	3 4 4 2	1:40.47	3.4	1st Hot	-	+ 1	B/SR	6	跑馬地	2.7		14.0		705.0	217.0		107.5
2020/1/22	7	第三班	1650米	(80-60)	好地	草地 - "A" 賽道	3	9	翡翠福星(V020)	梁家俊	文家良	116	1126	5	1	4 3 2 3	1:40.58	18	-	-	+ 1	B	7	跑馬地	2.7			45.5			683.0	107.5
2020/1/22	7	第三班	1650米	(80-60)	好地	草地 - "A" 賽道	4	1	勤德兼備(A071)	陳嘉熙	賀賢	122	1086	2	1-3/4	6 6 5 4	1:40.69	9.9	-	-	+ 1	B	7	跑馬地	2.7							
2020/1/22	7	第三班	1650米	(80-60)	好地	草地 - "A" 賽道	5	2	福威勝(B223)	何澤堯	呂健威	129	1130	11	1-3/4	12 11 10 5	1:40.71	5.7	-	-	+ 1	 	6	跑馬地	2.7							
2020/1/22	7	第三班	1650米	(80-60)	好地	草地 - "A" 賽道	6	8	湛江最醒(B406)	田泰安	蘇偉賢	117	1060	1	2-1/2	5 7 7 6	1:40.83	3.5	2nd Hot	-	+ 1	TT	5	跑馬地	2.7							
2020/1/22	7	第三班	1650米	(80-60)	好地	草地 - "A" 賽道	7	11	友誼之星(V379)	蘇狄雄	蘇保羅	113	1176	3	4-1/4	8 10 11 7	1:41.09	27	-	-	+ 1	B	7	跑馬地	2.7							
2020/1/22	7	第三班	1650米	(80-60)	好地	草地 - "A" 賽道	8	6	運時來(D170)	莫雷拉	韋達	121	1009	9	5	11 12 12 8	1:41.22	20	-	-	* 1	B-/SR/XB	4	跑馬地	2.7							
2020/1/22	7	第三班	1650米	(80-60)	好地	草地 - "A" 賽道	9	7	歡喜心(A224)	蘇兆輝	蔡約翰	118	1144	8	6-1/2	7 5 6 9	1:41.48	15	-	-	+ 1	 	6	跑馬地	2.7							
2020/1/22	7	第三班	1650米	(80-60)	好地	草地 - "A" 賽道	10	4	老撾之光(C291)	薛恩	約翰摩亞	127	1008	6	6-1/2	9 9 8 10	1:41.48	33	-	-	+ 1	TT	4	跑馬地	2.7							
2020/1/22	7	第三班	1650米	(80-60)	好地	草地 - "A" 賽道	11	3	吉金寶(C298)	彭國年	苗禮德	128	1078	12	7	10 8 9 11	1:41.55	10	-	-	* 1	B/XB	5	跑馬地	2.7							
2020/1/22	7	第三班	1650米	(80-60)	好地	草地 - "A" 賽道	12	5	會展達人(C505)	黎海榮	葉楚航	123	1247	7	9-1/4	1 2 3 12	1:41.90	267	-	-	* 1	 	4	跑馬地	2.7							
2020/1/22	8	第三班	1200米	(80-60)	好地	草地 - "A" 賽道	1	2	飛霸龍(B033)	彭國年	苗禮德	131	1123	4	-	6 6 1	1:09.11	9.6	-	-	+ 1	TT	5	跑馬地	2.7	35.5			426.0	136.5	135.0	
2020/1/22	8	第三班	1200米	(80-60)	好地	草地 - "A" 賽道	2	11	非凡品味(B420)	何澤堯	呂健威	120	1152	11	3/4	2 2 2	1:09.25	9.6	-	-	1	CP/H	5	跑馬地	2.7		30.5		426.0	136.5		117.0
2020/1/22	8	第三班	1200米	(80-60)	好地	草地 - "A" 賽道	3	7	美麗躍動(C318)	陳嘉熙	羅富全	111	1132	3	2	10 10 3	1:09.43	7.6	-	-	2	B/TT	4	跑馬地	2.7			23.0			135.0	117.0
2020/1/22	8	第三班	1200米	(80-60)	好地	草地 - "A" 賽道	4	5	辣臣(D199)	郭能	約翰摩亞	124	990	7	3	4 4 4	1:09.59	61	-	-	+ 1	CP	3	跑馬地	2.7							
2020/1/22	8	第三班	1200米	(80-60)	好地	草地 - "A" 賽道	5	12	勝感(C324)	蘇兆輝	霍利時	117	1292	1	3	3 3 5	1:09.60	3.6	1st Hot	W P	1	B	4	跑馬地	2.7							
2020/1/22	8	第三班	1200米	(80-60)	好地	草地 - "A" 賽道	6	6	飛天劍(C463)	潘明輝	徐雨石	120	1044	9	3-1/2	9 8 6	1:09.66	36	-	-	1	 	4	跑馬地	2.7							
2020/1/22	8	第三班	1200米	(80-60)	好地	草地 - "A" 賽道	7	3	利害了(C367)	田泰安	韋達	126	1057	5	3-1/2	8 7 7	1:09.67	5.2	2nd Hot	-	* 2	CP/XB	4	跑馬地	2.7							
2020/1/22	8	第三班	1200米	(80-60)	好地	草地 - "A" 賽道	8	9	首飾大聖(B378)	莫雷拉	蔡約翰	120	1081	2	4-3/4	5 5 8	1:09.88	7.3	-	-	1	 	5	跑馬地	2.7							
2020/1/22	8	第三班	1200米	(80-60)	好地	草地 - "A" 賽道	9	10	紅星(V273)	梁家俊	葉楚航	120	1090	6	5-1/4	11 11 9	1:09.96	17	-	-	2	B	7	跑馬地	2.7							
2020/1/22	8	第三班	1200米	(80-60)	好地	草地 - "A" 賽道	10	8	翡翠劇院(A040)	黎海榮	文家良	121	1102	8	6-3/4	12 12 10	1:10.18	51	-	-	1	B	6	跑馬地	2.7							
2020/1/22	8	第三班	1200米	(80-60)	好地	草地 - "A" 賽道	11	1	天地人(B403)	薛恩	何良	133	1147	10	10-1/4	7 9 11	1:10.74	49	-	-	1	CP/H/XB	4	跑馬地	2.7							
2020/1/22	8	第三班	1200米	(80-60)	好地	草地 - "A" 賽道	12	4	大俠士(C373)	潘頓	沈集成	125	1145	12	14	1 1 12	1:11.36	7.9	-	-	1	H-/TT	5	跑馬地	2.7							
2020/1/22	9	第三班	1200米	(80-60)	好地	草地 - "A" 賽道	1	8	手到回來(C001)	梁家俊	容天鵬	122	1177	6	-	4 5 1	1:09.46	8.4	-	-	1	B/TT	5	跑馬地	2.7	23.0			527.0	145.0	52.5	
2020/1/22	9	第三班	1200米	(80-60)	好地	草地 - "A" 賽道	2	9	綠色勇駿(D140)	何澤堯	方嘉柏	120	1123	2	頸位	5 4 2	1:09.52	14	-	-	+ 1	B	4	跑馬地	2.7		35.5		527.0	145.0		91.5
2020/1/22	9	第三班	1200米	(80-60)	好地	草地 - "A" 賽道	3	3	合衷共濟(B250)	潘明輝	賀賢	126	1113	1	2	2 3 3	1:09.79	3.3	2nd Hot	-	+ 1	 	4	跑馬地	2.7			13.5			52.5	91.5
2020/1/22	9	第三班	1200米	(80-60)	好地	草地 - "A" 賽道	4	7	加州多寶(C077)	彭國年	告東尼	122	1155	8	2	8 10 4	1:09.80	11	-	-	1	B/TT	5	跑馬地	2.7							
2020/1/22	9	第三班	1200米	(80-60)	好地	草地 - "A" 賽道	5	11	承你所願(A178)	莫雷拉	韋達	117	1177	12	2-3/4	7 7 5	1:09.90	14	-	-	* 1	B/XB	6	跑馬地	2.7							
2020/1/22	9	第三班	1200米	(80-60)	好地	草地 - "A" 賽道	6	10	問鼎高峰(A009)	希威森	高伯新	117	1132	4	2-3/4	6 6 6	1:09.91	35	-	-	1	B	-	跑馬地	2.7							
2020/1/22	9	第三班	1200米	(80-60)	好地	草地 - "A" 賽道	7	5	晉神(C476)	蘇狄雄	葉楚航	123	1022	7	3	11 11 7	1:09.94	292	-	-	1	 	4	跑馬地	2.7							
2020/1/22	9	第三班	1200米	(80-60)	好地	草地 - "A" 賽道	8	2	金匯昇(C010)	田泰安	蔡約翰	131	1095	11	3-1/2	12 12 8	1:10.01	72	-	-	2	 	4	跑馬地	2.7							
2020/1/22	9	第三班	1200米	(80-60)	好地	草地 - "A" 賽道	9	1	極速駿馬(B211)	陳嘉熙	羅富全	123	1176	10	4-1/4	1 1 9	1:10.14	28	-	-	1	B/TT	5	跑馬地	2.7							
2020/1/22	9	第三班	1200米	(80-60)	好地	草地 - "A" 賽道	10	4	知道必勝(C383)	潘頓	沈集成	128	1220	9	4-1/2	3 2 10	1:10.16	2.8	1st Hot	-	2	B/TT	3	跑馬地	2.7							
2020/1/22	9	第三班	1200米	(80-60)	好地	草地 - "A" 賽道	11	12	清新動力(B067)	蘇兆輝	徐雨石	115	1018	3	5-1/2	10 8 11	1:10.35	8.1	-	-	* 2	B/TT	6	跑馬地	2.7							
2020/1/22	9	第三班	1200米	(80-60)	好地	草地 - "A" 賽道	12	6	喜悅天空(C195)	薛恩	丁冠豪	124	1104	5	9	9 9 12	1:10.89	260	-	-	+ 1	TT	5	跑馬地	2.7							
2020/1/27	1	第五班	1200米	(40-0)	好地	草地 - "B+2" 賽道	1	10	東龍陣(B394)	潘頓	容天鵬	128	1091	8	-	9 8 1	1:09.73	5.4	2nd Hot	-	+ 1	TT	4	沙田	2.72	20.5			113.0	47.5	251.5	
2020/1/27	1	第五班	1200米	(40-0)	好地	草地 - "B+2" 賽道	2	3	怡昌飛駒(B064)	巴度	苗禮德	133	1075	7	鼻位	7 7 2	1:09.73	3.4	1st Hot	-	+ 1	XB1/TT1	5	沙田	2.72		14.5		113.0	47.5		225.0
2020/1/27	1	第五班	1200米	(40-0)	好地	草地 - "B+2" 賽道	3	13	紅磚勇士(C304)	郭能	賀賢	124	1072	9	頸位	4 3 3	1:09.77	36	-	-	* 1	B/TT-	4	沙田	2.72			88.5			251.5	225.0
2020/1/27	1	第五班	1200米	(40-0)	好地	草地 - "B+2" 賽道	4	1	餘皇(B155)	陳嘉熙	韋達	123	1105	5	2-1/2	6 6 4	1:10.15	8.7	-	-	1	B	6	沙田	2.72							
2020/1/27	1	第五班	1200米	(40-0)	好地	草地 - "B+2" 賽道	5	12	神火金剛(B004)	莫雷拉	葉楚航	125	1054	12	3-1/4	10 10 5	1:10.23	5.8	-	-	+ 1	B	6	沙田	2.72							
2020/1/27	1	第五班	1200米	(40-0)	好地	草地 - "B+2" 賽道	6	2	辣得真(C021)	彭國年	羅富全	133	1053	4	3-1/4	8 9 6	1:10.24	8.3	-	-	+ 1	B/H	4	沙田	2.72							
2020/1/27	1	第五班	1200米	(40-0)	好地	草地 - "B+2" 賽道	7	5	越跑越好(T140)	薛恩	蘇保羅	131	1182	10	5-1/4	11 11 7	1:10.56	57	-	-	* 1	B/TT	-	沙田	2.72							
2020/1/27	1	第五班	1200米	(40-0)	好地	草地 - "B+2" 賽道	8	14	做得好(A082)	蘇狄雄	何良	111	1171	14	5-1/2	14 12 8	1:10.59	44	-	-	* 1	 	6	沙田	2.72							
2020/1/27	1	第五班	1200米	(40-0)	好地	草地 - "B+2" 賽道	9	11	喜氣綿綿(C236)	希威森	丁冠豪	127	1041	2	5-1/2	5 5 9	1:10.59	34	-	-	1	B-/H/P1	4	沙田	2.72							
2020/1/27	1	第五班	1200米	(40-0)	好地	草地 - "B+2" 賽道	10	9	自由旺(A209)	何澤堯	方嘉柏	129	1134	13	5-3/4	1 1 10	1:10.66	17	-	-	+ 1	H/XB	-	沙田	2.72							
2020/1/27	1	第五班	1200米	(40-0)	好地	草地 - "B+2" 賽道	11	7	濃有(C244)	梁家俊	文家良	129	1084	11	6	2 2 11	1:10.68	20	-	-	+ 1	TT-	4	沙田	2.72							
2020/1/27	1	第五班	1200米	(40-0)	好地	草地 - "B+2" 賽道	12	4	君子精神(V274)	黎海榮	蘇偉賢	131	978	3	6	12 14 12	1:10.68	65	-	-	+ 1	 	7	沙田	2.72							
2020/1/27	1	第五班	1200米	(40-0)	好地	草地 - "B+2" 賽道	13	8	葵涌精英(C173)	田泰安	高伯新	129	1134	6	6-1/2	13 13 13	1:10.77	9.4	-	-	+ 1	H	4	沙田	2.72							
2020/1/27	1	第五班	1200米	(40-0)	好地	草地 - "B+2" 賽道	14	6	靈光八號(C154)	黃皓楠	鄭俊偉	127	1047	1	8-1/2	3 4 14	1:11.10	166	-	-	* 1	H/XB	4	沙田	2.72							
2020/1/27	2	第四班	1000米	(60-40)	好地	草地 - "B+2" 賽道	1	3	無敵勇士(C483)	蘇兆輝	文家良	128	1219	1	-	3 3 1	0:56.79	2.8	1st Hot	-	1	 	3	沙田	2.72	13.5			89.5	39.5	32.5	
2020/1/27	2	第四班	1000米	(60-40)	好地	草地 - "B+2" 賽道	2	1	行星夢(D100)	薛恩	沈集成	133	1311	11	頸位	2 2 2	0:56.85	5.1	-	-	1	B1/TT	4	沙田	2.72		16.5		89.5	39.5		37.0
2020/1/27	2	第四班	1000米	(60-40)	好地	草地 - "B+2" 賽道	3	2	開心人生(C065)	潘頓	呂健威	129	1242	13	1-3/4	8 6 3	0:57.06	4.1	2nd Hot	-	+ 1	H/XB/TT	4	沙田	2.72			17.5			32.5	37.0
2020/1/27	2	第四班	1000米	(60-40)	好地	草地 - "B+2" 賽道	4	5	二話不說(C134)	潘明輝	葉楚航	124	1091	9	2-1/4	6 4 4	0:57.15	14	-	-	1	B	4	沙田	2.72							
2020/1/27	2	第四班	1000米	(60-40)	好地	草地 - "B+2" 賽道	5	7	年年豐收(D180)	莫雅	姚本輝	125	1103	4	3-1/4	14 7 5	0:57.33	5.1	-	-	+ 1	 	3	沙田	2.72							
2020/1/27	2	第四班	1000米	(60-40)	好地	草地 - "B+2" 賽道	6	6	傲龍駒(D164)	彭國年	苗禮德	125	1037	10	4-1/2	11 14 6	0:57.50	170	-	-	1	 	3	沙田	2.72							
2020/1/27	2	第四班	1000米	(60-40)	好地	草地 - "B+2" 賽道	7	11	雙節棍(C357)	何澤堯	方嘉柏	122	1028	8	4-1/2	13 10 7	0:57.52	39	-	-	1	TT	5	沙田	2.72							
2020/1/27	2	第四班	1000米	(60-40)	好地	草地 - "B+2" 賽道	8	9	旺舖必星(C387)	巴度	丁冠豪	124	1113	14	4-1/2	9 11 8	0:57.53	93	-	-	* 1	B1	4	沙田	2.72							
2020/1/27	2	第四班	1000米	(60-40)	好地	草地 - "B+2" 賽道	9	4	眾歡笑(D038)	莫雷拉	鄭俊偉	126	997	2	4-3/4	7 5 9	0:57.54	14	-	-	+ 1	H-	4	沙田	2.72							
2020/1/27	2	第四班	1000米	(60-40)	好地	草地 - "B+2" 賽道	10	13	寶貝兒(B365)	田泰安	蘇偉賢	117	985	7	5-3/4	12 12 10	0:57.72	32	-	-	+ 1	XB/TT	5	沙田	2.72							
2020/1/27	2	第四班	1000米	(60-40)	好地	草地 - "B+2" 賽道	11	10	南區寶(D149)	郭能	約翰摩亞	123	1114	5	7-1/4	1 1 11	0:57.97	217	-	-	1	B/TT	3	沙田	2.72							
2020/1/27	2	第四班	1000米	(60-40)	好地	草地 - "B+2" 賽道	12	14	娛樂大少(B060)	梁家俊	何良	116	1195	3	13-1/2	5 9 12	0:58.96	79	-	-	1	 	5	沙田	2.72							
2020/1/27	2	第四班	1000米	(60-40)	好地	草地 - "B+2" 賽道	13	8	威力喜(D074)	巫顯東	徐雨石	122	962	12	16-3/4	4 8 13	0:59.49	382	-	-	1	 	3	沙田	2.72							
2020/1/27	2	第四班	1000米	(60-40)	好地	草地 - "B+2" 賽道	14	12	成功星駒(D065)	希威森	霍利時	120	970	6	17-1/2	10 13 14	0:59.61	521	-	-	* 1	 	4	沙田	2.72							
2020/1/27	2	第四班	1000米	(60-40)	好地	草地 - "B+2" 賽道			吉利大勝(D122)	蔡明紹	高伯新	125	---	---	---	---	---	---	-	-	-	-	3	沙田	2.72							
2020/1/27	3	第四班	1400米	(60-40)	好地	草地 - "B+2" 賽道	1	1	熱血鬥士(C360)	莫雷拉	告東尼	133	1108	4	-	9 10 6 1	1:22.58	2.9	1st Hot	-	1	CP/TT	5	沙田	2.72	13.0			52.5	22.5	26.5	
2020/1/27	3	第四班	1400米	(60-40)	好地	草地 - "B+2" 賽道	2	2	發財福星(C413)	潘頓	何良	130	1049	1	1-3/4	5 6 3 2	1:22.86	3.5	2nd Hot	-	+ 1	 	4	沙田	2.72		15.0		52.5	22.5		30.5
2020/1/27	3	第四班	1400米	(60-40)	好地	草地 - "B+2" 賽道	3	7	有錢分(B079)	潘明輝	苗禮德	121	1130	2	2	12 13 13 3	1:22.90	3.8	-	-	1	B	5	沙田	2.72			13.5			26.5	30.5
2020/1/27	3	第四班	1400米	(60-40)	好地	草地 - "B+2" 賽道	4	6	妙算騰飛(C519)	梁家俊	容天鵬	125	1049	5	3-1/2	11 12 12 4	1:23.13	17	-	-	+ 1	 	3	沙田	2.72							
2020/1/27	3	第四班	1400米	(60-40)	好地	草地 - "B+2" 賽道	5	9	齊齊發(B356)	郭能	鄭俊偉	123	1181	13	3-1/2	10 9 9 5	1:23.13	10	-	-	+ 1	B/TT	5	沙田	2.72							
2020/1/27	3	第四班	1400米	(60-40)	好地	草地 - "B+2" 賽道	6	10	自然君子(C089)	希威森	方嘉柏	121	1172	12	4-1/4	13 11 14 6	1:23.25	139	-	-	* 1	B/H	5	沙田	2.72							
2020/1/27	3	第四班	1400米	(60-40)	好地	草地 - "B+2" 賽道	7	8	天賜寶(V401)	巫顯東	徐雨石	120	1086	7	4-1/4	2 1 1 7	1:23.25	91	-	-	2	H	6	沙田	2.72							
2020/1/27	3	第四班	1400米	(60-40)	好地	草地 - "B+2" 賽道	8	4	連連行運(C441)	莫雅	蔡約翰	126	1088	10	5-1/2	7 5 7 8	1:23.45	129	-	-	1	P-/B1	4	沙田	2.72							
2020/1/27	3	第四班	1400米	(60-40)	好地	草地 - "B+2" 賽道	9	14	太陽戰馬(C212)	黃皓楠	徐雨石	114	1168	14	8-1/4	4 3 2 9	1:23.92	46	-	-	3	B	5	沙田	2.72							
2020/1/27	3	第四班	1400米	(60-40)	好地	草地 - "B+2" 賽道	10	3	勁得手(C030)	陳嘉熙	容天鵬	119	1265	6	9-3/4	3 4 4 10	1:24.16	81	-	-	3	B/TT	4	沙田	2.72							
2020/1/27	3	第四班	1400米	(60-40)	好地	草地 - "B+2" 賽道	11	5	保羅承傳(C517)	楊明綸	羅富全	125	1041	9	10	1 2 5 11	1:24.16	23	-	-	* 1	B1/H1	3	沙田	2.72							
2020/1/27	3	第四班	1400米	(60-40)	好地	草地 - "B+2" 賽道	12	11	金剛石(C106)	蔡明紹	高伯新	121	1118	11	10-1/2	14 14 10 12	1:24.28	16	-	-	* 1	TT	4	沙田	2.72							
2020/1/27	3	第四班	1400米	(60-40)	好地	草地 - "B+2" 賽道	13	12	拖板精英(C362)	黎海榮	葉楚航	121	1027	3	11-3/4	6 8 8 13	1:24.45	468	-	-	2	TT1	4	沙田	2.72							
2020/1/27	3	第四班	1400米	(60-40)	好地	草地 - "B+2" 賽道	14	13	橋津精彩(C468)	蘇狄雄	蘇偉賢	118	1103	8	16	8 7 11 14	1:25.13	629	-	-	2	 	4	沙田	2.72							
2020/1/27	4	國際三級賽	1800米 		好地	草地 - "B+2" 賽道	1	1	時時精綵(B101)	潘頓	告東尼	133	1051	6	-	3 4 3 3 1	1:46.01	2.5	1st Hot	-		XB/TT	6	沙田	2.72	13.5			134.0	52.0	47.5	
2020/1/27	4	國際三級賽	1800米 		好地	草地 - "B+2" 賽道	2	11	龍鼓飛揚(C120)	巴度	苗禮德	113	1124	10	1-1/2	7 7 7 7 2	1:46.23	10	-	-		XB	5	沙田	2.72		28.0		134.0	52.0		135.0
2020/1/27	4	國際三級賽	1800米 		好地	草地 - "B+2" 賽道	3	5	幸福分享(A409)	蔡明紹	呂健威	114	998	1	1-1/2	4 3 4 4 3	1:46.26	9.3	-	-		 	6	沙田	2.72			25.5			47.5	135.0
2020/1/27	4	國際三級賽	1800米 		好地	草地 - "B+2" 賽道	4	10	任我行(C297)	田泰安	約翰摩亞	113	1034	3	2-1/4	6 6 6 6 4	1:46.39	11	-	-		CP	5	沙田	2.72							
2020/1/27	4	國際三級賽	1800米 		好地	草地 - "B+2" 賽道	5	6	鷹雄(A093)	潘明輝	約翰摩亞	114	1088	5	2-1/2	8 8 8 9 5	1:46.42	56	-	-		B/TT	7	沙田	2.72							
2020/1/27	4	國際三級賽	1800米 		好地	草地 - "B+2" 賽道	6	4	精明才子(B090)	梁家俊	羅富全	116	1136	4	3	5 5 5 5 6	1:46.49	101	-	-		XB	6	沙田	2.72							
2020/1/27	4	國際三級賽	1800米 		好地	草地 - "B+2" 賽道	7	2	達龍駒(C075)	蘇兆輝	羅富全	120	1110	8	5-1/2	1 1 1 1 7	1:46.89	20	-	-		B/TT1	5	沙田	2.72							
2020/1/27	4	國際三級賽	1800米 		好地	草地 - "B+2" 賽道	8	9	好好瑪(B318)	莫雷拉	賀賢	115	1039	9	5-3/4	9 9 9 8 8	1:46.95	8.6	-	-		B	5	沙田	2.72							
2020/1/27	4	國際三級賽	1800米 		好地	草地 - "B+2" 賽道	9	8	協霸神駒(B405)	何澤堯	沈集成	115	1068	2	6-1/2	10 10 10 10 9	1:47.03	4	2nd Hot	-		SR/TT	5	沙田	2.72							
2020/1/27	4	國際三級賽	1800米 		好地	草地 - "B+2" 賽道	10	7	聖靈之都(D801)	史賓沙	劉志森	116	1148	7	7-1/2	2 2 2 2 10	1:47.21	11	-	-		P2	5	沙田	2.72							
2020/1/27	4	國際三級賽	1800米 		好地	草地 - "B+2" 賽道		3	馬克羅斯(A066)	彭國年	告東尼	120	---	---	---	---	---	---	-	-	-	-	7	沙田	2.72							
2020/1/27	5	第四班	1200米	(60-40)	好地	草地 - "B+2" 賽道	1	11	福逸(D176)	巴度	高伯新	124	1173	10	-	5 4 1	1:09.37	5.9	2nd Hot	-	+ 1	 	3	沙田	2.72	23.0			98.0	40.5	102.5	
2020/1/27	5	第四班	1200米	(60-40)	好地	草地 - "B+2" 賽道	2	8	平海掌星(D123)	莫雷拉	蔡約翰	125	1254	7	3	8 7 2	1:09.85	2.1	1st Hot	-	+ 1	 	3	沙田	2.72		12.0		98.0	40.5		31.0
2020/1/27	5	第四班	1200米	(60-40)	好地	草地 - "B+2" 賽道	3	6	嘉應精彩(C526)	彭國年	告東尼	126	1044	1	4	3 5 3	1:10.01	6.4	-	-	+ 1	CP/TT	4	沙田	2.72			18.5			102.5	31.0
2020/1/27	5	第四班	1200米	(60-40)	好地	草地 - "B+2" 賽道	4	7	上校(D090)	巫顯東	姚本輝	122	1126	5	5-1/2	1 1 4	1:10.24	14	-	-	+ 1	B	3	沙田	2.72							
2020/1/27	5	第四班	1200米	(60-40)	好地	草地 - "B+2" 賽道	5	5	喜駿之星(D033)	何澤堯	文家良	126	1119	3	6	4 3 5	1:10.32	7.1	-	-	+ 1	 	4	沙田	2.72							
2020/1/27	5	第四班	1200米	(60-40)	好地	草地 - "B+2" 賽道	6	14	埼豐(A083)	黃皓楠	徐雨石	115	1029	12	6	7 8 6	1:10.33	123	-	-	1	 	7	沙田	2.72							
2020/1/27	5	第四班	1200米	(60-40)	好地	草地 - "B+2" 賽道	7	1	大當家(B145)	黎海榮	蘇偉賢	129	1053	11	6-1/4	14 10 7	1:10.36	303	-	-	1	TT	5	沙田	2.72							
2020/1/27	5	第四班	1200米	(60-40)	好地	草地 - "B+2" 賽道	8	12	木火同明(C460)	蔡明紹	何良	121	1052	14	6-1/2	13 12 8	1:10.43	27	-	-	1	H	4	沙田	2.72							
2020/1/27	5	第四班	1200米	(60-40)	好地	草地 - "B+2" 賽道	9	2	博愛友威(C152)	史賓沙	葉楚航	129	1075	8	8-3/4	12 11 9	1:10.75	40	-	-	* 1	 	4	沙田	2.72							
2020/1/27	5	第四班	1200米	(60-40)	好地	草地 - "B+2" 賽道	10	4	緣份(C535)	田泰安	韋達	129	1046	4	8-3/4	9 9 10	1:10.78	101	-	-	* 1	B1/XB1	4	沙田	2.72							
2020/1/27	5	第四班	1200米	(60-40)	好地	草地 - "B+2" 賽道	11	3	人和家盛(C531)	潘頓	沈集成	129	1005	9	9-1/4	2 2 11	1:10.86	9.9	-	-	+ 1	 	4	沙田	2.72							
2020/1/27	5	第四班	1200米	(60-40)	好地	草地 - "B+2" 賽道	12	13	銀亮福將(B418)	希威森	霍利時	118	1132	2	9-1/2	6 6 12	1:10.89	323	-	-	1	H/TT	5	沙田	2.72							
2020/1/27	5	第四班	1200米	(60-40)	好地	草地 - "B+2" 賽道	13	10	幸運勝駒(C514)	潘明輝	丁冠豪	122	1152	13	13	10 13 13	1:11.46	223	-	-	+ 1	 	3	沙田	2.72							
2020/1/27	5	第四班	1200米	(60-40)	好地	草地 - "B+2" 賽道	14	9	皮具傳奇(C542)	楊明綸	容天鵬	124	1001	6	28	11 14 14	1:13.84	355	-	-	1	 	4	沙田	2.72							
2020/1/27	6	第四班	1400米	(60-40)	好地	草地 - "B+2" 賽道	1	1	佳運來(T380)	彭國年	徐雨石	133	1015	1	-	13 14 14 1	1:22.66	6.5	-	-	+ 1	 	8	沙田	2.72	22.0			435.5	128.0	84.0	
2020/1/27	6	第四班	1400米	(60-40)	好地	草地 - "B+2" 賽道	2	4	深愛(A088)	潘頓	葉楚航	129	1042	9	短馬頭位	10 11 9 2	1:22.69	12	-	-	3	TT	6	沙田	2.72		41.5		435.5	128.0		172.0
2020/1/27	6	第四班	1400米	(60-40)	好地	草地 - "B+2" 賽道	3	8	勁力威龍(C437)	蘇兆輝	文家良	125	1070	3	頸位	8 7 7 3	1:22.70	7.2	-	-	1	 	3	沙田	2.72			20.5			84.0	172.0
2020/1/27	6	第四班	1400米	(60-40)	好地	草地 - "B+2" 賽道	4	13	打鐵趁熱(C133)	巴度	葉楚航	117	1075	8	1	9 10 4 4	1:22.82	10	-	-	+ 1	 	4	沙田	2.72							
2020/1/27	6	第四班	1400米	(60-40)	好地	草地 - "B+2" 賽道	5	3	雙天至尊(C293)	何澤堯	呂健威	130	1202	4	1-3/4	6 5 3 5	1:22.95	34	-	-	1	TT	5	沙田	2.72							
2020/1/27	6	第四班	1400米	(60-40)	好地	草地 - "B+2" 賽道	6	6	得益良多(C353)	薛恩	約翰摩亞	127	1088	10	2-1/4	2 2 2 6	1:23.01	4.8	2nd Hot	-	1	CP/XB/TT	4	沙田	2.72							
2020/1/27	6	第四班	1400米	(60-40)	好地	草地 - "B+2" 賽道	7	5	玩得好(A383)	田泰安	韋達	128	1043	7	2-1/2	5 6 6 7	1:23.07	4.5	1st Hot	-	1	 	6	沙田	2.72							
2020/1/27	6	第四班	1400米	(60-40)	好地	草地 - "B+2" 賽道	8	7	中華威威(D075)	希威森	韋達	125	1191	12	2-3/4	11 9 11 8	1:23.10	147	-	-	2	XB1	4	沙田	2.72							
2020/1/27	6	第四班	1400米	(60-40)	好地	草地 - "B+2" 賽道	9	11	皮具之星(C307)	楊明綸	容天鵬	124	1206	5	3-1/4	7 8 10 9	1:23.18	31	-	-	2	XB1/TT	4	沙田	2.72							
2020/1/27	6	第四班	1400米	(60-40)	好地	草地 - "B+2" 賽道	10	2	運財高明(C499)	蔡明紹	蘇保羅	131	1023	6	4	4 4 8 10	1:23.28	7.3	-	-	+ 1	 	4	沙田	2.72							
2020/1/27	6	第四班	1400米	(60-40)	好地	草地 - "B+2" 賽道	11	12	合夥年代(C534)	梁家俊	蘇偉賢	123	1104	13	4-1/4	12 12 12 11	1:23.34	286	-	-	* 1	B	4	沙田	2.72							
2020/1/27	6	第四班	1400米	(60-40)	好地	草地 - "B+2" 賽道	12	10	踏雪飛翔(D094)	黎海榮	姚本輝	125	1018	2	5	3 1 1 12	1:23.46	21	-	-	* 1	B1	4	沙田	2.72							
2020/1/27	6	第四班	1400米	(60-40)	好地	草地 - "B+2" 賽道	13	9	麯院風荷(T112)	蘇狄雄	蘇偉賢	112	1072	14	5-1/2	14 13 13 13	1:23.53	158	-	-	3	B/XB/TT	-	沙田	2.72							
2020/1/27	6	第四班	1400米	(60-40)	好地	草地 - "B+2" 賽道	14	14	醉翁意(C016)	莫雷拉	蔡約翰	115	1067	11	8-1/4	1 3 5 14	1:23.96	21	-	-	* 2	P	4	沙田	2.72							
2020/1/27	6	第四班	1400米	(60-40)	好地	草地 - "B+2" 賽道			一定搏(C497)	黃皓楠	容天鵬	122	---	---	---	---	---	---	-	-	-	-	4	沙田	2.72							
2020/1/27	7	第三班	2000米	(80-60)	好地	草地 - "B+2" 賽道	1	14	神龍駒(B108)	莫雷拉	告東尼	115	1052	8	-	5 5 5 3 1	2:01.13	3.7	1st Hot	-	1	H/TT	5	沙田	2.72	16.0			97.0	37.0	52.0	
2020/1/27	7	第三班	2000米	(80-60)	好地	草地 - "B+2" 賽道	2	4	扎西德勒(C084)	潘頓	約翰摩亞	128	1119	11	頭位	6 7 7 7 2	2:01.16	4.7	2nd Hot	-	1	CP/TT	5	沙田	2.72		18.0		97.0	37.0		66.5
2020/1/27	7	第三班	2000米	(80-60)	好地	草地 - "B+2" 賽道	3	9	紅麗舍(A005)	蘇兆輝	文家良	123	1136	3	1-1/4	3 4 3 5 3	2:01.34	7.8	-	-	1	B	7	沙田	2.72			20.5			52.0	66.5
2020/1/27	7	第三班	2000米	(80-60)	好地	草地 - "B+2" 賽道	4	3	文武傳奇(B137)	彭國年	沈集成	128	1129	1	2	7 6 6 6 4	2:01.46	7.8	-	-	1	B/TT	5	沙田	2.72							
2020/1/27	7	第三班	2000米	(80-60)	好地	草地 - "B+2" 賽道	5	7	旺旺龍(C294)	郭能	霍利時	127	1202	7	3-1/2	11 11 11 11 5	2:01.69	39	-	-	1	 	-	沙田	2.72							
2020/1/27	7	第三班	2000米	(80-60)	好地	草地 - "B+2" 賽道	6	1	軍民歡(B208)	希威森	韋達	133	1051	13	5-1/4	12 13 12 12 6	2:01.98	25	-	-	1	B	6	沙田	2.72							
2020/1/27	7	第三班	2000米	(80-60)	好地	草地 - "B+2" 賽道	7	12	機臣(D041)	田泰安	約翰摩亞	120	1112	9	5-1/2	9 10 10 10 7	2:02.03	13	-	-	2	B/XB	4	沙田	2.72							
2020/1/27	7	第三班	2000米	(80-60)	好地	草地 - "B+2" 賽道	8	13	榮冠大道(V378)	蘇狄雄	葉楚航	113	1161	5	6	8 8 8 8 8	2:02.09	165	-	-	1	V	7	沙田	2.72							
2020/1/27	7	第三班	2000米	(80-60)	好地	草地 - "B+2" 賽道	9	2	全民佳知(C288)	何澤堯	姚本輝	129	1109	12	6-1/4	2 3 4 4 9	2:02.14	4.8	-	-	1	B/XB	4	沙田	2.72							
2020/1/27	7	第三班	2000米	(80-60)	好地	草地 - "B+2" 賽道	10	8	事勝意(T391)	陳嘉熙	苗禮德	113	1061	10	10-1/4	4 2 2 1 10	2:02.76	22	-	-	1	SR/TT	8	沙田	2.72							
2020/1/27	7	第三班	2000米	(80-60)	好地	草地 - "B+2" 賽道	11	10	共創歡樂(C210)	巫顯東	何良	119	1044	6	11-1/4	1 1 1 2 11	2:02.91	15	-	-	+ 1	 	5	沙田	2.72							
2020/1/27	7	第三班	2000米	(80-60)	好地	草地 - "B+2" 賽道	12	11	長長友(B472)	楊明綸	容天鵬	122	1158	2	11-1/4	10 9 9 9 12	2:02.92	104	-	-	1	B	4	沙田	2.72							
2020/1/27	7	第三班	2000米	(80-60)	好地	草地 - "B+2" 賽道	13	6	馭風行(C433)	梁家俊	蘇保羅	128	1147	14	11-3/4	13 12 13 13 13	2:03.01	282	-	-	1	B1	4	沙田	2.72							
2020/1/27	7	第三班	2000米	(80-60)	好地	草地 - "B+2" 賽道		5	全才(B213)	巴度	羅富全	128	---	---	---	---	---	---	-	-	-	-	6	沙田	2.72							
2020/1/27	8	四歲	1600米 		好地	草地 - "B+2" 賽道	1	1	金鎗六十(C238)	何澤堯	呂健威	126	1059	4	-	7 7 6 1	1:33.61	1.8	1st Hot	-		 	4	沙田	2.72	11.0			38.5	19.0	38.0	
2020/1/27	8	四歲	1600米 		好地	草地 - "B+2" 賽道	2	4	幸福笑容(C199)	莫雅	呂健威	126	1217	9	1-1/4	9 9 9 2	1:33.80	4.4	-	-		 	4	沙田	2.72		12.5		38.5	19.0		68.0
2020/1/27	8	四歲	1600米 		好地	草地 - "B+2" 賽道	3	2	勝得精彩(C061)	田泰安	蔡約翰	126	1085	8	2-3/4	4 4 5 3	1:34.03	15	-	-		P-/B1/TT	4	沙田	2.72			28.0			38.0	68.0
2020/1/27	8	四歲	1600米 		好地	草地 - "B+2" 賽道	4	3	美麗非凡(D023)	莫雷拉	蔡約翰	126	1168	6	4-1/4	8 8 8 4	1:34.27	3.8	2nd Hot	-		H/TT	4	沙田	2.72							
2020/1/27	8	四歲	1600米 		好地	草地 - "B+2" 賽道	5	8	將耀(C429)	潘頓	告東尼	126	1077	1	4-1/2	5 5 4 5	1:34.31	27	-	-		H-/TT	4	沙田	2.72							
2020/1/27	8	四歲	1600米 		好地	草地 - "B+2" 賽道	6	7	二郎(C019)	梁家俊	約翰摩亞	126	1160	5	4-1/2	1 1 1 6	1:34.34	110	-	-		TT	4	沙田	2.72							
2020/1/27	8	四歲	1600米 		好地	草地 - "B+2" 賽道	7	6	幸福掌聲(C492)	薛恩	沈集成	126	1078	3	4-3/4	3 2 2 7	1:34.35	71	-	-		SR/TT	4	沙田	2.72							
2020/1/27	8	四歲	1600米 		好地	草地 - "B+2" 賽道	8	5	駿龍駒(D129)	蘇兆輝	羅富全	126	1044	2	6-1/2	2 3 3 8	1:34.66	25	-	-		TT1	4	沙田	2.72							
2020/1/27	8	四歲	1600米 		好地	草地 - "B+2" 賽道	9	9	威闖(D168)	郭能	約翰摩亞	126	1050	7	8-1/2	6 6 7 9	1:34.97	260	-	-		XB	4	沙田	2.72							
2020/1/27	9	第三班	1400米	(85-60)	好地	草地 - "B+2" 賽道	1	9	飈驥(C160)	潘頓	丁冠豪	124	1101	6	-	8 7 7 1	1:22.09	3.1	1st Hot	-	+ 1	B/TT	5	沙田	2.72	13.5			104.5	39.0	97.5	
2020/1/27	9	第三班	1400米	(85-60)	好地	草地 - "B+2" 賽道	2	11	翡翠精選(D133)	田泰安	苗禮德	118	1189	7	頸位	4 3 3 2	1:22.15	5.3	-	-	+ 1	 	4	沙田	2.72		20.5		104.5	39.0		165.0
2020/1/27	9	第三班	1400米	(85-60)	好地	草地 - "B+2" 賽道	3	12	路路通(B256)	陳嘉熙	羅富全	108	1194	4	1/2	2 2 2 3	1:22.16	14	-	-	+ 1	B	-	沙田	2.72			48.5			97.5	165.0
2020/1/27	9	第三班	1400米	(85-60)	好地	草地 - "B+2" 賽道	4	1	皇龍大將(T400)	梁家俊	徐雨石	133	1095	1	1/2	5 4 4 4	1:22.16	39	-	-	+ 1	B-/TT	8	沙田	2.72							
2020/1/27	9	第三班	1400米	(85-60)	好地	草地 - "B+2" 賽道	5	6	馬友冠(C299)	蘇兆輝	霍利時	130	1053	11	1-1/4	12 13 14 5	1:22.28	30	-	-	+ 1	 	5	沙田	2.72							
2020/1/27	9	第三班	1400米	(85-60)	好地	草地 - "B+2" 賽道	6	4	標準猴王(B244)	莫雷拉	約翰摩亞	131	1199	3	1-3/4	1 1 1 6	1:22.38	5.1	2nd Hot	-	+ 1	 	5	沙田	2.72							
2020/1/27	9	第三班	1400米	(85-60)	好地	草地 - "B+2" 賽道	7	10	勝賢(D169)	蔡明紹	賀賢	120	1072	9	2	10 9 9 7	1:22.42	123	-	-	+ 1	 	4	沙田	2.72							
2020/1/27	9	第三班	1400米	(85-60)	好地	草地 - "B+2" 賽道	8	3	競技勇士(B285)	蘇狄雄	葉楚航	131	1154	14	2-1/4	14 14 11 8	1:22.45	168	-	-	* 1	TT	5	沙田	2.72							
2020/1/27	9	第三班	1400米	(85-60)	好地	草地 - "B+2" 賽道	9	13	順意寶(B164)	巴度	韋達	116	1155	2	2-1/2	3 5 5 9	1:22.50	9.9	-	-	+ 1	B	5	沙田	2.72							
2020/1/27	9	第三班	1400米	(85-60)	好地	草地 - "B+2" 賽道	10	8	美麗滿紛(C475)	莫雅	蔡約翰	129	1167	12	3-1/4	6 6 6 10	1:22.59	19	-	-	+ 1	V1	4	沙田	2.72							
2020/1/27	9	第三班	1400米	(85-60)	好地	草地 - "B+2" 賽道	11	7	星運明爵(C431)	何澤堯	方嘉柏	130	1096	5	3-1/2	7 8 8 11	1:22.65	6.1	-	-	+ 1	XB/B1/TT	4	沙田	2.72							
2020/1/27	9	第三班	1400米	(85-60)	好地	草地 - "B+2" 賽道	12	2	威進駒(A326)	史賓沙	呂健威	133	1172	13	5-1/2	13 11 10 12	1:22.95	26	-	-	+ 1	 	6	沙田	2.72							
2020/1/27	9	第三班	1400米	(85-60)	好地	草地 - "B+2" 賽道	13	14	恆駿寶駒(T262)	黎海榮	蘇偉賢	115	1102	10	5-3/4	11 12 13 13	1:22.99	111	-	-	* 1	B/H	8	沙田	2.72							
2020/1/27	9	第三班	1400米	(85-60)	好地	草地 - "B+2" 賽道	14	5	曈曨光彩(D188)	彭國年	告東尼	130	1023	8	6-1/2	9 10 12 14	1:23.14	104	-	-	1	TT	4	沙田	2.72							
2020/1/27	10	第一班	1400米	(110-85)	好地	草地 - "B+2" 賽道	1	13	最合拍(B393)	巴度	沈集成	113	1094	10	-	1 1 2 1	1:21.56	2.4	1st Hot	-		B/TT	4	沙田	2.72	14.0			120.5	48.0	323.5	
2020/1/27	10	第一班	1400米	(110-85)	好地	草地 - "B+2" 賽道	2	7	百步穿雲(A165)	潘頓	賀賢	126	1149	13	1/2	11 10 9 2	1:21.64	11	-	-		H	7	沙田	2.72		22.5		120.5	48.0		1109.5
2020/1/27	10	第一班	1400米	(110-85)	好地	草地 - "B+2" 賽道	3	12	紅衣優駿(A039)	蔡明紹	羅富全	113	1204	14	1/2	6 3 1 3	1:21.65	142	-	-		B	6	沙田	2.72			225.5			323.5	1109.5
2020/1/27	10	第一班	1400米	(110-85)	好地	草地 - "B+2" 賽道	4	5	旌暉(V077)	潘明輝	姚本輝	127	1073	7	1-3/4	8 9 11 4	1:21.85	32	-	-		B	8	沙田	2.72							
2020/1/27	10	第一班	1400米	(110-85)	好地	草地 - "B+2" 賽道	5	4	信心保證(B105)	薛恩	約翰摩亞	130	1244	4	2	2 4 5 5	1:21.87	19	-	-		B/XB	6	沙田	2.72							
2020/1/27	10	第一班	1400米	(110-85)	好地	草地 - "B+2" 賽道	6	8	奔雷(B328)	田泰安	羅富全	126	1076	9	2	12 14 14 6	1:21.88	61	-	-		XB	5	沙田	2.72							
2020/1/27	10	第一班	1400米	(110-85)	好地	草地 - "B+2" 賽道	7	11	志同道合(B287)	楊明綸	蔡約翰	114	1129	5	2	3 5 4 7	1:21.90	13	-	-		SR	5	沙田	2.72							
2020/1/27	10	第一班	1400米	(110-85)	好地	草地 - "B+2" 賽道	8	10	都靈紅星(B092)	梁家俊	何良	116	1141	2	2-1/2	5 6 8 8	1:21.95	117	-	-		CP/TT	6	沙田	2.72							
2020/1/27	10	第一班	1400米	(110-85)	好地	草地 - "B+2" 賽道	9	3	載譽歸來(C215)	莫雷拉	羅富全	130	1155	11	2-1/2	9 8 6 9	1:21.96	3.6	2nd Hot	-		B	5	沙田	2.72							
2020/1/27	10	第一班	1400米	(110-85)	好地	草地 - "B+2" 賽道	10	9	弛曜風(C028)	何澤堯	蔡約翰	117	1135	6	3-1/4	13 12 13 10	1:22.08	6.8	-	-		E/TT	4	沙田	2.72							
2020/1/27	10	第一班	1400米	(110-85)	好地	草地 - "B+2" 賽道	11	2	雪霸神駒(C073)	希威森	苗禮德	133	1101	1	4-1/2	7 7 7 11	1:22.27	86	-	-		TT2	6	沙田	2.72							
2020/1/27	10	第一班	1400米	(110-85)	好地	草地 - "B+2" 賽道	12	6	志趣相投(A367)	莫雅	蔡約翰	129	1091	12	4-1/2	14 13 12 12	1:22.30	137	-	-		B	6	沙田	2.72							
2020/1/27	10	第一班	1400米	(110-85)	好地	草地 - "B+2" 賽道	13	14	精算風暴(B173)	蘇兆輝	蔡約翰	115	1148	3	5-3/4	10 11 10 13	1:22.49	12	-	-		PC	5	沙田	2.72							
2020/1/27	10	第一班	1400米	(110-85)	好地	草地 - "B+2" 賽道	14	1	凱倫致寶(D213)	巫顯東	約翰摩亞	110	1116	8	10-1/2	4 2 3 14	1:23.25	132	-	-		 	5	沙田	2.72							
2020/1/27	10	第一班	1400米	(110-85)	好地	草地 - "B+2" 賽道			安騏(B109)	陳嘉熙	約翰摩亞	123	---	---	---	---	---	---	-	-	-	-	6	沙田	2.72							
2020/1/27	11	第三班	1200米	(80-60)	好地	草地 - "B+2" 賽道	1	2	聚才(D108)	巴度	韋達	130	1191	9	-	8 7 1	1:09.06	3.6	2nd Hot	-	+ 1	 	4	沙田	2.72	13.0			247.0	70.5	236.0	
2020/1/27	11	第三班	1200米	(80-60)	好地	草地 - "B+2" 賽道	2	3	極速王(C231)	蘇兆輝	丁冠豪	129	1104	4	1	6 3 2	1:09.24	19	-	-	1	 	5	沙田	2.72		30.5		247.0	70.5		716.5
2020/1/27	11	第三班	1200米	(80-60)	好地	草地 - "B+2" 賽道	3	14	星叻(C257)	黃皓楠	羅富全	113	1052	1	2-1/2	3 1 3	1:09.45	61	-	-	* 1	 	4	沙田	2.72			96.0			236.0	716.5
2020/1/27	11	第三班	1200米	(80-60)	好地	草地 - "B+2" 賽道	4	6	各取所需(C474)	薛恩	約翰摩亞	128	1032	6	4-1/4	4 5 4	1:09.74	9	-	-	+ 1	B	4	沙田	2.72							
2020/1/27	11	第三班	1200米	(80-60)	好地	草地 - "B+2" 賽道	5	1	小太陽(D035)	潘頓	沈集成	133	1092	13	4-3/4	1 2 5	1:09.83	2.1	1st Hot	-	+ 1	 	3	沙田	2.72							
2020/1/27	11	第三班	1200米	(80-60)	好地	草地 - "B+2" 賽道	6	10	運來福星(C473)	蔡明紹	徐雨石	121	1008	14	6	13 12 6	1:10.03	248	-	-	* 1	CP1	4	沙田	2.72							
2020/1/27	11	第三班	1200米	(80-60)	好地	草地 - "B+2" 賽道	7	11	萬利高(V396)	蘇狄雄	蘇保羅	115	1091	8	6-1/2	12 13 7	1:10.10	82	-	-	+ 1	B	7	沙田	2.72							
2020/1/27	11	第三班	1200米	(80-60)	好地	草地 - "B+2" 賽道	8	7	勇闖者(A030)	田泰安	蔡約翰	126	1116	3	7	10 9 8	1:10.17	44	-	-	1	P/TT	-	沙田	2.72							
2020/1/27	11	第三班	1200米	(80-60)	好地	草地 - "B+2" 賽道	9	13	索先生(T330)	潘明輝	賀賢	114	1170	11	8-1/4	11 11 9	1:10.37	218	-	-	+ 1	B	-	沙田	2.72							
2020/1/27	11	第三班	1200米	(80-60)	好地	草地 - "B+2" 賽道	10	4	莫浪求(D200)	莫雷拉	告東尼	128	1170	5	8-1/2	7 6 10	1:10.42	4.8	-	-	+ 1	XB/TT	3	沙田	2.72							
2020/1/27	11	第三班	1200米	(80-60)	好地	草地 - "B+2" 賽道	11	8	川河明駒(D237)	何澤堯	方嘉柏	125	1120	2	10	9 10 11	1:10.67	65	-	-	* 1	 	3	沙田	2.72							
2020/1/27	11	第三班	1200米	(80-60)	好地	草地 - "B+2" 賽道	12	5	良才(A100)	陳嘉熙	文家良	118	1114	10	10-1/4	2 4 12	1:10.72	64	-	-	* 1	H/TT	6	沙田	2.72							
2020/1/27	11	第三班	1200米	(80-60)	好地	草地 - "B+2" 賽道	13	9	合夥精神(D175)	巫顯東	高伯新	119	1196	12	12-1/4	14 14 13	1:11.01	522	-	-	* 1	H/XB	4	沙田	2.72							
2020/1/27	11	第三班	1200米	(80-60)	好地	草地 - "B+2" 賽道	14	12	文武先鋒(B049)	希威森	霍利時	116	1258	7	21-1/2	5 8 14	1:12.49	268	-	-	+ 1	TT	6	沙田	2.72							
2020/1/29	1	第四班	1200米	(60-40)	好地	草地 - "B" 賽道	1	3	壽臣(C326)	潘頓	約翰摩亞	132	1133	2	-	3 3 1	1:10.06	1.9	1st Hot	-	1	B	4	跑馬地	2.71	12.0			199.0	70.5	138.0	
2020/1/29	1	第四班	1200米	(60-40)	好地	草地 - "B" 賽道	2	7	運才(A251)	薛恩	方嘉柏	124	1209	7	1	9 9 2	1:10.22	21	-	-	1	H/XB/B1	6	跑馬地	2.71		47.0		199.0	70.5		887.5
2020/1/29	1	第四班	1200米	(60-40)	好地	草地 - "B" 賽道	3	4	福滿寶(D118)	潘明輝	賀賢	127	1037	5	1-1/2	12 11 3	1:10.32	57	-	-	2	XB	4	跑馬地	2.71			111.5			138.0	887.5
2020/1/29	1	第四班	1200米	(60-40)	好地	草地 - "B" 賽道	4	8	紅旺(C341)	巴度	葉楚航	124	1178	11	1-3/4	4 4 4	1:10.33	6.3	2nd Hot	-	3	SR-/H/TT	4	跑馬地	2.71							
2020/1/29	1	第四班	1200米	(60-40)	好地	草地 - "B" 賽道	5	2	福喜多多(B128)	何澤堯	呂健威	133	1131	12	1-3/4	1 2 5	1:10.35	14	-	-	1	B	5	跑馬地	2.71							
2020/1/29	1	第四班	1200米	(60-40)	好地	草地 - "B" 賽道	6	12	豹子膽(C389)	巫顯東	徐雨石	113	1127	1	2-1/2	2 1 6	1:10.46	6.6	-	-	2	 	3	跑馬地	2.71							
2020/1/29	1	第四班	1200米	(60-40)	好地	草地 - "B" 賽道	7	1	夢幻仙子(V222)	彭國年	蘇偉賢	133	1150	4	2-3/4	7 6 7	1:10.48	14	-	-	+ 1	TT	7	跑馬地	2.71							
2020/1/29	1	第四班	1200米	(60-40)	好地	草地 - "B" 賽道	8	6	神期大帝(D107)	田泰安	告東尼	124	1052	9	2-3/4	6 5 8	1:10.51	60	-	-	1	H/TT	3	跑馬地	2.71							
2020/1/29	1	第四班	1200米	(60-40)	好地	草地 - "B" 賽道	9	5	東方雷(C500)	楊明綸	何良	125	1053	8	3-3/4	11 12 9	1:10.65	143	-	-	3	H/TT	4	跑馬地	2.71							
2020/1/29	1	第四班	1200米	(60-40)	好地	草地 - "B" 賽道	10	9	首飾傳奇(D032)	莫雷拉	蔡約翰	123	1158	10	3-3/4	8 10 10	1:10.65	18	-	-	* 2	B-/V1	4	跑馬地	2.71							
2020/1/29	1	第四班	1200米	(60-40)	好地	草地 - "B" 賽道	11	11	超級炮彈(C281)	蔡明紹	丁冠豪	119	1146	6	4-3/4	10 8 11	1:10.82	12	-	-	2	H-/B1	4	跑馬地	2.71							
2020/1/29	1	第四班	1200米	(60-40)	好地	草地 - "B" 賽道	12	10	常山耆寶(A275)	蘇兆輝	文家良	119	1049	3	5-1/4	5 7 12	1:10.90	29	-	-	1	P	6	跑馬地	2.71							
2020/1/29	2	第五班	1650米	(40-0)	好地	草地 - "B" 賽道	1	1	安定繁盛(C064)	莫雷拉	羅富全	133	1093	1	-	3 4 3 1	1:41.09	2	1st Hot	-	+ 1	B/TT	4	跑馬地	2.71	11.5			218.5	88.0	35.5	
2020/1/29	2	第五班	1650米	(40-0)	好地	草地 - "B" 賽道	2	4	駿協精英(V207)	蔡明紹	何良	128	1174	9	1/2	1 1 2 2	1:41.17	24	-	-	+ 1	V-/H/SR	7	跑馬地	2.71		60.5		218.5	88.0		179.0
2020/1/29	2	第五班	1650米	(40-0)	好地	草地 - "B" 賽道	3	10	明德之星(B395)	希威森	賀賢	118	1065	2	1-3/4	6 7 6 3	1:41.35	6.5	2nd Hot	-	+ 1	 	4	跑馬地	2.71			19.5			35.5	179.0
2020/1/29	2	第五班	1650米	(40-0)	好地	草地 - "B" 賽道	4	6	堅離地(A235)	彭國年	蘇偉賢	126	1049	10	2-1/4	10 6 5 4	1:41.43	16	-	-	+ 1	H/XB/TT	6	跑馬地	2.71							
2020/1/29	2	第五班	1650米	(40-0)	好地	草地 - "B" 賽道	5	7	執到笑(B130)	田泰安	蘇保羅	125	1160	4	3-1/4	9 11 10 5	1:41.60	26	-	-	+ 1	B/TT	5	跑馬地	2.71							
2020/1/29	2	第五班	1650米	(40-0)	好地	草地 - "B" 賽道	6	11	運來威力(B120)	楊明綸	容天鵬	113	1123	8	3-1/2	2 2 4 6	1:41.67	140	-	-	* 1	TT	5	跑馬地	2.71							
2020/1/29	2	第五班	1650米	(40-0)	好地	草地 - "B" 賽道	7	2	創紀錄(C168)	薛恩	沈集成	131	1074	12	4	12 9 8 7	1:41.74	35	-	-	+ 1	B-/CP1/TT	4	跑馬地	2.71							
2020/1/29	2	第五班	1650米	(40-0)	好地	草地 - "B" 賽道	8	5	向前看(B331)	梁家俊	鄭俊偉	126	1108	3	4	5 8 9 8	1:41.75	6.9	-	-	+ 1	TT	6	跑馬地	2.71							
2020/1/29	2	第五班	1650米	(40-0)	好地	草地 - "B" 賽道	9	3	盛勢(V243)	潘明輝	葉楚航	127	1089	11	4-1/4	8 3 1 9	1:41.78	12	-	-	+ 1	 	7	跑馬地	2.71							
2020/1/29	2	第五班	1650米	(40-0)	好地	草地 - "B" 賽道	10	9	小島怡情(T390)	何澤堯	文家良	122	1057	6	4-3/4	7 10 11 10	1:41.85	18	-	-	+ 1	B-/V1	8	跑馬地	2.71							
2020/1/29	2	第五班	1650米	(40-0)	好地	草地 - "B" 賽道	11	8	萬里威揚(A055)	利敬國	徐雨石	123	1043	5	5-1/2	4 5 7 11	1:41.95	10	-	-	+ 1	B	7	跑馬地	2.71							
2020/1/29	2	第五班	1650米	(40-0)	好地	草地 - "B" 賽道	12	12	好運齊來(B124)	巫顯東	高伯新	110	1144	7	7	11 12 12 12	1:42.20	53	-	-	* 1	B/H	-	跑馬地	2.71							
2020/1/29	3	第四班	1200米	(60-40)	好地	草地 - "B" 賽道	1	9	馬功臣(A296)	田泰安	蘇偉賢	119	1111	3	-	6 6 1	1:09.75	5.7	-	-	2	B/E/TT	6	跑馬地	2.71	18.5			127.5	43.5	97.5	
2020/1/29	3	第四班	1200米	(60-40)	好地	草地 - "B" 賽道	2	12	富祿(C352)	巴度	葉楚航	116	1094	11	1	12 10 2	1:09.92	3.4	2nd Hot	-	1	H/XB	5	跑馬地	2.71		15.0		127.5	43.5		81.0
2020/1/29	3	第四班	1200米	(60-40)	好地	草地 - "B" 賽道	3	3	赤水神駒(V364)	陳嘉熙	葉楚航	117	1192	5	1-1/2	1 1 3	1:09.97	15	-	-	4	B	6	跑馬地	2.71			34.0			97.5	81.0
2020/1/29	3	第四班	1200米	(60-40)	好地	草地 - "B" 賽道	4	1	愛馬劍(B013)	蘇兆輝	丁冠豪	133	1033	1	1-3/4	5 5 4	1:10.04	3.3	1st Hot	-	3	TT	6	跑馬地	2.71							
2020/1/29	3	第四班	1200米	(60-40)	好地	草地 - "B" 賽道	5	10	大運舞台(T256)	利敬國	鄭俊偉	118	1102	12	2-1/4	7 7 5	1:10.10	13	-	-	1	B	9	跑馬地	2.71							
2020/1/29	3	第四班	1200米	(60-40)	好地	草地 - "B" 賽道	6	11	從頭越(B073)	何澤堯	徐雨石	117	1159	10	3-1/2	9 9 6	1:10.30	6.7	-	-	1	B/TT1	6	跑馬地	2.71							
2020/1/29	3	第四班	1200米	(60-40)	好地	草地 - "B" 賽道	7	7	百寶袋(D008)	黎海榮	姚本輝	121	1058	7	3-3/4	8 8 7	1:10.34	51	-	-	+ 1	B-	4	跑馬地	2.71							
2020/1/29	3	第四班	1200米	(60-40)	好地	草地 - "B" 賽道	8	4	威威高星(D101)	蘇狄雄	賀賢	123	1145	9	5	10 12 8	1:10.54	191	-	-	3	H	3	跑馬地	2.71							
2020/1/29	3	第四班	1200米	(60-40)	好地	草地 - "B" 賽道	9	8	電子傳承(C322)	蔡明紹	文家良	120	1087	2	5-1/4	2 3 9	1:10.59	39	-	-	* 2	XB	4	跑馬地	2.71							
2020/1/29	3	第四班	1200米	(60-40)	好地	草地 - "B" 賽道	10	5	得先生(C032)	巫顯東	何良	120	1101	8	7	11 11 10	1:10.87	35	-	-	2	H/TT-	-	跑馬地	2.71							
2020/1/29	3	第四班	1200米	(60-40)	好地	草地 - "B" 賽道	11	6	玩到贏(B468)	梁家俊	容天鵬	121	1054	4	9-1/2	4 4 11	1:11.27	20	-	-	1	H/TT	5	跑馬地	2.71							
2020/1/29	3	第四班	1200米	(60-40)	好地	草地 - "B" 賽道	12	2	勇敢神駒(C066)	彭國年	告東尼	127	1066	6	13-1/2	3 2 12	1:11.91	29	-	-	2	B/TT	5	跑馬地	2.71							
2020/1/29	4	第四班	1200米	(60-40)	好地	草地 - "B" 賽道	1	6	金碧輝煌(T076)	蘇兆輝	丁冠豪	123	1083	3	-	2 2 1	1:10.00	3.3	2nd Hot	-	1	B/TT	9	跑馬地	2.71	14.5				50.0	24.5	12.5	27.0			
2020/1/29	4	第四班	1200米	(60-40)	好地	草地 - "B" 賽道	2	2	如真如假(C222)	何澤堯	方嘉柏	132	1108	7	2	3 4 2	1:10.34	3.1	1st Hot	-	2	TT	4	跑馬地	2.71		15.0			50.0	24.5			14.5	25.0	
2020/1/29	4	第四班	1200米	(60-40)	好地	草地 - "B" 賽道	3 平頭馬	3	活力爆發(C525)	楊明綸	賀賢	125	1110	1	3	6 7 3	1:10.47	4.3	-	-	+ 1	H	4	跑馬地	2.71			10.1				12.5		14.5		49.5
2020/1/29	4	第四班	1200米	(60-40)	好地	草地 - "B" 賽道	3 平頭馬	4	機智之星(D021)	郭能	姚本輝	124	947	5	3	8 8 3	1:10.47	11	-	-	* 2	H	4	跑馬地	2.71				14.0				27.0		25.0	49.5
2020/1/29	4	第四班	1200米	(60-40)	好地	草地 - "B" 賽道	5	12	好友無敵(A217)	黎海榮	文家良	115	1066	11	4-1/2	7 5 5	1:10.74	19	-	-	3	B	6	跑馬地	2.71											
2020/1/29	4	第四班	1200米	(60-40)	好地	草地 - "B" 賽道	6	10	君悅灣(P421)	黃皓楠	鄭俊偉	116	1226	9	5-3/4	4 3 6	1:10.90	112	-	-	2	H/TT	9	跑馬地	2.71											
2020/1/29	4	第四班	1200米	(60-40)	好地	草地 - "B" 賽道	7	8	閃電龍(D077)	希威森	羅富全	122	1193	8	6	10 9 7	1:10.96	153	-	-	1	B	4	跑馬地	2.71											
2020/1/29	4	第四班	1200米	(60-40)	好地	草地 - "B" 賽道	8	11	坪山新星(C242)	梁家俊	蘇保羅	119	973	4	6-1/2	9 10 8	1:11.03	29	-	-	1	TT1	4	跑馬地	2.71											
2020/1/29	4	第四班	1200米	(60-40)	好地	草地 - "B" 賽道	9	7	阿凡達(V123)	巫顯東	徐雨石	120	1088	12	7-1/4	1 1 9	1:11.15	68	-	-	3	XB-/B/TT	7	跑馬地	2.71											
2020/1/29	4	第四班	1200米	(60-40)	好地	草地 - "B" 賽道	10	1	無價寶(B254)	蘇狄雄	何良	131	1149	2	8	5 6 10	1:11.27	6.5	-	-	1	H/TT	5	跑馬地	2.71											
2020/1/29	4	第四班	1200米	(60-40)	好地	草地 - "B" 賽道	11	9	超凡動力(C434)	潘明輝	葉楚航	120	1112	6	9-1/4	11 11 11	1:11.49	135	-	-	2	B1	4	跑馬地	2.71											
2020/1/29	4	第四班	1200米	(60-40)	好地	草地 - "B" 賽道		5	特駒聯盟(C472)	莫雷拉	蔡約翰	124	---	---	---	---	---	---	-	-	-	-	3	跑馬地	2.71											
2020/1/29	5	第四班	1800米	(60-40)	好地	草地 - "B" 賽道	1	8	加州明雋(B363)	田泰安	告東尼	121	1127	2	-	2 1 1 1 1	1:49.20	4.3	-	-	* 1	TT	5	跑馬地	2.71	16.0			82.0	38.0	151.0	
2020/1/29	5	第四班	1800米	(60-40)	好地	草地 - "B" 賽道	2	10	醉醒神(B436)	莫雷拉	呂健威	119	1071	7	1/2	10 10 10 10 2	1:49.31	3.3	1st Hot	-	1	H/XB	4	跑馬地	2.71		13.0		82.0	38.0		130.5
2020/1/29	5	第四班	1800米	(60-40)	好地	草地 - "B" 賽道	3	12	精彩千里(C331)	利敬國	約翰摩亞	116	1127	10	3/4	1 2 2 2 3	1:49.31	27	-	-	1	CP	3	跑馬地	2.71			67.5			151.0	130.5
2020/1/29	5	第四班	1800米	(60-40)	好地	草地 - "B" 賽道	4	7	神州福星(B326)	潘頓	羅富全	126	1025	6	1	3 3 4 3 4	1:49.35	3.5	2nd Hot	-	1	CP/TT	6	跑馬地	2.71							
2020/1/29	5	第四班	1800米	(60-40)	好地	草地 - "B" 賽道	5	3	明月光(T369)	郭能	蘇保羅	132	1041	3	1	4 5 5 5 5	1:49.37	24	-	-	+ 1	B	8	跑馬地	2.71							
2020/1/29	5	第四班	1800米	(60-40)	好地	草地 - "B" 賽道	6	5	好計(B432)	何澤堯	方嘉柏	130	1061	9	1-3/4	9 9 9 8 6	1:49.46	10	-	-	1	V-/XB-/TT1	5	跑馬地	2.71							
2020/1/29	5	第四班	1800米	(60-40)	好地	草地 - "B" 賽道	7	1	王者再現(V156)	彭國年	姚本輝	133	1131	4	4-1/4	8 7 6 6 7	1:49.87	12	-	-	1	V	7	跑馬地	2.71							
2020/1/29	5	第四班	1800米	(60-40)	好地	草地 - "B" 賽道	8	6	寶得住(C125)	巴度	葉楚航	127	1015	11	4-1/4	5 6 7 7 8	1:49.90	17	-	-	1	XB/TT	5	跑馬地	2.71							
2020/1/29	5	第四班	1800米	(60-40)	好地	草地 - "B" 賽道	9	4	靚紫荊(A135)	黃皓楠	徐雨石	127	1062	8	5-1/4	12 12 12 12 9	1:50.03	40	-	-	+ 1	B	7	跑馬地	2.71							
2020/1/29	5	第四班	1800米	(60-40)	好地	草地 - "B" 賽道	10	9	開心日子(A333)	梁家俊	沈集成	121	1108	5	6	6 4 3 4 10	1:50.14	23	-	-	+ 1	B/TT	6	跑馬地	2.71							
2020/1/29	5	第四班	1800米	(60-40)	好地	草地 - "B" 賽道	11	11	大雁塔(C090)	希威森	蔡約翰	119	979	12	7-1/4	11 11 11 11 11	1:50.37	240	-	-	1	B/TT1	-	跑馬地	2.71							
2020/1/29	5	第四班	1800米	(60-40)	好地	草地 - "B" 賽道	12	2	千金一諾(V149)	薛恩	容天鵬	133	1140	1	7-3/4	7 8 8 9 12	1:50.44	78	-	-	+ 1	B	8	跑馬地	2.71							
2020/1/29	6	第三班	1650米	(80-60)	好地	草地 - "B" 賽道	1	5	狂舞派(B404)	莫雷拉	容天鵬	120	1052	9	-	10 10 11 1	1:39.67	2.1	1st Hot	-	* 1	 	5	跑馬地	2.71	10.1			624.0	204.5	17.0	
2020/1/29	6	第三班	1650米	(80-60)	好地	草地 - "B" 賽道	2	6	神舟寶駒(C269)	黃皓楠	徐雨石	117	1194	1	2	2 4 4 2	1:39.97	78	-	-	1	TT	6	跑馬地	2.71		133.0		624.0	204.5		206.5
2020/1/29	6	第三班	1650米	(80-60)	好地	草地 - "B" 賽道	3	10	偉大勝利(C048)	田泰安	韋達	117	1050	3	2	7 8 8 3	1:39.98	2.6	2nd Hot	-	+ 1	XB	6	跑馬地	2.71			14.0			17.0	206.5
2020/1/29	6	第三班	1650米	(80-60)	好地	草地 - "B" 賽道	4	9	傳奇(V357)	巴度	呂健威	119	1140	8	2-1/4	1 1 1 4	1:40.01	40	-	-	+ 1	B/TT	7	跑馬地	2.71							
2020/1/29	6	第三班	1650米	(80-60)	好地	草地 - "B" 賽道	5	7	智力寶(B311)	利敬國	蔡約翰	120	1177	4	2-1/4	5 5 5 5	1:40.02	7.8	-	-	1	 	5	跑馬地	2.71							
2020/1/29	6	第三班	1650米	(80-60)	好地	草地 - "B" 賽道	6	4	南莊加寶(B048)	楊明綸	徐雨石	130	1092	12	3	12 12 12 6	1:40.13	24	-	-	2	 	6	跑馬地	2.71							
2020/1/29	6	第三班	1650米	(80-60)	好地	草地 - "B" 賽道	7	3	美麗歡欣(D130)	希威森	約翰摩亞	128	1105	11	3-1/4	11 11 7 7	1:40.18	59	-	-	+ 1	CP1	4	跑馬地	2.71							
2020/1/29	6	第三班	1650米	(80-60)	好地	草地 - "B" 賽道	8	2	喜勝勁駒(C325)	潘頓	方嘉柏	129	1070	6	3-1/2	9 9 9 8	1:40.24	19	-	-	* 1	B-/TT1	4	跑馬地	2.71							
2020/1/29	6	第三班	1650米	(80-60)	好地	草地 - "B" 賽道	9	8	旅英福星(C368)	梁家俊	韋達	119	998	5	7	3 3 3 9	1:40.78	97	-	-	2	B/SR	4	跑馬地	2.71							
2020/1/29	6	第三班	1650米	(80-60)	好地	草地 - "B" 賽道	10	12	中華之光(A168)	黎海榮	葉楚航	113	1100	2	8-1/4	4 7 6 10	1:40.98	70	-	-	1	TT	6	跑馬地	2.71							
2020/1/29	6	第三班	1650米	(80-60)	好地	草地 - "B" 賽道	11	11	家家勝意(C510)	蔡明紹	鄭俊偉	116	1060	7	9-3/4	6 2 2 11	1:41.23	36	-	-	* 1	 	4	跑馬地	2.71							
2020/1/29	6	第三班	1650米	(80-60)	好地	草地 - "B" 賽道	12	1	勇敢傳說(A260)	彭國年	告東尼	133	1184	10	18-1/2	8 6 10 12	1:42.65	26	-	-	* 1	B/TT	6	跑馬地	2.71							
2020/1/29	6	第三班	1650米	(80-60)	好地	草地 - "B" 賽道			超趣(C285)	蘇兆輝	霍利時	123	---	---	---	---	---	---	-	-	-	-	5	跑馬地	2.71							
2020/1/29	7	第三班	1200米	(80-60)	好地	草地 - "B" 賽道	1	5	加州得迅(D276)	田泰安	告東尼	125	1152	12	-	1 1 1	1:09.75	6.1	-	-	+ 1	TT1	3	跑馬地	2.71	18.5			69.0	27.5	41.5	
2020/1/29	7	第三班	1200米	(80-60)	好地	草地 - "B" 賽道	2	4	勝利風範(C186)	莫雷拉	呂健威	127	1140	3	1-1/2	2 2 2	1:09.98	2.1	1st Hot	-	+ 1	 	4	跑馬地	2.71		11.0		69.0	27.5		18.5
2020/1/29	7	第三班	1200米	(80-60)	好地	草地 - "B" 賽道	3	6	南莊加好(C025)	楊明綸	丁冠豪	125	1089	1	2-3/4	3 3 3	1:10.19	3.6	2nd Hot	-	1	H	5	跑馬地	2.71			13.5			41.5	18.5
2020/1/29	7	第三班	1200米	(80-60)	好地	草地 - "B" 賽道	4	9	爸巴閉(D235)	蘇狄雄	何良	121	1063	5	3	7 5 4	1:10.24	48	-	-	* 1	 	3	跑馬地	2.71							
2020/1/29	7	第三班	1200米	(80-60)	好地	草地 - "B" 賽道	5	7	晨曦飛馬(C351)	潘頓	方嘉柏	124	1012	6	5-1/4	5 4 5	1:10.59	5.4	-	-	+ 1	TT	5	跑馬地	2.71							
2020/1/29	7	第三班	1200米	(80-60)	好地	草地 - "B" 賽道	6	8	家家成功(D069)	潘明輝	徐雨石	122	1181	8	6-3/4	10 9 6	1:10.83	279	-	-	* 1	B/TT	4	跑馬地	2.71							
2020/1/29	7	第三班	1200米	(80-60)	好地	草地 - "B" 賽道	7	2	騰龍駒(B349)	梁家俊	苗禮德	131	1104	7	6-3/4	8 7 7	1:10.84	39	-	-	+ 1	B	5	跑馬地	2.71							
2020/1/29	7	第三班	1200米	(80-60)	好地	草地 - "B" 賽道	8	3	最驫(A022)	薛恩	沈集成	129	1175	9	7	9 10 8	1:10.86	77	-	-	* 1	B/TT	7	跑馬地	2.71							
2020/1/29	7	第三班	1200米	(80-60)	好地	草地 - "B" 賽道	9	12	活力勇士(A313)	巴度	約翰摩亞	116	1099	11	7-1/2	12 11 9	1:10.93	28	-	-	+ 1	CP	6	跑馬地	2.71							
2020/1/29	7	第三班	1200米	(80-60)	好地	草地 - "B" 賽道	10	1	埃塞紡(C209)	希威森	霍利時	133	1150	2	8-1/4	6 6 10	1:11.09	331	-	-	* 1	 	-	跑馬地	2.71							
2020/1/29	7	第三班	1200米	(80-60)	好地	草地 - "B" 賽道	11	11	閃耀鑽皇(S347)	黃皓楠	容天鵬	113	1136	10	10-1/4	4 8 11	1:11.38	201	-	-	* 1	V/TT	8	跑馬地	2.71							
2020/1/29	7	第三班	1200米	(80-60)	好地	草地 - "B" 賽道	12	10	赤火神龍(A350)	何澤堯	賀賢	119	1132	4	11	11 12 12	1:11.53	177	-	-	1	B	6	跑馬地	2.71							
2020/1/29	8	第二班	1200米	(100-80)	好地	草地 - "B" 賽道	1	9	君達星(B019)	潘頓	丁冠豪	121	1188	12	-	1 1 1	1:08.99	1.4	1st Hot	-	+ 1	 	5	跑馬地	2.71	12.0			250.0	91.5	32.5	
2020/1/29	8	第二班	1200米	(100-80)	好地	草地 - "B" 賽道	2	5	禾道駒(B253)	利敬國	告東尼	124	1094	8	1-3/4	11 11 2	1:09.27	44	-	-	+ 1	B/TT	5	跑馬地	2.71		71.5		250.0	91.5		332.5
2020/1/29	8	第二班	1200米	(100-80)	好地	草地 - "B" 賽道	3	6	永同歡欣(C232)	郭能	容天鵬	123	1074	2	2-1/2	8 8 3	1:09.38	14	-	-	1	 	5	跑馬地	2.71			26.0			32.5	332.5
2020/1/29	8	第二班	1200米	(100-80)	好地	草地 - "B" 賽道	4	12	悅跑得(C502)	何澤堯	葉楚航	118	1141	11	2-1/2	12 12 4	1:09.40	139	-	-	+ 1	XB/TT	4	跑馬地	2.71							
2020/1/29	8	第二班	1200米	(100-80)	好地	草地 - "B" 賽道	5	3	牛角仔(C234)	薛恩	蘇偉賢	125	1089	4	3-1/4	5 6 5	1:09.50	10	-	-	* 1	CP	4	跑馬地	2.71							
2020/1/29	8	第二班	1200米	(100-80)	好地	草地 - "B" 賽道	6	8	年年旺(C122)	蘇兆輝	高伯新	122	1183	1	3-1/4	6 5 6	1:09.52	6.7	2nd Hot	-	+ 1	B/TT	5	跑馬地	2.71							
2020/1/29	8	第二班	1200米	(100-80)	好地	草地 - "B" 賽道	7	1	激賞(A377)	莫雷拉	蔡約翰	131	1016	10	3-1/2	3 2 7	1:09.56	33	-	-	+ 1	 	5	跑馬地	2.71							
2020/1/29	8	第二班	1200米	(100-80)	好地	草地 - "B" 賽道	8	2	正陽清風(B343)	蔡明紹	姚本輝	126	1185	9	3-3/4	2 4 8	1:09.60	28	-	-	+ 1	B	5	跑馬地	2.71							
2020/1/29	8	第二班	1200米	(100-80)	好地	草地 - "B" 賽道	9	4	慈愛恩典(C296)	潘明輝	苗禮德	122	1170	7	4	9 9 9	1:09.61	147	-	-	+ 1	XB/H1	5	跑馬地	2.71							
2020/1/29	8	第二班	1200米	(100-80)	好地	草地 - "B" 賽道	10	11	美麗友盈(C124)	巴度	約翰摩亞	118	1063	3	4	4 3 10	1:09.62	26	-	-	* 1	CP	5	跑馬地	2.71							
2020/1/29	8	第二班	1200米	(100-80)	好地	草地 - "B" 賽道	11	10	邊個邊個(B412)	陳嘉熙	鄭俊偉	111	1048	5	4-3/4	10 10 11	1:09.74	158	-	-	+ 1	TT	5	跑馬地	2.71							
2020/1/29	8	第二班	1200米	(100-80)	好地	草地 - "B" 賽道	12	7	凱旋來(C495)	田泰安	霍利時	122	1155	6	7-1/4	7 7 12	1:10.13	13	-	-	+ 1	SR/TT	4	跑馬地	2.71							
2020/1/29	9	第二班	1650米	(100-80)	好地	草地 - "B" 賽道	1	12	協勝神駒(B217)	利敬國	高伯新	118	1258	1	-	6 6 5 1	1:39.26	11	-	-	+ 1	B/H/TT	5	跑馬地	2.71	31.0			101.5	44.0	459.0	
2020/1/29	9	第二班	1650米	(100-80)	好地	草地 - "B" 賽道	2	8	精神威(C345)	莫雷拉	羅富全	121	1125	2	3/4	3 4 3 2	1:39.39	1.9	1st Hot	-	+ 1	 	4	跑馬地	2.71		12.0		101.5	44.0		117.0
2020/1/29	9	第二班	1650米	(100-80)	好地	草地 - "B" 賽道	3	4	綫路光輝(A402)	希威森	告東尼	123	1050	8	2-1/2	1 1 1 3	1:39.68	41	-	-	1	H/TT	6	跑馬地	2.71			74.5			459.0	117.0
2020/1/29	9	第二班	1650米	(100-80)	好地	草地 - "B" 賽道	4	1	非凡才子(C095)	潘頓	容天鵬	132	1119	4	3-3/4	8 9 9 4	1:39.85	8.7	-	-	+ 1	 	5	跑馬地	2.71							
2020/1/29	9	第二班	1650米	(100-80)	好地	草地 - "B" 賽道	5	7	得勝駒(B112)	田泰安	韋達	121	1123	9	4	2 3 4 5	1:39.88	22	-	-	+ 1	B/XB	5	跑馬地	2.71							
2020/1/29	9	第二班	1650米	(100-80)	好地	草地 - "B" 賽道	6	2	綠色有運(B413)	薛恩	方嘉柏	130	1077	12	4	5 2 2 6	1:39.91	45	-	-	1	B/H	5	跑馬地	2.71							
2020/1/29	9	第二班	1650米	(100-80)	好地	草地 - "B" 賽道	7	10	轉數高(C007)	何澤堯	賀賢	119	1194	7	5	11 11 11 7	1:40.05	4.5	2nd Hot	-	1	B/XB	5	跑馬地	2.71							
2020/1/29	9	第二班	1650米	(100-80)	好地	草地 - "B" 賽道	8	5	與龍共舞(B129)	彭國年	何良	122	1091	11	6	12 12 12 8	1:40.21	13	-	-	+ 1	H/P/TT	6	跑馬地	2.71							
2020/1/29	9	第二班	1650米	(100-80)	好地	草地 - "B" 賽道	9	9	哈囉嗲哋(C464)	巴度	丁冠豪	120	1119	3	6-1/4	7 7 7 9	1:40.26	97	-	-	+ 1	 	4	跑馬地	2.71							
2020/1/29	9	第二班	1650米	(100-80)	好地	草地 - "B" 賽道	10	3	合拍威龍(B099)	蔡明紹	約翰摩亞	127	1129	10	6-3/4	10 10 10 10	1:40.32	22	-	-	1	H	6	跑馬地	2.71							
2020/1/29	9	第二班	1650米	(100-80)	好地	草地 - "B" 賽道	11	11	紅運大師(C287)	蘇兆輝	蔡約翰	119	1040	5	8	4 5 6 11	1:40.56	17	-	-	+ 1	 	4	跑馬地	2.71							
2020/1/29	9	第二班	1650米	(100-80)	好地	草地 - "B" 賽道	12	6	真益善(D268)	郭能	沈集成	122	1071	6	11-1/2	9 8 8 12	1:41.10	181	-	-	1	B1/TT1	4	跑馬地	2.71							
2020/2/2	1	第四班	1200米	(60-40)	好地	草地 - "C" 賽道	1	12	至尊大師(A357)	莫雷拉	告東尼	116	1285	4	-	5 5 1	1:10.28	5.9	-	-	2	B/TT	6	沙田	2.71	16.5			1887.5	506.0	32.5	
2020/2/2	1	第四班	1200米	(60-40)	好地	草地 - "C" 賽道	2	3	合金之星(D053)	楊明綸	容天鵬	127	1060	1	1	6 4 2	1:10.43	81	-	-	1	 	4	沙田	2.71		158.0		1887.5	506.0		321.0
2020/2/2	1	第四班	1200米	(60-40)	好地	草地 - "C" 賽道	3	9	春風得意(C309)	利敬國	何良	123	1045	8	1-3/4	2 3 3	1:10.56	4.1	2nd Hot	-	1	CP/H	4	沙田	2.71			12.5			32.5	321.0
2020/2/2	1	第四班	1200米	(60-40)	好地	草地 - "C" 賽道	4	4	祥勝寶駒(D154)	潘頓	鄭俊偉	127	1020	2	2	4 1 4	1:10.61	16	-	-	1	CP1	3	沙田	2.71							
2020/2/2	1	第四班	1200米	(60-40)	好地	草地 - "C" 賽道	5	1	真精采(C270)	巫顯東	呂健威	130	1141	12	3-1/4	12 11 5	1:10.79	29	-	-	1	H/TT	4	沙田	2.71							
2020/2/2	1	第四班	1200米	(60-40)	好地	草地 - "C" 賽道	6	2	開心歡呼(C536)	巴度	沈集成	132	1145	9	4-1/4	7 7 6	1:10.96	69	-	-	1	TT1	4	沙田	2.71							
2020/2/2	1	第四班	1200米	(60-40)	好地	草地 - "C" 賽道	7	6	美滿將來(D115)	希威森	苗禮德	127	1102	10	4-1/4	1 2 7	1:10.97	14	-	-	+ * 1	 	3	沙田	2.71							
2020/2/2	1	第四班	1200米	(60-40)	好地	草地 - "C" 賽道	8	11	威力琦(C155)	梁家俊	霍利時	119	1013	3	4-1/2	8 8 8	1:10.99	56	-	-	1	P	5	沙田	2.71							
2020/2/2	1	第四班	1200米	(60-40)	好地	草地 - "C" 賽道	9	7	多多利高(D204)	彭國年	徐雨石	127	1033	7	4-3/4	11 12 9	1:11.05	13	-	-	1	 	3	沙田	2.71							
2020/2/2	1	第四班	1200米	(60-40)	好地	草地 - "C" 賽道	10	8	威風凜凜(D114)	田泰安	韋達	127	1226	11	5	3 6 10	1:11.10	1.9	1st Hot	-	1	XB	4	沙田	2.71							
2020/2/2	1	第四班	1200米	(60-40)	好地	草地 - "C" 賽道	11	5	連利之友(C471)	黃皓楠	葉楚航	124	1015	6	5-1/4	10 9 11	1:11.14	290	-	-	* 2	XB/TT	4	沙田	2.71							
2020/2/2	1	第四班	1200米	(60-40)	好地	草地 - "C" 賽道	12	10	西夏之王(C295)	潘明輝	蘇偉賢	118	1063	5	5-3/4	9 10 12	1:11.21	167	-	-	* 2	H/TT	4	沙田	2.71							
2020/2/2	2	第四班	1200米	(60-40)	好地	草地 - "C" 賽道	1	10	八卦(C102)	巴度	賀賢	121	1136	8	-	2 1 1	1:09.90	17	-	-	1	B/XB/TT1	4	沙田	2.71	34.0			530.5	137.5	107.5	
2020/2/2	2	第四班	1200米	(60-40)	好地	草地 - "C" 賽道	2	9	團結力量(D005)	蘇兆輝	姚本輝	125	1190	1	1/2	3 6 2	1:10.00	7	-	-	1	 	4	沙田	2.71		16.0		530.5	137.5		56.5
2020/2/2	2	第四班	1200米	(60-40)	好地	草地 - "C" 賽道	3	6	翡翠鳳凰(D179)	莫雷拉	羅富全	125	1167	7	3/4	7 7 3	1:10.02	5	2nd Hot	-	+ 1	 	3	沙田	2.71			15.0			107.5	56.5
2020/2/2	2	第四班	1200米	(60-40)	好地	草地 - "C" 賽道	4	3	至尊高陞(D052)	田泰安	蔡約翰	126	1298	10	1	9 8 4	1:10.08	10	-	-	1	 	4	沙田	2.71							
2020/2/2	2	第四班	1200米	(60-40)	好地	草地 - "C" 賽道	5	1	勁跑王(C420)	潘頓	告東尼	129	1131	6	1-1/4	5 4 5	1:10.09	1.8	1st Hot	-	1	H/TT	4	沙田	2.71							
2020/2/2	2	第四班	1200米	(60-40)	好地	草地 - "C" 賽道	6	12	喜多樂(C224)	梁家俊	丁冠豪	116	1185	12	1-3/4	10 10 6	1:10.17	15	-	-	1	TT	4	沙田	2.71							
2020/2/2	2	第四班	1200米	(60-40)	好地	草地 - "C" 賽道	7	4	寶都(C072)	何澤堯	呂健威	126	1031	4	2-3/4	1 2 7	1:10.35	39	-	-	* 2	H	5	沙田	2.71							
2020/2/2	2	第四班	1200米	(60-40)	好地	草地 - "C" 賽道	8	11	機緣巧俠(C358)	巫顯東	何良	114	1088	5	3	11 11 8	1:10.37	267	-	-	2	H/P	5	沙田	2.71							
2020/2/2	2	第四班	1200米	(60-40)	好地	草地 - "C" 賽道	9	7	帝豪精彩(D010)	蔡明紹	文家良	125	1206	9	4-1/4	6 3 9	1:10.56	65	-	-	1	XB	4	沙田	2.71							
2020/2/2	2	第四班	1200米	(60-40)	好地	草地 - "C" 賽道	10	5	快活一番(D037)	希威森	韋達	125	1280	2	4-1/2	8 9 10	1:10.61	173	-	-	2	P1	3	沙田	2.71							
2020/2/2	2	第四班	1200米	(60-40)	好地	草地 - "C" 賽道	11	8	有苗頭(D097)	黎海榮	徐雨石	125	1015	3	11	4 5 11	1:11.66	153	-	-	* 2	H1	3	沙田	2.71							
2020/2/2	2	第四班	1200米	(60-40)	好地	草地 - "C" 賽道	TNP	2	醒目再臨(A314)	彭國年	蘇偉賢	127	1170	11	---	---	---	25	-	-	1	H-/B/TT	6	沙田	2.71							
2020/2/2	2	第四班	1200米	(60-40)	好地	草地 - "C" 賽道			開心一號(C486)	利敬國	葉楚航	121	---	---	---	---	---	---	-	-	-	-	4	沙田	2.71							
2020/2/2	3	第五班	1400米	(40-0)	好地	草地 - "C" 賽道	1	8	天地同心(B030)	莫雷拉	徐雨石	128	1084	10	-	13 11 11 1	1:22.26	7.1	-	-	+ 1	 	5	沙田	2.71	25.0			379.0	128.5	63.0	
2020/2/2	3	第五班	1400米	(40-0)	好地	草地 - "C" 賽道	2	5	星河戰駒(C245)	何澤堯	方嘉柏	130	1096	1	1/2	5 5 5 2	1:22.35	9.9	-	-	+ 1	B1	4	沙田	2.71		33.5		379.0	128.5		127.5
2020/2/2	3	第五班	1400米	(40-0)	好地	草地 - "C" 賽道	3	3	生生勝勝(C110)	蘇兆輝	姚本輝	132	988	2	3/4	10 8 7 3	1:22.38	6.4	2nd Hot	-	+ 1	B	4	沙田	2.71			20.0			63.0	127.5
2020/2/2	3	第五班	1400米	(40-0)	好地	草地 - "C" 賽道	4	10	紅磚勇士(C304)	郭能	賀賢	125	1077	3	3/4	4 4 3 4	1:22.39	6.5	-	-	+ 1	B	4	沙田	2.71							
2020/2/2	3	第五班	1400米	(40-0)	好地	草地 - "C" 賽道	5	6	笑傲成功(C250)	陳嘉熙	丁冠豪	120	1213	12	1	1 1 1 5	1:22.44	26	-	-	+ 1	B/TT	4	沙田	2.71							
2020/2/2	3	第五班	1400米	(40-0)	好地	草地 - "C" 賽道	6	2	得賞(B288)	潘頓	葉楚航	133	1033	6	2-1/2	9 10 9 6	1:22.65	3.1	1st Hot	-	+ 1	 	5	沙田	2.71							
2020/2/2	3	第五班	1400米	(40-0)	好地	草地 - "C" 賽道	7	13	城中霸(C101)	潘明輝	沈集成	115	1157	5	4-1/2	2 3 2 7	1:22.97	9.9	-	-	+ 1	TT	4	沙田	2.71							
2020/2/2	3	第五班	1400米	(40-0)	好地	草地 - "C" 賽道	8	9	太陽多多(C171)	田泰安	文家良	127	1116	4	5	8 9 10 8	1:23.05	9	-	-	+ 1	B/TT	4	沙田	2.71							
2020/2/2	3	第五班	1400米	(40-0)	好地	草地 - "C" 賽道	9	14	非同凡響(B242)	黎海榮	呂健威	113	1048	7	6-1/4	11 12 12 9	1:23.26	130	-	-	* 1	B/H/XB/TT	5	沙田	2.71							
2020/2/2	3	第五班	1400米	(40-0)	好地	草地 - "C" 賽道	10	1	精選直前(V329)	巫顯東	何良	130	1127	9	6-1/2	7 7 6 10	1:23.30	110	-	-	+ 1	B/H	7	沙田	2.71							
2020/2/2	3	第五班	1400米	(40-0)	好地	草地 - "C" 賽道	11	7	彪形鐵漢(C012)	薛恩	蘇偉賢	129	1126	14	8-1/2	12 14 14 11	1:23.64	155	-	-	+ 1	CP-/B1/TT	-	沙田	2.71							
2020/2/2	3	第五班	1400米	(40-0)	好地	草地 - "C" 賽道	12	11	艦長天下(B096)	蔡明紹	霍利時	123	1176	11	8-3/4	6 6 8 12	1:23.66	23	-	-	+ 1	SR/TT	-	沙田	2.71							
2020/2/2	3	第五班	1400米	(40-0)	好地	草地 - "C" 賽道	13	12	贏歌(A334)	黃皓楠	鄭俊偉	115	1276	8	10-1/2	14 13 13 13	1:23.94	214	-	-	+ 1	B/TT	6	沙田	2.71							
2020/2/2	3	第五班	1400米	(40-0)	好地	草地 - "C" 賽道	14	4	勁飛聖(T361)	巴度	容天鵬	130	1094	13	12-1/2	3 2 4 14	1:24.25	52	-	-	+ 1	TT	7	沙田	2.71							
2020/2/2	4	第四班	1400米	(60-40)	好地	草地 - "C" 賽道	1	3	正本開心(C227)	潘頓	羅富全	129	1151	12	-	8 8 7 1	1:21.70	3.7	2nd Hot	-	1	CP/TT	4	沙田	2.71	13.0			80.5	32.5	226.5	
2020/2/2	4	第四班	1400米	(60-40)	好地	草地 - "C" 賽道	2	14	三圓䮭路(C149)	田泰安	蘇保羅	116	1112	7	1-1/4	6 6 6 2	1:21.88	3.1	1st Hot	-	+ 1	 	6	沙田	2.71		14.0		80.5	32.5		261.5
2020/2/2	4	第四班	1400米	(60-40)	好地	草地 - "C" 賽道	3	5	軒轅齊飛(V250)	陳嘉熙	葉楚航	116	1193	9	3-1/2	3 2 2 3	1:22.22	48	-	-	* 1	B/TT	7	沙田	2.71			119.0			226.5	261.5
2020/2/2	4	第四班	1400米	(60-40)	好地	草地 - "C" 賽道	4	11	鐵胆威龍(C015)	梁家俊	蘇偉賢	119	1140	3	4	4 4 5 4	1:22.34	64	-	-	1	CP-/B1/TT	5	沙田	2.71							
2020/2/2	4	第四班	1400米	(60-40)	好地	草地 - "C" 賽道	5	13	好友利(C223)	利敬國	徐雨石	116	1013	13	4	10 10 10 5	1:22.36	31	-	-	+ 1	B	4	沙田	2.71							
2020/2/2	4	第四班	1400米	(60-40)	好地	草地 - "C" 賽道	6	2	綫路勇駒(A041)	莫雷拉	告東尼	131	1205	10	4-3/4	12 13 9 6	1:22.45	4.3	-	-	+ 1	B/H/TT	7	沙田	2.71							
2020/2/2	4	第四班	1400米	(60-40)	好地	草地 - "C" 賽道	7	10	明月昇輝(A324)	何澤堯	韋達	119	1090	1	5-1/4	5 5 4 7	1:22.53	8.6	-	-	+ 1	H	6	沙田	2.71							
2020/2/2	4	第四班	1400米	(60-40)	好地	草地 - "C" 賽道	8	6	龍鳳情祥(B185)	蘇兆輝	賀賢	126	1081	8	5-1/4	11 9 8 8	1:22.55	29	-	-	+ 1	B	5	沙田	2.71							
2020/2/2	4	第四班	1400米	(60-40)	好地	草地 - "C" 賽道	9	8	怪獸都市(A190)	蔡明紹	何良	122	1151	2	7-1/4	1 1 1 9	1:22.85	18	-	-	+ 1	V	6	沙田	2.71							
2020/2/2	4	第四班	1400米	(60-40)	好地	草地 - "C" 賽道	10	4	真妙星(C059)	巴度	苗禮德	126	1191	11	7-1/2	14 14 14 10	1:22.92	28	-	-	+ * 1	B-/H-	5	沙田	2.71							
2020/2/2	4	第四班	1400米	(60-40)	好地	草地 - "C" 賽道	11	12	開心大師(B222)	潘明輝	方嘉柏	117	1106	4	7-3/4	13 12 12 11	1:22.93	57	-	-	1	TT	5	沙田	2.71							
2020/2/2	4	第四班	1400米	(60-40)	好地	草地 - "C" 賽道	12	7	瀟灑王子(V069)	希威森	文家良	124	1191	5	8-1/2	2 3 3 12	1:23.06	24	-	-	1	B	7	沙田	2.71							
2020/2/2	4	第四班	1400米	(60-40)	好地	草地 - "C" 賽道	13	9	戰熊三千(C457)	郭能	霍利時	120	1174	14	8-1/2	9 11 13 13	1:23.06	70	-	-	1	B1	3	沙田	2.71							
2020/2/2	4	第四班	1400米	(60-40)	好地	草地 - "C" 賽道	14	1	駿王(V423)	楊明綸	鄭俊偉	133	1232	6	26-1/2	7 7 11 14	1:25.95	69	-	-	1	B/TT	-	沙田	2.71							
2020/2/2	5	第三班	1600米	(80-60)	好地	草地 - "C" 賽道	1	4	不羈的風(B271)	莫雷拉	約翰摩亞	125	1059	5	-	4 4 3 1	1:34.55	3.3	2nd Hot	-	+ 1	B/TT	6	沙田	2.71	13.0			43.5	20.5	54.5	
2020/2/2	5	第三班	1600米	(80-60)	好地	草地 - "C" 賽道	2	5	超班福星(C183)	潘頓	丁冠豪	122	1081	2	1-1/4	5 5 5 2	1:34.72	2.5	1st Hot	-	+ 1	B/TT	5	沙田	2.71		12.0		43.5	20.5		38.0
2020/2/2	5	第三班	1600米	(80-60)	好地	草地 - "C" 賽道	3	3	翠湖飛鷹(B391)	彭國年	蘇偉賢	125	1058	11	2-1/4	9 10 6 3	1:34.86	8.6	-	-	1	 	5	沙田	2.71			23.5			54.5	38.0
2020/2/2	5	第三班	1600米	(80-60)	好地	草地 - "C" 賽道	4	2	興惑(B351)	何澤堯	告東尼	128	1026	1	2-1/2	7 7 9 4	1:34.92	13	-	-	2	B/TT	6	沙田	2.71							
2020/2/2	5	第三班	1600米	(80-60)	好地	草地 - "C" 賽道	5	9	睡眠攻略(C493)	希威森	霍利時	118	1127	6	3-1/4	8 8 8 5	1:35.07	86	-	-	1	SR	4	沙田	2.71							
2020/2/2	5	第三班	1600米	(80-60)	好地	草地 - "C" 賽道	6	1	美麗精神(B409)	田泰安	告東尼	133	1267	8	4-3/4	2 2 1 6	1:35.30	7.2	-	-	1	CP/TT	5	沙田	2.71							
2020/2/2	5	第三班	1600米	(80-60)	好地	草地 - "C" 賽道	7	7	軍威振(D141)	薛恩	韋達	121	1054	10	4-3/4	10 9 10 7	1:35.31	73	-	-	1	B/SR	4	沙田	2.71							
2020/2/2	5	第三班	1600米	(80-60)	好地	草地 - "C" 賽道	8	8	財富超影(C392)	蘇兆輝	蘇保羅	119	1096	4	5-1/4	6 6 7 8	1:35.38	9.3	-	-	1	B	4	沙田	2.71							
2020/2/2	5	第三班	1600米	(80-60)	好地	草地 - "C" 賽道	9	6	會展達人(C505)	郭能	葉楚航	121	1258	9	6-1/2	3 3 4 9	1:35.59	375	-	-	1	 	4	沙田	2.71							
2020/2/2	5	第三班	1600米	(80-60)	好地	草地 - "C" 賽道	10	11	度身訂做(C522)	蔡明紹	鄭俊偉	114	1022	3	8-1/2	1 1 2 10	1:35.91	73	-	-	* 1	B1	4	沙田	2.71							
2020/2/2	5	第三班	1600米	(80-60)	好地	草地 - "C" 賽道	11	10	機智神駒(B289)	黎海榮	姚本輝	114	1176	7	12-1/4	11 11 11 11	1:36.49	28	-	-	1	B	5	沙田	2.71							
2020/2/2	6	第四班	1650米	(60-40)	好地	全天候跑道	1	13	為食格格(C312)	莫雷拉	蘇偉賢	116	1248	9	-	7 10 8 1	1:39.18	3.3	1st Hot	-	1	H-/TT	4	沙田	2.71	16.0			173.0	69.0	33.0	
2020/2/2	6	第四班	1650米	(60-40)	好地	全天候跑道	2	12	威震天(V119)	蔡明紹	姚本輝	117	1127	2	1/2	2 2 1 2	1:39.27	11	-	-	+ 1	B/TT	8	沙田	2.71		31.0		173.0	69.0		76.0
2020/2/2	6	第四班	1650米	(60-40)	好地	全天候跑道	3	7	南莊瑞寶(B428)	彭國年	呂健威	127	1168	14	2-3/4	10 9 6 3	1:39.62	3.6	2nd Hot	-	+ 1	B	5	沙田	2.71			15.5			33.0	76.0
2020/2/2	6	第四班	1650米	(60-40)	好地	全天候跑道	4	11	埼豐(A083)	黃皓楠	徐雨石	117	1028	10	4-1/4	1 1 2 4	1:39.88	29	-	-	1	 	7	沙田	2.71							
2020/2/2	6	第四班	1650米	(60-40)	好地	全天候跑道	5	8	劍聶風(A201)	蘇兆輝	鄭俊偉	124	1055	13	5	9 6 5 5	1:39.98	14	-	-	+ 1	B	6	沙田	2.71							
2020/2/2	6	第四班	1650米	(60-40)	好地	全天候跑道	6	14	嘉應風采(B115)	楊明綸	容天鵬	114	1185	5	5	6 4 4 6	1:39.99	23	-	-	+ 1	P	5	沙田	2.71							
2020/2/2	6	第四班	1650米	(60-40)	好地	全天候跑道	7	2	夢幻戰士(C280)	田泰安	告東尼	133	1127	8	6-1/2	8 7 7 7	1:40.22	12	-	-	1	CP/H/TT	4	沙田	2.71							
2020/2/2	6	第四班	1650米	(60-40)	好地	全天候跑道	8	10	一代莊主(C419)	巴度	葉楚航	121	1075	4	7-1/2	5 3 3 8	1:40.39	14	-	-	* 1	P1/TT	4	沙田	2.71							
2020/2/2	6	第四班	1650米	(60-40)	好地	全天候跑道	9	9	好腳頭(S131)	陳嘉熙	羅富全	112	1194	1	9-1/2	12 12 12 9	1:40.72	30	-	-	1	PC/TT	9	沙田	2.71							
2020/2/2	6	第四班	1650米	(60-40)	好地	全天候跑道	10	6	威利熱流(T281)	梁家俊	蘇保羅	129	1146	12	10-1/4	13 13 13 10	1:40.84	48	-	-	* 1	B	8	沙田	2.71							
2020/2/2	6	第四班	1650米	(60-40)	好地	全天候跑道	11	4	公証揚鳴(V078)	薛恩	鄭俊偉	132	1151	6	11	11 11 11 11	1:40.94	34	-	-	3	B	-	沙田	2.71							
2020/2/2	6	第四班	1650米	(60-40)	好地	全天候跑道	12	1	皇龍司令(C208)	郭能	霍利時	133	1095	3	11-1/4	4 8 9 12	1:40.99	6.4	-	-	1	 	5	沙田	2.71							
2020/2/2	6	第四班	1650米	(60-40)	好地	全天候跑道	13	3	長友之星(B251)	巫顯東	何良	130	1131	7	14-3/4	3 5 10 13	1:41.56	72	-	-	1	H/P	6	沙田	2.71							
2020/2/2	6	第四班	1650米	(60-40)	好地	全天候跑道		5	金剛之星(A067)	何澤堯	鄭俊偉	130	---	---	---	---	---	---	-	-	-	-	-	沙田	2.71							
2020/2/2	7	第三班	1650米	(80-60)	好地	全天候跑道	1	10	八太子(A426)	利敬國	沈集成	122	1072	7	-	3 4 3 1	1:39.46	11	-	-	1	B/TT	6	沙田	2.71	28.5			260.0	71.5	116.0	
2020/2/2	7	第三班	1650米	(80-60)	好地	全天候跑道	2	1	好鬥心(C443)	何澤堯	呂健威	130	1093	3	1/2	11 10 12 2	1:39.55	3.6	2nd Hot	-	1	CP-/H/B1/TT	5	沙田	2.71		15.5		260.0	71.5		48.5
2020/2/2	7	第三班	1650米	(80-60)	好地	全天候跑道	3	3	和平路(B161)	潘頓	容天鵬	127	1144	1	3/4	5 5 5 3	1:39.59	7.5	-	-	1	H/XB/TT	6	沙田	2.71			19.5			116.0	48.5
2020/2/2	7	第三班	1650米	(80-60)	好地	全天候跑道	4	4	加州銀晉(C042)	田泰安	告東尼	126	1136	13	3/4	1 1 1 4	1:39.61	92	-	-	1	H/TT	5	沙田	2.71							
2020/2/2	7	第三班	1650米	(80-60)	好地	全天候跑道	5	7	安賦(B353)	蘇兆輝	方嘉柏	124	1091	11	1	13 12 11 5	1:39.61	17	-	-	+ 1	V	6	沙田	2.71							
2020/2/2	7	第三班	1650米	(80-60)	好地	全天候跑道	6	8	大道至正(C197)	莫雷拉	鄭俊偉	124	1154	4	1-3/4	9 7 8 6	1:39.73	2.5	1st Hot	-	2	XB	5	沙田	2.71							
2020/2/2	7	第三班	1650米	(80-60)	好地	全天候跑道	7	9	團結一致(C494)	潘明輝	霍利時	121	971	9	2-1/4	12 13 13 7	1:39.82	284	-	-	2	XB	4	沙田	2.71							
2020/2/2	7	第三班	1650米	(80-60)	好地	全天候跑道	8	6	進力之城(D113)	薛恩	韋達	125	1042	8	2-1/4	4 2 2 8	1:39.83	107	-	-	* 1	CP-/SR-/P1	4	沙田	2.71							
2020/2/2	7	第三班	1650米	(80-60)	好地	全天候跑道	9	13	金如意(A172)	梁家俊	蘇保羅	118	1067	12	3-3/4	7 8 7 9	1:40.05	81	-	-	1	 	7	沙田	2.71							
2020/2/2	7	第三班	1650米	(80-60)	好地	全天候跑道	10	5	蒙古傳奇(B317)	黎海榮	徐雨石	126	1165	10	4	10 11 10 10	1:40.10	37	-	-	1	 	6	沙田	2.71							
2020/2/2	7	第三班	1650米	(80-60)	好地	全天候跑道	11	11	旅遊首席(T098)	巴度	鄭俊偉	122	1193	5	6	8 9 9 11	1:40.41	6.7	-	-	* 1	B/TT	9	沙田	2.71							
2020/2/2	7	第三班	1650米	(80-60)	好地	全天候跑道	12	2	格男(C398)	陳嘉熙	約翰摩亞	119	978	2	7	2 3 4 12	1:40.56	103	-	-	* 1	CP-/XB/B1	-	沙田	2.71							
2020/2/2	7	第三班	1650米	(80-60)	好地	全天候跑道	13	12	上浦福滿(A193)	希威森	霍利時	120	1059	6	10-1/4	6 6 6 13	1:41.09	31	-	-	1	B	6	沙田	2.71							
2020/2/2	8	第三班	1000米	(80-60)	好地	草地 - "C" 賽道	1	2	跳出世界(C333)	巴度	蔡約翰	133	1247	1	-	12 8 1	0:56.53	6.4	-	-	+ 1	B	4	沙田	2.71	21.0			122.0	48.0	63.0	
2020/2/2	8	第三班	1000米	(80-60)	好地	草地 - "C" 賽道	2	8	傳盛(B416)	薛恩	呂健威	126	1198	14	頸位	3 2 2	0:56.58	3.2	1st Hot	-	+ 1	 	4	沙田	2.71		14.0		122.0	48.0		32.0
2020/2/2	8	第三班	1000米	(80-60)	好地	草地 - "C" 賽道	3	5	和氣生財(D110)	潘頓	蘇偉賢	129	1084	10	1/2	4 6 3	0:56.64	4.1	2nd Hot	-	1	H-	3	沙田	2.71			17.0			63.0	32.0
2020/2/2	8	第三班	1000米	(80-60)	好地	草地 - "C" 賽道	4	10	夢幻人生(C166)	蘇兆輝	文家良	124	1143	3	1-3/4	5 3 4	0:56.83	6.6	-	-	+ 1	B	4	沙田	2.71							
2020/2/2	8	第三班	1000米	(80-60)	好地	草地 - "C" 賽道	5	12	嘉應精英(C240)	莫雷拉	容天鵬	122	1165	2	2-3/4	7 5 5	0:56.97	6.4	-	-	1	TT	4	沙田	2.71							
2020/2/2	8	第三班	1000米	(80-60)	好地	草地 - "C" 賽道	6	4	一舖縱橫(B385)	楊明綸	丁冠豪	130	1065	4	3	10 10 6	0:57.00	148	-	-	1	H/TT	5	沙田	2.71							
2020/2/2	8	第三班	1000米	(80-60)	好地	草地 - "C" 賽道	7	6	幸運拼圖(D112)	黃皓楠	徐雨石	124	1020	8	4	13 13 7	0:57.16	452	-	-	1	H1	4	沙田	2.71							
2020/2/2	8	第三班	1000米	(80-60)	好地	草地 - "C" 賽道	8	9	辣臣(D199)	郭能	約翰摩亞	125	997	5	4-1/2	2 4 8	0:57.24	27	-	-	1	CP	3	沙田	2.71							
2020/2/2	8	第三班	1000米	(80-60)	好地	草地 - "C" 賽道	9	1	大武士(B216)	利敬國	沈集成	133	1148	7	4-1/2	1 1 9	0:57.27	16	-	-	1	TT	6	沙田	2.71							
2020/2/2	8	第三班	1000米	(80-60)	好地	草地 - "C" 賽道	10	13	飛龍降臨(D182)	彭國年	沈集成	121	1133	6	4-3/4	6 7 10	0:57.28	155	-	-	2	CP1/TT1	3	沙田	2.71							
2020/2/2	8	第三班	1000米	(80-60)	好地	草地 - "C" 賽道	11	14	驫驫(A315)	黎海榮	何良	118	1179	11	6	8 9 11	0:57.50	130	-	-	1	H/V	6	沙田	2.71							
2020/2/2	8	第三班	1000米	(80-60)	好地	草地 - "C" 賽道	12	11	霸勝(A270)	巫顯東	葉楚航	119	1289	13	6-1/2	9 11 12	0:57.58	33	-	-	1	B/TT	6	沙田	2.71							
2020/2/2	8	第三班	1000米	(80-60)	好地	草地 - "C" 賽道	13	7	樂盈盈(C369)	田泰安	告東尼	127	1044	12	9	14 14 13	0:57.96	52	-	-	+ 1	B1/TT1	4	沙田	2.71							
2020/2/2	8	第三班	1000米	(80-60)	好地	草地 - "C" 賽道	14	3	極速前進(V390)	陳嘉熙	容天鵬	121	1257	9	11-3/4	11 12 14	0:58.42	36	-	-	2	V/TT	6	沙田	2.71							
2020/2/2	9	第三班	1200米	(80-60)	好地	草地 - "C" 賽道	1	8	輝煌芯(D055)	巴度	韋達	122	1105	9	-	1 1 1	1:09.47	1.5	1st Hot	-	+ 1	XB	4	沙田	2.71	11.5			79.5	34.0	134.5	
2020/2/2	9	第三班	1200米	(80-60)	好地	草地 - "C" 賽道	2	1	聰明導彈(C037)	潘頓	蘇偉賢	133	1086	11	短馬頭位	8 6 2	1:09.50	11	-	-	+ 1	B/TT	4	沙田	2.71		22.0		79.5	34.0		694.5
2020/2/2	9	第三班	1200米	(80-60)	好地	草地 - "C" 賽道	3	11	嘉應傳奇(B234)	楊明綸	容天鵬	119	1128	4	1/2	2 3 3	1:09.56	69	-	-	* 1	TT	5	沙田	2.71			112.0			134.5	694.5
2020/2/2	9	第三班	1200米	(80-60)	好地	草地 - "C" 賽道	4	12	連利福將(B475)	田泰安	葉楚航	118	1102	2	1-1/4	5 9 4	1:09.68	6	2nd Hot	-	+ 1	 	4	沙田	2.71							
2020/2/2	9	第三班	1200米	(80-60)	好地	草地 - "C" 賽道	5	9	鼓浪順風(D040)	梁家俊	姚本輝	122	1168	3	1-1/2	6 5 5	1:09.72	12	-	-	* 1	TT-	4	沙田	2.71							
2020/2/2	9	第三班	1200米	(80-60)	好地	草地 - "C" 賽道	6	4	加州神箭(A417)	彭國年	告東尼	128	1130	1	2	4 4 6	1:09.80	41	-	-	* 1	H/TT	6	沙田	2.71							
2020/2/2	9	第三班	1200米	(80-60)	好地	草地 - "C" 賽道	7	3	疾風勁草(D197)	莫雷拉	蔡約翰	130	1105	5	2-3/4	3 2 7	1:09.91	39	-	-	* 1	 	4	沙田	2.71							
2020/2/2	9	第三班	1200米	(80-60)	好地	草地 - "C" 賽道	8	10	老實人(B200)	郭能	霍利時	120	1244	8	3-1/4	7 11 8	1:09.99	19	-	-	+ 1	 	5	沙田	2.71							
2020/2/2	9	第三班	1200米	(80-60)	好地	草地 - "C" 賽道	9	7	高明駿將(C511)	何澤堯	呂健威	122	1049	10	3-1/4	9 8 9	1:09.99	19	-	-	* 1	B/H	4	沙田	2.71							
2020/2/2	9	第三班	1200米	(80-60)	好地	草地 - "C" 賽道	10	2	精彩輝煌(B411)	黃皓楠	方嘉柏	129	1116	6	3-3/4	10 7 10	1:10.06	41	-	-	* 1	 	5	沙田	2.71							
2020/2/2	9	第三班	1200米	(80-60)	好地	草地 - "C" 賽道	11	5	路路富貴(C442)	潘明輝	何良	122	1018	7	5-1/2	12 12 11	1:10.36	223	-	-	* 1	H/TT	4	沙田	2.71							
2020/2/2	9	第三班	1200米	(80-60)	好地	草地 - "C" 賽道	12	6	會長之星(C205)	利敬國	約翰摩亞	123	1153	12	6-1/4	11 10 12	1:10.46	25	-	-	* 1	CP-/TT	4	沙田	2.71							
2020/2/2	10	第二班	1800米	(100-80)	好地	草地 - "C" 賽道	1	10	勇猛神駒(C462)	利敬國	沈集成	120	1113	1	-	4 3 4 2 1	1:46.71	12	-	-	+ 1	XB/TT	4	沙田	2.71	36.0			275.5	88.5	263.0	
2020/2/2	10	第二班	1800米	(100-80)	好地	草地 - "C" 賽道	2	8	時時有餘(C465)	潘頓	方嘉柏	121	1040	2	1/2	9 10 11 10 2	1:46.80	3.8	2nd Hot	-	1	H/XB	4	沙田	2.71		16.0		275.5	88.5		113.5
2020/2/2	10	第二班	1800米	(100-80)	好地	草地 - "C" 賽道	3	13	轉數高(C007)	何澤堯	賀賢	118	1182	8	3/4	6 5 7 8 3	1:46.83	14	-	-	1	B/XB	5	沙田	2.71			36.5			263.0	113.5
2020/2/2	10	第二班	1800米	(100-80)	好地	草地 - "C" 賽道	4	6	超級綠洲(D085)	莫雷拉	羅富全	123	1143	5	1-1/4	5 7 10 11 4	1:46.90	3.7	1st Hot	-	1	 	4	沙田	2.71							
2020/2/2	10	第二班	1800米	(100-80)	好地	草地 - "C" 賽道	5	3	喜蓮騏星(C165)	彭國年	告東尼	127	1052	3	3-1/4	13 12 13 13 5	1:47.22	11	-	-	1	XB/TT	5	沙田	2.71							
2020/2/2	10	第二班	1800米	(100-80)	好地	草地 - "C" 賽道	6	4	四通八達(C024)	薛恩	蔡約翰	125	1065	4	4	7 9 8 6 6	1:47.33	5.4	-	-	+ 1	P	5	沙田	2.71							
2020/2/2	10	第二班	1800米	(100-80)	好地	草地 - "C" 賽道	7	9	傑彩繽紛(B457)	希威森	蔡約翰	121	1086	11	4	12 11 3 3 7	1:47.35	40	-	-	2	B	5	沙田	2.71							
2020/2/2	10	第二班	1800米	(100-80)	好地	草地 - "C" 賽道	8	12	玖寶(D056)	巴度	約翰摩亞	119	1101	10	4-1/2	8 6 6 5 8	1:47.44	21	-	-	2	TT	4	沙田	2.71							
2020/2/2	10	第二班	1800米	(100-80)	好地	草地 - "C" 賽道	9	7	安采(D066)	蘇兆輝	約翰摩亞	122	1166	12	5-1/4	10 8 9 9 9	1:47.55	6.3	-	-	+ 1	B/XB	4	沙田	2.71							
2020/2/2	10	第二班	1800米	(100-80)	好地	草地 - "C" 賽道	10	14	必妙星(C507)	田泰安	蘇保羅	117	1164	13	7-1/4	3 4 5 7 10	1:47.88	79	-	-	+ 1	 	4	沙田	2.71							
2020/2/2	10	第二班	1800米	(100-80)	好地	草地 - "C" 賽道	11	11	美麗經典(C049)	陳嘉熙	約翰摩亞	109	1111	14	9	1 1 1 1 11	1:48.15	213	-	-	3	B	5	沙田	2.71							
2020/2/2	10	第二班	1800米	(100-80)	好地	草地 - "C" 賽道	12	5	天池怪俠(B350)	潘明輝	蘇偉賢	122	1141	9	9-1/4	11 13 12 12 12	1:48.19	115	-	-	1	 	5	沙田	2.71							
2020/2/2	10	第二班	1800米	(100-80)	好地	草地 - "C" 賽道	13	1	逍遙自在(B210)	梁家俊	羅富全	133	1130	6	9-1/2	2 2 2 4 13	1:48.24	131	-	-	2	 	6	沙田	2.71							
2020/2/2	10	第二班	1800米	(100-80)	好地	草地 - "C" 賽道		2	陸寶(B153)	蔡明紹	告東尼	130	---	---	---	---	---	---	-	-	-	-	6	沙田	2.71							
2020/2/5	1	第五班	1200米	(40-0)	好地	草地 - "C" 賽道	1	11	獵狐章者(B187)	蔡明紹	呂健威	115	1014	8	-	7 5 1	1:10.20	33	-	-	* 1	B/TT	5	跑馬地	2.71	82.5			1011.0	293.5	424.5	
2020/2/5	1	第五班	1200米	(40-0)	好地	草地 - "C" 賽道	2	4	八進(B263)	潘頓	賀賢	129	1073	10	1-3/4	1 1 2	1:10.50	5.2	-	-	+ 1	B	5	跑馬地	2.71		22.0		1011.0	293.5		118.0
2020/2/5	1	第五班	1200米	(40-0)	好地	草地 - "C" 賽道	3	12	勁皇子(V143)	田泰安	蔡約翰	113	1129	1	2	4 2 3	1:10.50	10	-	-	+ 1	P/TT	7	跑馬地	2.71			29.5			424.5	118.0
2020/2/5	1	第五班	1200米	(40-0)	好地	草地 - "C" 賽道	4	9	金剛秀(T436)	利敬國	鄭俊偉	119	1120	6	3	11 8 4	1:10.68	8.7	-	-	+ 1	B	7	跑馬地	2.71							
2020/2/5	1	第五班	1200米	(40-0)	好地	草地 - "C" 賽道	5	10	城中霸(C101)	潘明輝	沈集成	115	1137	7	3-1/4	10 11 5	1:10.70	9	-	-	+ 1	TT	4	跑馬地	2.71							
2020/2/5	1	第五班	1200米	(40-0)	好地	草地 - "C" 賽道	6	5	喜奔騰(B143)	莫雷拉	韋達	128	1069	5	3-1/2	3 4 6	1:10.75	4.5	2nd Hot	-	* 1	B-/TT2	5	跑馬地	2.71							
2020/2/5	1	第五班	1200米	(40-0)	好地	草地 - "C" 賽道	7	6	洪荒駿駒(A031)	黃皓楠	徐雨石	122	1144	11	5-1/4	8 9 7	1:11.04	36	-	-	* 1	V	6	跑馬地	2.71							
2020/2/5	1	第五班	1200米	(40-0)	好地	草地 - "C" 賽道	8	1	哈蝦王旺(B381)	郭能	高伯新	133	1150	4	5-1/4	5 6 8	1:11.05	14	-	-	+ 1	B2/TT	5	跑馬地	2.71							
2020/2/5	1	第五班	1200米	(40-0)	好地	草地 - "C" 賽道	9	3	天皇巨星(V367)	彭國年	蘇保羅	131	1203	9	5-1/4	12 12 9	1:11.06	17	-	-	+ 1	B	6	跑馬地	2.71							
2020/2/5	1	第五班	1200米	(40-0)	好地	草地 - "C" 賽道	10	8	雷霆導彈(A281)	何澤堯	文家良	122	1173	2	9-1/4	6 7 10	1:11.68	4.1	1st Hot	-	+ 1	B/TT	6	跑馬地	2.71							
2020/2/5	1	第五班	1200米	(40-0)	好地	草地 - "C" 賽道	11	2	黃金元帥(A346)	巫顯東	丁冠豪	128	1195	3	10-3/4	9 10 11	1:11.94	29	-	-	+ 1	CP	6	跑馬地	2.71							
2020/2/5	1	第五班	1200米	(40-0)	好地	草地 - "C" 賽道	12	7	漸信龍駒(C017)	楊明綸	葉楚航	125	1047	12	14-1/2	2 3 12	1:12.52	56	-	-	+ 1	B/XB/TT	5	跑馬地	2.71							
2020/2/5	2	第四班	1000米	(60-40)	好地	草地 - "C" 賽道	1	8	奇妙日(B332)	潘頓	沈集成	121	1191	7	-	4 4 1	0:57.25	3.5	2nd Hot	-	+ 1	H/TT	6	跑馬地	2.71	12.0			249.5	66.0	49.5	
2020/2/5	2	第四班	1000米	(60-40)	好地	草地 - "C" 賽道	2	10	旅遊拿督(V235)	巴度	高伯新	120	1098	4	頸位	8 5 2	0:57.32	17	-	-	+ 1	B	7	跑馬地	2.71		34.5		249.5	66.0		181.5
2020/2/5	2	第四班	1000米	(60-40)	好地	草地 - "C" 賽道	3	12	超額認購(C361)	莫雷拉	賀賢	117	1147	11	頸位	9 9 3	0:57.32	10	-	-	+ 1	H/XB	4	跑馬地	2.71			29.0			49.5	181.5
2020/2/5	2	第四班	1000米	(60-40)	好地	草地 - "C" 賽道	4	6	開心好友(B466)	何澤堯	姚本輝	125	1130	1	1	2 2 4	0:57.41	1.8	1st Hot	-	+ 1	B	4	跑馬地	2.71							
2020/2/5	2	第四班	1000米	(60-40)	好地	草地 - "C" 賽道	5	1	上海大師(A337)	蔡明紹	呂健威	133	1179	12	2-1/4	11 11 5	0:57.60	41	-	-	* 1	 	6	跑馬地	2.71							
2020/2/5	2	第四班	1000米	(60-40)	好地	草地 - "C" 賽道	6	9	阿凡達(V123)	陳嘉熙	徐雨石	110	1089	5	2-3/4	1 1 6	0:57.68	14	-	-	+ 1	B/TT	7	跑馬地	2.71							
2020/2/5	2	第四班	1000米	(60-40)	好地	草地 - "C" 賽道	7	3	博愛友威(C152)	黎海榮	葉楚航	128	1092	9	3	12 12 7	0:57.73	105	-	-	+ 1	 	4	跑馬地	2.71							
2020/2/5	2	第四班	1000米	(60-40)	好地	草地 - "C" 賽道	8	4	韋先生(C543)	田泰安	韋達	127	1060	6	3-1/4	7 7 8	0:57.77	46	-	-	+ 1	B	-	跑馬地	2.71							
2020/2/5	2	第四班	1000米	(60-40)	好地	草地 - "C" 賽道	9	7	樂飛勝(B450)	梁家俊	鄭俊偉	121	1109	8	4-1/4	10 8 9	0:57.92	176	-	-	+ 1	H	5	跑馬地	2.71							
2020/2/5	2	第四班	1000米	(60-40)	好地	草地 - "C" 賽道	10	2	清福(A364)	郭能	文家良	129	1224	3	4-1/4	5 6 10	0:57.95	27	-	-	+ 1	 	6	跑馬地	2.71							
2020/2/5	2	第四班	1000米	(60-40)	好地	草地 - "C" 賽道	11	5	慣勝積極(A345)	黃皓楠	丁冠豪	122	1094	10	4-1/2	6 10 11	0:57.96	23	-	-	+ 1	 	6	跑馬地	2.71							
2020/2/5	2	第四班	1000米	(60-40)	好地	草地 - "C" 賽道	12	11	爪皇轟天(A291)	希威森	霍利時	118	1114	2	5-3/4	3 3 12	0:58.19	31	-	-	+ 1	B/TT	6	跑馬地	2.71							
2020/2/5	3	第四班	1650米	(60-40)	好地	草地 - "C" 賽道	1	8	甲烷(C469)	希威森	霍利時	121	1074	7	-	6 6 6 1	1:39.90	16	-	-	1	 	4	跑馬地	2.71	48.0			558.0	190.0	279.5	
2020/2/5	3	第四班	1650米	(60-40)	好地	草地 - "C" 賽道	2	3	放眼量(A140)	梁家俊	何良	127	1066	8	3/4	8 8 7 2	1:40.04	8	-	-	1	CP/H	6	跑馬地	2.71		22.0		558.0	190.0		132.5
2020/2/5	3	第四班	1650米	(60-40)	好地	草地 - "C" 賽道	3	2	騰龍超影(T372)	郭能	蘇保羅	131	1136	3	1-3/4	4 4 4 3	1:40.17	12	-	-	1	V-/B2/TT	8	跑馬地	2.71			37.0			279.5	132.5
2020/2/5	3	第四班	1650米	(60-40)	好地	草地 - "C" 賽道	4	10	及時行樂(A125)	莫雷拉	徐雨石	120	1121	11	1-3/4	11 12 9 4	1:40.19	14	-	-	2	B	6	跑馬地	2.71							
2020/2/5	3	第四班	1650米	(60-40)	好地	草地 - "C" 賽道	5	12	勁瀟灑(C252)	楊明綸	羅富全	114	1109	2	3-1/4	3 3 3 5	1:40.41	26	-	-	2	B/XB	4	跑馬地	2.71							
2020/2/5	3	第四班	1650米	(60-40)	好地	草地 - "C" 賽道	6	11	塑料喜(T326)	利敬國	丁冠豪	120	1090	4	3-1/4	2 2 2 6	1:40.44	4.1	1st Hot	-	1	B	7	跑馬地	2.71							
2020/2/5	3	第四班	1650米	(60-40)	好地	草地 - "C" 賽道	7	6	精彩飛動(B095)	何澤堯	方嘉柏	126	1040	12	3-1/2	12 11 12 7	1:40.45	6.2	-	-	* 2	H-/TT	6	跑馬地	2.71							
2020/2/5	3	第四班	1650米	(60-40)	好地	草地 - "C" 賽道	8	1	藍海策略(A411)	潘明輝	葉楚航	131	1077	9	3-1/2	9 9 11 8	1:40.48	23	-	-	2	B	6	跑馬地	2.71							
2020/2/5	3	第四班	1650米	(60-40)	好地	草地 - "C" 賽道	9	9	都市神話(A086)	潘頓	容天鵬	120	1047	10	4	10 10 10 9	1:40.53	5.6	2nd Hot	-	1	B	6	跑馬地	2.71							
2020/2/5	3	第四班	1650米	(60-40)	好地	草地 - "C" 賽道	10	5	芙蓉莊(B339)	蔡明紹	姚本輝	127	1013	6	4	7 7 8 10	1:40.54	7.2	-	-	1	B	5	跑馬地	2.71							
2020/2/5	3	第四班	1650米	(60-40)	好地	草地 - "C" 賽道	11	7	電路一號(B373)	巫顯東	告東尼	118	1069	1	5-3/4	1 1 1 11	1:40.83	15	-	-	2	H/TT	5	跑馬地	2.71							
2020/2/5	3	第四班	1650米	(60-40)	好地	草地 - "C" 賽道	12	4	信念(C529)	田泰安	韋達	127	1068	5	7-3/4	5 5 5 12	1:41.16	80	-	-	1	B/SR	-	跑馬地	2.71							
2020/2/5	4	第四班	1200米	(60-40)	好地	草地 - "C" 賽道	1	4	好友益(T265)	利敬國	徐雨石	129	1049	2	-	9 8 1	1:09.83	7.8	-	-	1	B	7	跑馬地	2.71	23.0			287.5	85.0	63.5	
2020/2/5	4	第四班	1200米	(60-40)	好地	草地 - "C" 賽道	2	9	加州雷電(D147)	彭國年	告東尼	124	1201	11	短馬頭位	6 6 2	1:09.85	7.1	-	-	+ 1	CP1/TT	3	跑馬地	2.71		25.5		287.5	85.0		81.5
2020/2/5	4	第四班	1200米	(60-40)	好地	草地 - "C" 賽道	3	3	孖寶(C239)	蔡明紹	蘇保羅	130	1220	8	1	2 2 3	1:09.99	6.2	-	-	+ 1	XB	4	跑馬地	2.71			18.5			63.5	81.5
2020/2/5	4	第四班	1200米	(60-40)	好地	草地 - "C" 賽道	4	5	常勝心(D044)	潘頓	羅富全	128	1220	6	2	3 4 4	1:10.14	3.3	1st Hot	-	+ 1	 	4	跑馬地	2.71							
2020/2/5	4	第四班	1200米	(60-40)	好地	草地 - "C" 賽道	5	11	陽明亮亮(A359)	何澤堯	呂健威	122	1021	10	2-1/4	10 10 5	1:10.20	14	-	-	+ 1	 	6	跑馬地	2.71							
2020/2/5	4	第四班	1200米	(60-40)	好地	草地 - "C" 賽道	6	6	月追越風(A398)	田泰安	蘇偉賢	126	1064	9	2-1/2	7 9 6	1:10.24	36	-	-	+ 1	TT	6	跑馬地	2.71							
2020/2/5	4	第四班	1200米	(60-40)	好地	草地 - "C" 賽道	7	1	同盟力量(C036)	陳嘉熙	姚本輝	123	1237	4	3	1 1 7	1:10.32	5.1	2nd Hot	-	+ 1	B	4	跑馬地	2.71							
2020/2/5	4	第四班	1200米	(60-40)	好地	草地 - "C" 賽道	8	12	晨曦寶馬(C023)	莫雷拉	蔡約翰	117	1113	3	3-1/2	4 3 8	1:10.40	8.2	-	-	+ 1	B	4	跑馬地	2.71							
2020/2/5	4	第四班	1200米	(60-40)	好地	草地 - "C" 賽道	9	8	又夠威(C467)	巴度	沈集成	125	1073	5	4-3/4	5 5 9	1:10.58	20	-	-	* 1	TT	4	跑馬地	2.71							
2020/2/5	4	第四班	1200米	(60-40)	好地	草地 - "C" 賽道	10	2	智理共想(D060)	郭能	高伯新	131	1043	7	9-3/4	11 11 10	1:11.38	331	-	-	1	B/XB	4	跑馬地	2.71							
2020/2/5	4	第四班	1200米	(60-40)	好地	草地 - "C" 賽道	11	10	皇圖(C123)	黎海榮	葉楚航	124	1126	1	12-1/2	8 7 11	1:11.82	119	-	-	* 1	B	5	跑馬地	2.71							
2020/2/5	4	第四班	1200米	(60-40)	好地	草地 - "C" 賽道	12	7	銳俊良駒(C513)	楊明綸	容天鵬	126	1093	12	13-1/4	12 12 12	1:11.96	221	-	-	+ 1	P1	3	跑馬地	2.71							
2020/2/5	5	第四班	1650米	(60-40)	好地	草地 - "C" 賽道	1	1	雷公鑿(V279)	利敬國	徐雨石	133	1187	6	-	1 1 1 1	1:40.62	8.9	-	-	1	 	7	跑馬地	2.71	25.0			223.5	70.5	46.0	
2020/2/5	5	第四班	1650米	(60-40)	好地	草地 - "C" 賽道	2	4	多多(C109)	田泰安	蔡約翰	130	1032	7	2-1/4	8 8 7 2	1:40.99	7	-	-	1	H	4	跑馬地	2.71		20.0		223.5	70.5		40.0
2020/2/5	5	第四班	1650米	(60-40)	好地	草地 - "C" 賽道	3	5	步履娛飛(C289)	莫雷拉	告東尼	129	1199	4	2-3/4	6 7 8 3	1:41.06	2.8	1st Hot	-	1	CP	5	跑馬地	2.71			12.5			46.0	40.0
2020/2/5	5	第四班	1650米	(60-40)	好地	草地 - "C" 賽道	4	2	火百合(B050)	彭國年	羅富全	132	1215	5	3-1/4	4 4 5 4	1:41.14	10	-	-	+ 1	TT	6	跑馬地	2.71							
2020/2/5	5	第四班	1650米	(60-40)	好地	草地 - "C" 賽道	5	10	飛雲騅(B274)	蔡明紹	方嘉柏	121	1111	10	3-1/4	2 2 2 5	1:41.14	5.6	2nd Hot	-	1	TT	5	跑馬地	2.71							
2020/2/5	5	第四班	1650米	(60-40)	好地	草地 - "C" 賽道	6	9	管之星(B006)	何澤堯	呂健威	122	1108	1	3-1/2	12 12 9 6	1:41.17	6.7	-	-	1	B/TT	6	跑馬地	2.71							
2020/2/5	5	第四班	1650米	(60-40)	好地	草地 - "C" 賽道	7	8	普仁(D006)	楊明綸	容天鵬	125	1051	8	3-1/2	10 10 11 7	1:41.17	196	-	-	2	P	4	跑馬地	2.71							
2020/2/5	5	第四班	1650米	(60-40)	好地	草地 - "C" 賽道	8	3	神州俊馬(A282)	郭能	蘇保羅	131	1142	9	3-1/2	5 5 4 8	1:41.19	13	-	-	2	 	6	跑馬地	2.71							
2020/2/5	5	第四班	1650米	(60-40)	好地	草地 - "C" 賽道	9	12	燈胆精英(A183)	巴度	葉楚航	117	1172	12	4-1/4	11 11 12 9	1:41.29	28	-	-	* 1	B-	6	跑馬地	2.71							
2020/2/5	5	第四班	1650米	(60-40)	好地	草地 - "C" 賽道	10	11	至叻仔(D013)	梁家俊	蘇偉賢	119	1165	3	4-3/4	7 6 6 10	1:41.37	28	-	-	1	B1	4	跑馬地	2.71							
2020/2/5	5	第四班	1650米	(60-40)	好地	草地 - "C" 賽道	11	7	踏雪飛翔(D094)	黎海榮	姚本輝	125	1030	2	5	3 3 3 11	1:41.42	109	-	-	2	B/TT1	4	跑馬地	2.71							
2020/2/5	5	第四班	1650米	(60-40)	好地	草地 - "C" 賽道	12	6	上捕先鋒(C300)	潘頓	霍利時	126	1184	11	6-1/4	9 9 10 12	1:41.63	42	-	-	2	B-/SR1	5	跑馬地	2.71							
2020/2/5	6	第三班	1200米	(80-60)	好地	草地 - "C" 賽道	1	5	大紅包(B246)	何澤堯	呂健威	125	1052	12	-	9 9 1	1:09.58	7.1	-	-	+ 1	XB	6	跑馬地	2.71	35.0			1080.5	306.5	153.5	
2020/2/5	6	第三班	1200米	(80-60)	好地	草地 - "C" 賽道	2	1	極速駿馬(B211)	陳嘉熙	羅富全	123	1187	5	1-1/2	1 1 2	1:09.82	17	-	-	1	B/TT	5	跑馬地	2.71		46.5		1080.5	306.5		275.0
2020/2/5	6	第三班	1200米	(80-60)	好地	草地 - "C" 賽道	3	11	承你所願(A178)	田泰安	韋達	119	1182	9	2	3 4 3	1:09.91	7.9	-	-	1	B/XB	6	跑馬地	2.71			28.5			153.5	275.0
2020/2/5	6	第三班	1200米	(80-60)	好地	草地 - "C" 賽道	4	9	萬眾之力(C329)	利敬國	約翰摩亞	120	1027	2	2-1/4	4 3 4	1:09.96	3.5	1st Hot	-	+ 1	 	3	跑馬地	2.71							
2020/2/5	6	第三班	1200米	(80-60)	好地	草地 - "C" 賽道	5	3	同進(V315)	潘頓	方嘉柏	129	1172	3	2-1/2	8 5 5	1:09.97	13	-	-	* 2	 	7	跑馬地	2.71							
2020/2/5	6	第三班	1200米	(80-60)	好地	草地 - "C" 賽道	6	12	電子群星(C132)	潘明輝	文家良	116	1038	7	3-1/4	10 10 6	1:10.10	6.9	-	-	1	H	4	跑馬地	2.71							
2020/2/5	6	第三班	1200米	(80-60)	好地	草地 - "C" 賽道	7	8	富萬家(V286)	巫顯東	何良	118	1096	11	3-1/4	2 2 7	1:10.11	152	-	-	1	H/TT	7	跑馬地	2.71							
2020/2/5	6	第三班	1200米	(80-60)	好地	草地 - "C" 賽道	8	10	紅星(V273)	蔡明紹	葉楚航	120	1088	8	4-1/4	11 11 8	1:10.28	18	-	-	1	B-	7	跑馬地	2.71							
2020/2/5	6	第三班	1200米	(80-60)	好地	草地 - "C" 賽道	9	6	加州多寶(C077)	彭國年	告東尼	124	1159	6	6	5 8 9	1:10.53	6.4	2nd Hot	-	2	B/TT	5	跑馬地	2.71							
2020/2/5	6	第三班	1200米	(80-60)	好地	草地 - "C" 賽道	10	7	印水紙(D043)	梁家俊	高伯新	122	1129	4	6-1/2	7 7 10	1:10.64	27	-	-	* 2	B/H	4	跑馬地	2.71							
2020/2/5	6	第三班	1200米	(80-60)	好地	草地 - "C" 賽道	11	4	大師級(C271)	巴度	丁冠豪	127	1155	10	14-3/4	6 6 11	1:11.95	7.3	-	-	1	B	4	跑馬地	2.71							
2020/2/5	6	第三班	1200米	(80-60)	好地	草地 - "C" 賽道		2	金匯昇(C010)	莫雷拉	蔡約翰	132	---	---	---	---	---	---	-	-	-	-	4	跑馬地	2.71							
2020/2/5	7	第三班	1650米	(80-60)	好地	草地 - "C" 賽道	1	11	肥仔威威(B366)	何澤堯	方嘉柏	116	1053	6	-	9 9 9 1	1:38.97	8	-	-	+ 1	V/TT	5	跑馬地	2.71	21.0			312.5	85.0	63.0	
2020/2/5	7	第三班	1650米	(80-60)	好地	草地 - "C" 賽道	2	1	勤德兼備(A071)	潘明輝	賀賢	131	1087	1	1-1/2	7 7 8 2	1:39.19	10	-	-	1	B	7	跑馬地	2.71		27.5		312.5	85.0		76.0
2020/2/5	7	第三班	1650米	(80-60)	好地	草地 - "C" 賽道	3	7	盈嘉輝(C080)	利敬國	徐雨石	123	1043	2	1-3/4	8 8 6 3	1:39.23	6.1	-	-	+ 1	B/TT	5	跑馬地	2.71			19.0			63.0	76.0
2020/2/5	7	第三班	1650米	(80-60)	好地	草地 - "C" 賽道	4	9	凱旋駿驥(B430)	黃皓楠	丁冠豪	113	1106	9	4-1/4	11 11 10 4	1:39.64	27	-	-	1	B	5	跑馬地	2.71							
2020/2/5	7	第三班	1650米	(80-60)	好地	草地 - "C" 賽道	5	3	又係熊(C301)	莫雷拉	霍利時	127	1053	8	4-3/4	2 3 3 5	1:39.74	2.5	1st Hot	-	+ 1	SR	5	跑馬地	2.71							
2020/2/5	7	第三班	1650米	(80-60)	好地	草地 - "C" 賽道	6	10	金元寶馬(C094)	楊明綸	容天鵬	115	1034	7	5-1/2	6 6 5 6	1:39.84	145	-	-	* 1	 	5	跑馬地	2.71							
2020/2/5	7	第三班	1650米	(80-60)	好地	草地 - "C" 賽道	7	8	歡喜心(A224)	希威森	蔡約翰	117	1148	12	5-3/4	12 12 12 7	1:39.89	82	-	-	1	 	6	跑馬地	2.71							
2020/2/5	7	第三班	1650米	(80-60)	好地	草地 - "C" 賽道	8	6	醒目勇駒(B456)	彭國年	告東尼	124	1143	10	6	3 2 2 8	1:39.91	34	-	-	+ 1	B/TT	5	跑馬地	2.71							
2020/2/5	7	第三班	1650米	(80-60)	好地	草地 - "C" 賽道	9	2	盛大光輝(C121)	潘頓	何良	132	1132	11	6	1 1 1 9	1:39.93	5.5	2nd Hot	-	+ 1	 	5	跑馬地	2.71							
2020/2/5	7	第三班	1650米	(80-60)	好地	草地 - "C" 賽道	10	5	水火風(C211)	郭能	約翰摩亞	123	1070	3	6-1/4	5 5 7 10	1:39.97	81	-	-	1	CP/XB/TT	5	跑馬地	2.71							
2020/2/5	7	第三班	1650米	(80-60)	好地	草地 - "C" 賽道	11	4	閃得快(D061)	田泰安	韋達	126	1192	4	9-3/4	4 4 4 11	1:40.52	6.4	-	-	+ 1	CP	4	跑馬地	2.71							
2020/2/5	7	第三班	1650米	(80-60)	好地	草地 - "C" 賽道	12	12	歡樂一生(T134)	巫顯東	高伯新	111	1154	5	9-3/4	10 10 11 12	1:40.53	217	-	-	1	 	8	跑馬地	2.71							
2020/2/5	7	第三班	1650米	(80-60)	好地	草地 - "C" 賽道			紅旗星將(A049)	---	蘇保羅	126	---	---	---	---	---	---	-	-	-	-	6	跑馬地	2.71							
2020/2/5	8	第三班	1200米	(80-60)	好地	草地 - "C" 賽道	1	8	非凡品味(B420)	何澤堯	呂健威	121	1158	6	-	1 1 1	1:09.50	1.9	1st Hot	-	2	CP/H	5	跑馬地	2.71	12.0			32.5	16.5	59.5	
2020/2/5	8	第三班	1200米	(80-60)	好地	草地 - "C" 賽道	2	4	高耀智星(C067)	莫雷拉	苗禮德	125	1126	9	2	7 7 2	1:09.81	3.6	2nd Hot	-	+ 1	 	4	跑馬地	2.71		13.5		32.5	16.5		93.5
2020/2/5	8	第三班	1200米	(80-60)	好地	草地 - "C" 賽道	3	9	飛天劍(C463)	黎海榮	徐雨石	119	1042	1	2	3 3 3	1:09.83	22	-	-	1	CP1	4	跑馬地	2.71			36.5			59.5	93.5
2020/2/5	8	第三班	1200米	(80-60)	好地	草地 - "C" 賽道	4	3	成才(B085)	郭能	方嘉柏	127	1198	4	3-1/4	5 4 4	1:10.02	25	-	-	+ 1	B	6	跑馬地	2.71							
2020/2/5	8	第三班	1200米	(80-60)	好地	草地 - "C" 賽道	5	1	順勢寶(V310)	潘頓	賀賢	133	1074	10	3-1/4	9 9 5	1:10.04	9	-	-	1	B	-	跑馬地	2.71							
2020/2/5	8	第三班	1200米	(80-60)	好地	草地 - "C" 賽道	6	7	駿皇星(D144)	利敬國	約翰摩亞	121	1089	7	3-3/4	2 2 6	1:10.11	44	-	-	+ 2	XB2/TT1	4	跑馬地	2.71							
2020/2/5	8	第三班	1200米	(80-60)	好地	草地 - "C" 賽道	7	12	贏科超影(A164)	巫顯東	高伯新	113	1047	2	4-1/4	6 5 7	1:10.17	32	-	-	1	H/P/TT	6	跑馬地	2.71							
2020/2/5	8	第三班	1200米	(80-60)	好地	草地 - "C" 賽道	8	2	金糠(D134)	希威森	霍利時	129	1020	11	5-1/2	11 10 8	1:10.39	194	-	-	1	SR	4	跑馬地	2.71							
2020/2/5	8	第三班	1200米	(80-60)	好地	草地 - "C" 賽道	9	5	行雲流水(D233)	巴度	沈集成	123	1141	3	5-3/4	10 11 9	1:10.42	95	-	-	* 1	TT1	4	跑馬地	2.71							
2020/2/5	8	第三班	1200米	(80-60)	好地	草地 - "C" 賽道	10	6	閃電精靈(D071)	田泰安	告東尼	121	1170	12	6	4 6 10	1:10.44	6.3	-	-	1	TT	3	跑馬地	2.71							
2020/2/5	8	第三班	1200米	(80-60)	好地	草地 - "C" 賽道	11	10	翹軍(B424)	楊明綸	容天鵬	118	1100	8	8-3/4	12 12 11	1:10.89	435	-	-	1	 	6	跑馬地	2.71							
2020/2/5	8	第三班	1200米	(80-60)	好地	草地 - "C" 賽道	12	11	鎮山寶(C141)	梁家俊	丁冠豪	117	1111	5	8-3/4	8 8 12	1:10.90	202	-	-	2	H	5	跑馬地	2.71							
2020/2/8	1	第四班	1000米	(60-40)	好地	草地 - "C+3" 賽道	1	12	影疾(C466)	潘頓	葉楚航	124	1087	13	-	11 14 1	0:57.18	8.8	-	-	+ 1	B-/XB1/TT	4	沙田	2.72	17.0			536.0	142.5	24.0	
2020/2/8	1	第四班	1000米	(60-40)	好地	草地 - "C+3" 賽道	2	3	精算八方(A221)	蔡明紹	蔡約翰	132	1138	4	3/4	1 1 2	0:57.32	21	-	-	+ 1	PC/XB	6	沙田	2.72		38.5		536.0	142.5		68.5
2020/2/8	1	第四班	1000米	(60-40)	好地	草地 - "C+3" 賽道	3	6	都柏名駒(C436)	莫雷拉	文家良	128	1228	12	1-1/2	8 2 3	0:57.41	1.9	1st Hot	-	+ 1	H-/B1	3	沙田	2.72			15.0			24.0	68.5
2020/2/8	1	第四班	1000米	(60-40)	好地	草地 - "C+3" 賽道	4	14	戰熊三千(C457)	黃皓楠	霍利時	118	1161	1	2	3 4 4	0:57.51	32	-	-	+ 1	B	3	沙田	2.72							
2020/2/8	1	第四班	1000米	(60-40)	好地	草地 - "C+3" 賽道	5	7	熱鬥車神(D152)	利敬國	姚本輝	128	1124	11	2	13 12 5	0:57.52	15	-	-	* 1	 	3	沙田	2.72							
2020/2/8	1	第四班	1000米	(60-40)	好地	草地 - "C+3" 賽道	6	1	心中有您(B283)	郭能	何良	133	1080	10	2-1/4	10 5 6	0:57.56	33	-	-	* 1	H/V	5	沙田	2.72							
2020/2/8	1	第四班	1000米	(60-40)	好地	草地 - "C+3" 賽道	7	8	旗袍老細(D207)	潘明輝	賀賢	126	1060	9	3-1/2	2 3 7	0:57.75	22	-	-	+ 1	 	3	沙田	2.72							
2020/2/8	1	第四班	1000米	(60-40)	好地	草地 - "C+3" 賽道	8	11	股票傳奇(D039)	巴度	丁冠豪	128	1113	5	4-3/4	12 13 8	0:57.96	111	-	-	+ 1	B1	3	沙田	2.72							
2020/2/8	1	第四班	1000米	(60-40)	好地	草地 - "C+3" 賽道	9	2	快樂凱旋(B195)	楊明綸	容天鵬	132	1101	3	5-3/4	7 7 9	0:58.11	30	-	-	* 1	 	5	沙田	2.72							
2020/2/8	1	第四班	1000米	(60-40)	好地	草地 - "C+3" 賽道	10	10	辣得驕(D159)	何澤堯	呂健威	128	1024	8	7-1/4	14 11 10	0:58.33	101	-	-	+ 1	 	3	沙田	2.72							
2020/2/8	1	第四班	1000米	(60-40)	好地	草地 - "C+3" 賽道	11	9	醒旺財(D208)	田泰安	韋達	128	1099	7	8-1/2	5 6 11	0:58.55	3.5	2nd Hot	-	+ 1	XB1	3	沙田	2.72							
2020/2/8	1	第四班	1000米	(60-40)	好地	草地 - "C+3" 賽道	12	13	雲淡風輕(C040)	梁家俊	蘇偉賢	121	1158	14	10-1/2	9 10 12	0:58.84	91	-	-	* 1	H-/TT	4	沙田	2.72							
2020/2/8	1	第四班	1000米	(60-40)	好地	草地 - "C+3" 賽道	13	5	勇敢神駒(C066)	史卓豐	告東尼	128	1068	2	13-1/4	6 8 13	0:59.30	96	-	-	+ 1	B/TT	5	沙田	2.72							
2020/2/8	1	第四班	1000米	(60-40)	好地	草地 - "C+3" 賽道	14	4	全力衝(D027)	希威森	苗禮德	128	1066	6	13-1/2	4 9 14	0:59.35	62	-	-	+ 1	B1	3	沙田	2.72							
2020/2/8	1	第四班	1000米	(60-40)	好地	草地 - "C+3" 賽道	WV		二話不說(C134)	---	葉楚航	129	---	---	---	---	---	---	-	-	-	-	4	沙田	2.72							
2020/2/8	2	第五班	1800米	(40-0)	好地	草地 - "C+3" 賽道	1	7	七寶(B314)	巴度	約翰摩亞	132	1088	1	-	9 6 5 6 1	1:49.12	7.9	-	-	* 1	B/TT	-	沙田	2.72	28.0			420.0	159.0	397.5	
2020/2/8	2	第五班	1800米	(40-0)	好地	草地 - "C+3" 賽道	2	8	輝煌巨星(C046)	潘頓	蘇保羅	132	1064	12	頸位	6 5 6 5 2	1:49.17	10	-	-	+ 1	 	5	沙田	2.72		34.5		420.0	159.0		538.5
2020/2/8	2	第五班	1800米	(40-0)	好地	草地 - "C+3" 賽道	3	10	天賦威力(B335)	黃皓楠	賀賢	126	1039	13	3/4	1 3 4 3 3	1:49.25	34	-	-	1	B/TT	5	沙田	2.72			67.5			397.5	538.5
2020/2/8	2	第五班	1800米	(40-0)	好地	草地 - "C+3" 賽道	4	9	種福者(B390)	蔡明紹	文家良	130	1115	7	1-1/4	3 1 1 2 4	1:49.31	10	-	-	+ 1	B	4	沙田	2.72							
2020/2/8	2	第五班	1800米	(40-0)	好地	草地 - "C+3" 賽道	5	5	君臨大地(V192)	莫雷拉	何良	132	992	6	2-3/4	10 11 12 13 5	1:49.55	4.3	2nd Hot	-	+ 1	SR/TT	8	沙田	2.72							
2020/2/8	2	第五班	1800米	(40-0)	好地	草地 - "C+3" 賽道	6	1	放馬過來(V407)	潘明輝	葉楚航	131	1130	4	3-1/4	4 4 3 4 6	1:49.63	11	-	-	1	TT	7	沙田	2.72							
2020/2/8	2	第五班	1800米	(40-0)	好地	草地 - "C+3" 賽道	7	13	神馬飛揚(V368)	田泰安	鄭俊偉	124	1071	14	3-3/4	2 2 2 1 7	1:49.70	32	-	-	1	H/TT	7	沙田	2.72							
2020/2/8	2	第五班	1800米	(40-0)	好地	草地 - "C+3" 賽道	8	2	潮州小子(T412)	梁家俊	容天鵬	133	1205	2	4	12 10 8 8 8	1:49.76	42	-	-	+ 1	TT	8	沙田	2.72							
2020/2/8	2	第五班	1800米	(40-0)	好地	草地 - "C+3" 賽道	9	4	小福將(C096)	彭國年	沈集成	133	1069	8	4-1/4	7 9 7 7 9	1:49.79	4	1st Hot	-	1	 	4	沙田	2.72							
2020/2/8	2	第五班	1800米	(40-0)	好地	草地 - "C+3" 賽道	10	6	金津輝煌(V400)	史卓豐	苗禮德	132	1193	5	4-3/4	5 7 9 9 10	1:49.88	35	-	-	+ 1	B	6	沙田	2.72							
2020/2/8	2	第五班	1800米	(40-0)	好地	草地 - "C+3" 賽道	11	3	金童(V232)	郭能	呂健威	133	1080	3	7	8 8 10 10 11	1:50.25	11	-	-	1	B	8	沙田	2.72							
2020/2/8	2	第五班	1800米	(40-0)	好地	草地 - "C+3" 賽道	12	11	賞心星(C251)	何澤堯	方嘉柏	128	1199	10	8	11 12 11 11 12	1:50.40	11	-	-	+ 1	P/TT	4	沙田	2.72							
2020/2/8	2	第五班	1800米	(40-0)	好地	草地 - "C+3" 賽道	13	12	堅離地(A235)	利敬國	蘇偉賢	125	1086	11	9	14 14 14 12 13	1:50.58	23	-	-	1	H/XB/TT	6	沙田	2.72							
2020/2/8	2	第五班	1800米	(40-0)	好地	草地 - "C+3" 賽道	14	14	鋒仔(C282)	巫顯東	高伯新	110	1011	9	10-3/4	13 13 13 14 14	1:50.84	238	-	-	1	V-/B2	4	沙田	2.72							
2020/2/8	3	第四班	1200米	(60-40)	好地	全天候跑道	1	11	喜勁驥(C006)	莫雷拉	蔡約翰	115	1131	7	-	8 6 1	1:09.60	4.9	2nd Hot	-	+ 1	H	4	沙田	2.72	17.0			114.0	42.5	59.0	
2020/2/8	3	第四班	1200米	(60-40)	好地	全天候跑道	2	3	理想回報(A305)	潘頓	沈集成	132	1087	6	1/2	2 2 2	1:09.67	4.7	1st Hot	-	+ 1	P/TT	7	沙田	2.72		16.0		114.0	42.5		46.0
2020/2/8	3	第四班	1200米	(60-40)	好地	全天候跑道	3	1	紅褲日(C272)	陳嘉熙	鄭俊偉	123	1148	5	1-3/4	1 1 3	1:09.88	6.9	-	-	+ 1	B-/P2/TT	5	沙田	2.72			19.5			59.0	46.0
2020/2/8	3	第四班	1200米	(60-40)	好地	全天候跑道	4	9	威風駿馬(B437)	田泰安	蘇保羅	120	1112	11	2-1/4	9 8 4	1:09.96	6.7	-	-	1	BO	5	沙田	2.72							
2020/2/8	3	第四班	1200米	(60-40)	好地	全天候跑道	5	8	乘勢歡心(C423)	巴度	容天鵬	120	1089	1	4	4 3 5	1:10.23	6.5	-	-	+ 1	CP	4	沙田	2.72							
2020/2/8	3	第四班	1200米	(60-40)	好地	全天候跑道	6	12	娛樂大少(B060)	梁家俊	何良	116	1209	2	4	6 5 6	1:10.25	17	-	-	+ 1	 	5	沙田	2.72							
2020/2/8	3	第四班	1200米	(60-40)	好地	全天候跑道	7	4	海島材子(D219)	蔡明紹	姚本輝	125	1097	10	6-1/4	7 9 7	1:10.61	83	-	-	1	 	3	沙田	2.72							
2020/2/8	3	第四班	1200米	(60-40)	好地	全天候跑道	8	2	添好運(T306)	彭國年	蘇偉賢	133	1142	8	7	10 10 8	1:10.71	36	-	-	* 1	B/TT	-	沙田	2.72							
2020/2/8	3	第四班	1200米	(60-40)	好地	全天候跑道	9	5	前進(D162)	潘明輝	賀賢	122	1146	9	7-1/4	12 12 9	1:10.77	17	-	-	+ 1	H	3	沙田	2.72							
2020/2/8	3	第四班	1200米	(60-40)	好地	全天候跑道	10	7	金湶德(A427)	黃皓楠	霍利時	117	1082	3	10-1/4	5 7 10	1:11.23	50	-	-	+ 1	B	-	沙田	2.72							
2020/2/8	3	第四班	1200米	(60-40)	好地	全天候跑道	11	6	特醒(C060)	利敬國	韋達	123	1167	4	10-1/2	11 11 11	1:11.26	5.8	-	-	* 1	B-/XB-/P1	5	沙田	2.72							
2020/2/8	3	第四班	1200米	(60-40)	好地	全天候跑道	12	10	榮彩大道(C340)	希威森	葉楚航	116	1162	12	12	3 4 12	1:11.54	121	-	-	* 1	P1/XB1	3	沙田	2.72							
2020/2/8	4	第四班	1400米	(60-40)	好地	草地 - "C+3" 賽道	1	12	爆騷(A207)	莫雷拉	徐雨石	120	1089	8	-	11 9 9 1	1:22.07	2.5	1st Hot	-	+ 1	B1	5	沙田	2.72	14.0			621.5	180.0	24.5	
2020/2/8	4	第四班	1400米	(60-40)	好地	草地 - "C+3" 賽道	2	4	軍炮(V371)	陳嘉熙	葉楚航	122	1170	12	2-1/2	2 2 1 2	1:22.45	46	-	-	+ 1	B	7	沙田	2.72		88.0		621.5	180.0		238.5
2020/2/8	4	第四班	1400米	(60-40)	好地	草地 - "C+3" 賽道	3	3	皇帝賽(C249)	潘明輝	丁冠豪	130	1213	4	3-3/4	8 8 8 3	1:22.62	3.6	2nd Hot	-	* 1	B/TT	4	沙田	2.72			12.5			24.5	238.5
2020/2/8	4	第四班	1400米	(60-40)	好地	草地 - "C+3" 賽道	4	6	英明勇將(T348)	何澤堯	呂健威	128	1071	9	5	3 3 4 4	1:22.86	13	-	-	+ 1	H	8	沙田	2.72							
2020/2/8	4	第四班	1400米	(60-40)	好地	草地 - "C+3" 賽道	5	5	量化歡騰(D049)	田泰安	韋達	132	1142	13	5	6 6 7 5	1:22.88	9.9	-	-	+ 1	XB	4	沙田	2.72							
2020/2/8	4	第四班	1400米	(60-40)	好地	草地 - "C+3" 賽道	6	8	是必飛飛(D121)	楊明綸	容天鵬	126	1279	7	5-1/4	10 13 12 6	1:22.89	264	-	-	* 1	 	3	沙田	2.72							
2020/2/8	4	第四班	1400米	(60-40)	好地	草地 - "C+3" 賽道	7	1	自在人生(B169)	潘頓	羅富全	133	1178	2	5-1/2	4 4 3 7	1:22.94	6.4	-	-	+ 1	XB/TT	6	沙田	2.72							
2020/2/8	4	第四班	1400米	(60-40)	好地	草地 - "C+3" 賽道	8	2	王者奇兵(C130)	史卓豐	姚本輝	133	1158	6	7	9 10 10 8	1:23.20	21	-	-	+ 1	 	4	沙田	2.72							
2020/2/8	4	第四班	1400米	(60-40)	好地	草地 - "C+3" 賽道	9	9	箭意(D106)	彭國年	蘇保羅	126	1186	11	7-1/2	12 11 11 9	1:23.26	17	-	-	+ 1	 	4	沙田	2.72							
2020/2/8	4	第四班	1400米	(60-40)	好地	草地 - "C+3" 賽道	10	10	上浦精神(C350)	郭能	霍利時	124	1072	1	8-3/4	7 7 6 10	1:23.48	262	-	-	* 1	TT	5	沙田	2.72							
2020/2/8	4	第四班	1400米	(60-40)	好地	草地 - "C+3" 賽道	11	11	中華精神(D148)	希威森	何良	122	1119	10	9-1/4	13 14 14 11	1:23.53	176	-	-	* 1	H1	3	沙田	2.72							
2020/2/8	4	第四班	1400米	(60-40)	好地	草地 - "C+3" 賽道	12	14	驃騎飛(C456)	黎海榮	蘇偉賢	114	1110	14	9-1/4	14 12 13 12	1:23.55	136	-	-	1	 	4	沙田	2.72							
2020/2/8	4	第四班	1400米	(60-40)	好地	草地 - "C+3" 賽道	13	7	紅寶舍(D211)	巴度	文家良	126	1066	3	10	1 1 2 13	1:23.68	118	-	-	* 1	 	3	沙田	2.72							
2020/2/8	4	第四班	1400米	(60-40)	好地	草地 - "C+3" 賽道	14	13	鑽石達人(V341)	巫顯東	告東尼	115	1180	5	12-1/2	5 5 5 14	1:24.08	16	-	-	1	V/TT	7	沙田	2.72							
2020/2/8	5	第三班	1800米	(80-60)	好地	草地 - "C+3" 賽道	1	4	全民佳知(C288)	何澤堯	姚本輝	131	1109	13	-	2 2 2 1 1	1:46.94	6.9	-	-	+ 1	B/XB	4	沙田	2.72	23.5			225.5	77.0	77.0	
2020/2/8	5	第三班	1800米	(80-60)	好地	草地 - "C+3" 賽道	2	11	安承(D059)	希威森	韋達	121	1081	1	頸位	8 8 9 7 2	1:47.00	5.6	-	-	1	H/XB	5	沙田	2.72		18.0		225.5	77.0		65.0
2020/2/8	5	第三班	1800米	(80-60)	好地	草地 - "C+3" 賽道	3	3	天外天(B435)	郭能	約翰摩亞	131	1087	7	1-1/2	9 9 8 4 3	1:47.19	5.6	-	-	1	B/TT	4	沙田	2.72			21.5			77.0	65.0
2020/2/8	5	第三班	1800米	(80-60)	好地	草地 - "C+3" 賽道	4	10	軍威振(D141)	巴度	韋達	122	1053	6	1-3/4	10 11 11 6 4	1:47.22	32	-	-	2	B/SR	4	沙田	2.72							
2020/2/8	5	第三班	1800米	(80-60)	好地	草地 - "C+3" 賽道	5	13	水箭龜(C450)	莫雷拉	霍利時	117	1044	9	2	4 6 6 5 5	1:47.27	4.1	1st Hot	-	1	SR1	4	沙田	2.72							
2020/2/8	5	第三班	1800米	(80-60)	好地	草地 - "C+3" 賽道	6	9	我𢥧意(C038)	田泰安	蘇偉賢	122	1109	10	2-1/4	5 5 5 2 6	1:47.31	9.5	-	-	+ 1	V-/B2/TT	5	沙田	2.72							
2020/2/8	5	第三班	1800米	(80-60)	好地	草地 - "C+3" 賽道	7	1	快益善(B478)	彭國年	沈集成	133	1062	2	4-3/4	11 10 10 8 7	1:47.69	10	-	-	1	SR	5	沙田	2.72							
2020/2/8	5	第三班	1800米	(80-60)	好地	草地 - "C+3" 賽道	8	5	悅裕(B189)	史卓豐	告東尼	130	1186	5	6-1/4	14 14 14 13 8	1:47.95	5.5	2nd Hot	-	1	PC-/B2/TT	5	沙田	2.72							
2020/2/8	5	第三班	1800米	(80-60)	好地	草地 - "C+3" 賽道	9	12	快樂實在(A152)	楊明綸	容天鵬	118	1187	8	6-1/2	13 13 13 9 9	1:47.97	108	-	-	1	 	6	沙田	2.72							
2020/2/8	5	第三班	1800米	(80-60)	好地	草地 - "C+3" 賽道	10	8	事勝意(T391)	蔡明紹	苗禮德	123	1064	14	8-1/2	6 4 4 3 10	1:48.28	45	-	-	1	SR/TT	8	沙田	2.72							
2020/2/8	5	第三班	1800米	(80-60)	好地	草地 - "C+3" 賽道	11	14	尖子(C266)	黎海榮	徐雨石	116	1094	3	10	7 7 7 10 11	1:48.54	300	-	-	1	SR	5	沙田	2.72							
2020/2/8	5	第三班	1800米	(80-60)	好地	草地 - "C+3" 賽道	12	7	奪速(D001)	梁家俊	蘇保羅	124	1112	4	12-3/4	12 12 12 11 12	1:48.96	369	-	-	1	 	5	沙田	2.72							
2020/2/8	5	第三班	1800米	(80-60)	好地	草地 - "C+3" 賽道	13	2	贏得精綵(C114)	潘明輝	高伯新	131	1113	11	23-1/4	3 3 3 12 13	1:50.66	172	-	-	+ 1	CP-/B1	-	沙田	2.72							
2020/2/8	5	第三班	1800米	(80-60)	好地	草地 - "C+3" 賽道	14	6	西利哥(D128)	利敬國	羅富全	130	1096	12	33-1/4	1 1 1 14 14	1:52.26	70	-	-	1	B1	4	沙田	2.72							
2020/2/8	6	第三班	1200米	(80-60)	好地	全天候跑道	1	1	鑽飛鷹(B309)	梁家俊	姚本輝	133	1179	12	-	4 5 1	1:09.19	36	-	-	1	XB-/TT2	-	沙田	2.72	90.0			3755.5	904.5	205.5	
2020/2/8	6	第三班	1200米	(80-60)	好地	全天候跑道	2	2	發財先生(B265)	彭國年	文家良	131	1172	10	3/4	5 3 2	1:09.31	42	-	-	1	H/P	6	沙田	2.72		89.0		3755.5	904.5		194.0
2020/2/8	6	第三班	1200米	(80-60)	好地	全天候跑道	3	4	公証福將(A148)	莫雷拉	鄭俊偉	128	1184	8	3/4	10 10 3	1:09.33	4.1	2nd Hot	-	+ 1	XB/TT	7	沙田	2.72			14.5			205.5	194.0
2020/2/8	6	第三班	1200米	(80-60)	好地	全天候跑道	4	12	旋里多彩(B469)	田泰安	徐雨石	117	1071	6	1-3/4	9 9 4	1:09.46	7	-	-	* 1	H-	4	沙田	2.72							
2020/2/8	6	第三班	1200米	(80-60)	好地	全天候跑道	5	8	軍力勁(B192)	郭能	約翰摩亞	124	1216	5	2-1/4	2 1 5	1:09.55	12	-	-	+ 1	CP2	5	沙田	2.72							
2020/2/8	6	第三班	1200米	(80-60)	好地	全天候跑道	6	3	酷比哥(C192)	潘頓	羅富全	128	1054	7	6-1/2	6 6 6	1:10.25	4.6	-	-	+ 1	B/TT	4	沙田	2.72							
2020/2/8	6	第三班	1200米	(80-60)	好地	全天候跑道	7	11	快樂歡騰(B272)	蔡明紹	蘇偉賢	118	1159	3	7	7 7 7	1:10.31	25	-	-	+ 1	TT	6	沙田	2.72							
2020/2/8	6	第三班	1200米	(80-60)	好地	全天候跑道	8	9	天氣先生(D058)	巴度	韋達	123	1005	9	7-3/4	8 8 8	1:10.45	125	-	-	* 1	P2	4	沙田	2.72							
2020/2/8	6	第三班	1200米	(80-60)	好地	全天候跑道	9	5	知道必勝(C383)	利敬國	沈集成	128	1216	11	8	1 2 9	1:10.46	4	1st Hot	-	+ 1	B/TT	3	沙田	2.72							
2020/2/8	6	第三班	1200米	(80-60)	好地	全天候跑道	10	6	寶山鷹(C248)	史卓豐	丁冠豪	127	1099	1	8-1/4	3 4 10	1:10.52	6.4	-	-	+ 1	 	4	沙田	2.72							
2020/2/8	6	第三班	1200米	(80-60)	好地	全天候跑道	11	7	勇闖者(A030)	希威森	蔡約翰	125	1126	2	8-3/4	11 11 11	1:10.58	43	-	-	1	P/TT	-	沙田	2.72							
2020/2/8	6	第三班	1200米	(80-60)	好地	全天候跑道	12	10	龍鑽輝煌(D143)	何澤堯	告東尼	120	1137	4	9-1/2	12 12 12	1:10.72	146	-	-	+ 1	B/TT	3	沙田	2.72							
2020/2/8	7	第二班	1600米	(105-80)	好地	草地 - "C+3" 賽道	1	7	友誼至好(C050)	何澤堯	姚本輝	121	1008	1	-	7 7 7 1	1:34.34	1.8	1st Hot	-	1	XB	5	沙田	2.72	12.0			104.5	34.5	43.0	
2020/2/8	7	第二班	1600米	(105-80)	好地	草地 - "C+3" 賽道	2	2	百步穿雲(A165)	巴度	賀賢	132	1149	4	頭位	8 8 8 2	1:34.38	11	-	-	1	H	7	沙田	2.72		21.5		104.5	34.5		127.5
2020/2/8	7	第二班	1600米	(105-80)	好地	草地 - "C+3" 賽道	3	6	非凡才子(C095)	彭國年	容天鵬	122	1114	5	1/2	6 6 5 3	1:34.43	10	-	Big(PQ)	1	 	5	沙田	2.72			25.5			43.0	127.5
2020/2/8	7	第二班	1600米	(105-80)	好地	草地 - "C+3" 賽道	4	9	志同道合(B287)	史卓豐	蔡約翰	118	1137	3	3/4	4 4 2 4	1:34.46	13	-	-	2	SR	5	沙田	2.72							
2020/2/8	7	第二班	1600米	(105-80)	好地	草地 - "C+3" 賽道	5	11	蟲草之星(B070)	蔡明紹	呂健威	113	1201	2	1	5 5 6 5	1:34.50	6.4	2nd Hot	-	1	B	5	沙田	2.72							
2020/2/8	7	第二班	1600米	(105-80)	好地	草地 - "C+3" 賽道	6	1	信心保證(B105)	利敬國	約翰摩亞	133	1261	12	2-1/4	1 1 1 6	1:34.69	19	-	-	1	B/XB	6	沙田	2.72							
2020/2/8	7	第二班	1600米	(105-80)	好地	草地 - "C+3" 賽道	7	8	綠色有運(B413)	陳嘉熙	方嘉柏	109	1077	10	2-1/4	3 3 4 7	1:34.71	37	-	-	+ 1	B/H	5	沙田	2.72							
2020/2/8	7	第二班	1600米	(105-80)	好地	草地 - "C+3" 賽道	8	10	繽紛遊戲(C013)	楊明綸	羅富全	113	1064	11	2-3/4	2 2 3 8	1:34.78	101	-	-	2	B	5	沙田	2.72							
2020/2/8	7	第二班	1600米	(105-80)	好地	草地 - "C+3" 賽道	9	5	奔雷(B328)	田泰安	羅富全	129	1082	6	2-3/4	9 9 9 9	1:34.78	16	-	-	1	XB	5	沙田	2.72							
2020/2/8	7	第二班	1600米	(105-80)	好地	草地 - "C+3" 賽道	10	3	志趣相投(A367)	莫雷拉	蔡約翰	131	1092	9	4	11 10 10 10	1:34.98	61	-	-	1	B	6	沙田	2.72							
2020/2/8	7	第二班	1600米	(105-80)	好地	草地 - "C+3" 賽道	11	4	翠龍(B156)	潘頓	徐雨石	130	1085	7	7	10 11 11 11	1:35.47	13	-	W P Big(PQ)	+ 1	SR-	6	沙田	2.72							
2020/2/8	7	第二班	1600米	(105-80)	好地	草地 - "C+3" 賽道	12	12	英明神駒(V046)	潘明輝	苗禮德	111	1087	8	8-1/2	12 12 12 12	1:35.68	76	-	-	1	XB	8	沙田	2.72							
2020/2/8	8	第三班	1400米	(80-60)	好地	草地 - "C+3" 賽道	1	11	電路三號(B360)	史卓豐	告東尼	118	1139	6	-	9 9 8 1	1:21.29	2.5	1st Hot	-	2	B/TT	5	沙田	2.72	12.5			267.5	92.5	36.0	
2020/2/8	8	第三班	1400米	(80-60)	好地	草地 - "C+3" 賽道	2	10	傳奇(V357)	巴度	呂健威	119	1132	4	3-1/2	6 6 4 2	1:21.86	22	-	-	2	B/TT	7	沙田	2.72		52.5		267.5	92.5		160.5
2020/2/8	8	第三班	1400米	(80-60)	好地	草地 - "C+3" 賽道	3	6	健康美麗(B384)	利敬國	約翰摩亞	126	1038	10	3-3/4	11 11 11 3	1:21.90	5.1	2nd Hot	-	1	CP/TT	5	沙田	2.72			18.0			36.0	160.5
2020/2/8	8	第三班	1400米	(80-60)	好地	草地 - "C+3" 賽道	4	3	專一(D191)	潘頓	徐雨石	129	1029	3	4	8 8 7 4	1:21.91	15	-	-	1	 	4	沙田	2.72							
2020/2/8	8	第三班	1400米	(80-60)	好地	草地 - "C+3" 賽道	5	8	發財寶(B220)	田泰安	韋達	122	1060	11	4	2 3 2 5	1:21.92	5.3	-	-	1	B/XB	5	沙田	2.72							
2020/2/8	8	第三班	1400米	(80-60)	好地	草地 - "C+3" 賽道	6	5	騰龍駒(B349)	彭國年	苗禮德	127	1114	2	4-3/4	5 5 5 6	1:22.06	46	-	-	1	B	5	沙田	2.72							
2020/2/8	8	第三班	1400米	(80-60)	好地	草地 - "C+3" 賽道	7	9	晉神(C476)	潘明輝	葉楚航	120	1029	8	5-3/4	10 10 10 7	1:22.21	75	-	-	1	 	4	沙田	2.72							
2020/2/8	8	第三班	1400米	(80-60)	好地	草地 - "C+3" 賽道	8	14	天生一對(C027)	黎海榮	蘇偉賢	113	1082	1	5-3/4	4 4 3 8	1:22.22	27	-	-	2	CP	5	沙田	2.72							
2020/2/8	8	第三班	1400米	(80-60)	好地	草地 - "C+3" 賽道	9	13	一見傾心(B401)	蔡明紹	蘇保羅	115	1186	13	6-1/2	12 12 12 9	1:22.33	72	-	-	1	B	5	沙田	2.72							
2020/2/8	8	第三班	1400米	(80-60)	好地	草地 - "C+3" 賽道	10	12	再享耆成(B227)	楊明綸	容天鵬	116	1075	5	6-3/4	1 1 1 10	1:22.38	7.7	-	-	1	B	5	沙田	2.72							
2020/2/8	8	第三班	1400米	(80-60)	好地	草地 - "C+3" 賽道	11	2	英之星(C058)	希威森	姚本輝	132	1151	7	9-1/4	7 7 9 11	1:22.76	10	-	-	1	CP	4	沙田	2.72							
2020/2/8	8	第三班	1400米	(80-60)	好地	草地 - "C+3" 賽道	12	4	無限商機(C432)	梁家俊	丁冠豪	127	1167	9	18	3 2 6 12	1:24.18	65	-	-	1	CP1/TT1	4	沙田	2.72							
2020/2/8	8	第三班	1400米	(80-60)	好地	草地 - "C+3" 賽道	WV-A	1	元朗之星(C303)	何澤堯	文家良	133	---	---	---	---	---	---	-	-	-	-	4	沙田	2.72							
2020/2/8	8	第三班	1400米	(80-60)	好地	草地 - "C+3" 賽道	WV-A	7	紀利雄星(C041)	莫雷拉	沈集成	125	---	---	---	---	---	---	-	-	-	-	4	沙田	2.72							
2020/2/8	9	第二班	1200米	(105-80)	好地	草地 - "C+3" 賽道	1	12	大金庫(C146)	潘明輝	高伯新	111	1087	10	-	11 12 1	1:09.02	24	-	-	+ 1	CP/TT	5	沙田	2.72	41.5			329.5	85.5	1030.0	
2020/2/8	9	第二班	1200米	(105-80)	好地	草地 - "C+3" 賽道	2	6	韋小寶(C188)	田泰安	蘇保羅	118	1110	9	鼻位	10 8 2	1:09.02	3.3	1st Hot	-	1	B	4	沙田	2.72		15.0		329.5	85.5		243.5
2020/2/8	9	第二班	1200米	(105-80)	好地	草地 - "C+3" 賽道	3	2	鄉村瑰寶(B396)	利敬國	蔡約翰	129	1114	2	頸位	4 6 3	1:09.06	51	-	-	2	 	4	沙田	2.72			91.5			1030.0	243.5
2020/2/8	9	第二班	1200米	(105-80)	好地	草地 - "C+3" 賽道	4	3	樂滿家(A293)	陳嘉熙	鄭俊偉	113	1124	4	1/2	1 1 4	1:09.10	242	-	-	1	B/H	6	沙田	2.72							
2020/2/8	9	第二班	1200米	(105-80)	好地	草地 - "C+3" 賽道	5	10	錶之智能(D139)	巴度	約翰摩亞	114	1124	5	1/2	6 5 5	1:09.11	4.2	-	-	+ 1	XB/H1	3	沙田	2.72							
2020/2/8	9	第二班	1200米	(105-80)	好地	草地 - "C+3" 賽道	6	1	遨遊戰士(C247)	史卓豐	姚本輝	133	1142	1	3/4	2 2 6	1:09.16	5.3	-	-	1	 	4	沙田	2.72							
2020/2/8	9	第二班	1200米	(105-80)	好地	草地 - "C+3" 賽道	7	5	百勝龍(V356)	何澤堯	呂健威	123	1193	8	2	9 9 7	1:09.33	9.8	-	-	1	B/H/TT	7	沙田	2.72							
2020/2/8	9	第二班	1200米	(105-80)	好地	草地 - "C+3" 賽道	8	11	競技勇士(B285)	巫顯東	葉楚航	111	1180	11	2-3/4	12 11 8	1:09.47	79	-	-	1	TT	5	沙田	2.72							
2020/2/8	9	第二班	1200米	(105-80)	好地	草地 - "C+3" 賽道	9	8	天祿(C082)	楊明綸	告東尼	117	1149	7	5	7 7 9	1:09.80	27	-	-	* 1	TT	4	沙田	2.72							
2020/2/8	9	第二班	1200米	(105-80)	好地	草地 - "C+3" 賽道	10	4	薈力之城(B280)	希威森	約翰摩亞	123	1186	6	5-3/4	8 10 10	1:09.92	152	-	-	2	B/TT1	4	沙田	2.72							
2020/2/8	9	第二班	1200米	(105-80)	好地	草地 - "C+3" 賽道	11	9	美麗掌聲(C228)	莫雷拉	蔡約翰	116	1167	12	7-3/4	5 3 11	1:10.24	3.9	2nd Hot	-	1	TT	4	沙田	2.72							
2020/2/8	9	第二班	1200米	(105-80)	好地	草地 - "C+3" 賽道	12	7	黃金甲(C071)	梁家俊	羅富全	118	1139	3	8-1/2	3 4 12	1:10.36	87	-	-	* 1	CP	5	沙田	2.72							
2020/2/8	10	第三班	1400米	(80-60)	好地	草地 - "C+3" 賽道	1	11	忠心美麗(B383)	莫雷拉	告東尼	120	1089	1	-	8 5 4 1	1:22.01	5.5	2nd Hot	-	1	B/TT	5	沙田	2.72	17.0			719.5	181.5	197.5	
2020/2/8	10	第三班	1400米	(80-60)	好地	草地 - "C+3" 賽道	2	7	喜佳龍(B377)	彭國年	蘇偉賢	124	1154	12	頸位	9 12 12 2	1:22.06	37	-	-	1	XB/TT	5	沙田	2.72		57.5		719.5	181.5		776.0
2020/2/8	10	第三班	1400米	(80-60)	好地	草地 - "C+3" 賽道	3	5	手到回來(C001)	梁家俊	容天鵬	127	1199	10	1/2	1 3 3 3	1:22.11	46	-	-	2	B/TT	5	沙田	2.72			64.0			197.5	776.0
2020/2/8	10	第三班	1400米	(80-60)	好地	草地 - "C+3" 賽道	4 平頭馬	3	廣陵王(C148)	何澤堯	韋達	130	1098	6	3/4	11 11 8 4	1:22.13	1.7	1st Hot	-	2	XB	4	沙田	2.72							
2020/2/8	10	第三班	1400米	(80-60)	好地	草地 - "C+3" 賽道	4 平頭馬	6	噴火龍(B463)	郭能	霍利時	124	1034	3	3/4	7 7 6 4	1:22.13	9.4	-	-	1	B1/TT	5	沙田	2.72							
2020/2/8	10	第三班	1400米	(80-60)	好地	草地 - "C+3" 賽道	6	4	安喜(V338)	陳嘉熙	約翰摩亞	118	1117	13	3/4	3 1 1 6	1:22.14	45	-	-	2	PC-/B2/TT	-	沙田	2.72							
2020/2/8	10	第三班	1400米	(80-60)	好地	草地 - "C+3" 賽道	7	2	帝豪寶寶(A050)	潘頓	沈集成	132	1194	14	1	5 6 7 7	1:22.19	14	-	-	1	B/TT	6	沙田	2.72							
2020/2/8	10	第三班	1400米	(80-60)	好地	草地 - "C+3" 賽道	8	9	加州大帝(D131)	巴度	高伯新	122	1143	5	1-1/4	4 4 5 8	1:22.20	7.6	-	-	1	TT-	4	沙田	2.72							
2020/2/8	10	第三班	1400米	(80-60)	好地	草地 - "C+3" 賽道	9	1	請跟我來(B440)	田泰安	蔡約翰	133	1126	9	2-1/4	6 9 11 9	1:22.37	32	-	-	1	TT	4	沙田	2.72							
2020/2/8	10	第三班	1400米	(80-60)	好地	草地 - "C+3" 賽道	10	8	嘉才(D196)	史卓豐	文家良	123	1162	8	3-1/4	10 10 10 10	1:22.52	83	-	-	2	 	4	沙田	2.72							
2020/2/8	10	第三班	1400米	(80-60)	好地	草地 - "C+3" 賽道	11	14	關鍵時機(C159)	巫顯東	方嘉柏	111	1145	7	3-1/2	14 14 14 11	1:22.56	38	-	-	1	 	5	沙田	2.72							
2020/2/8	10	第三班	1400米	(80-60)	好地	草地 - "C+3" 賽道	12	13	赤火神龍(A350)	黃皓楠	賀賢	113	1129	4	3-1/2	12 8 9 12	1:22.59	525	-	-	1	B	6	沙田	2.72							
2020/2/8	10	第三班	1400米	(80-60)	好地	草地 - "C+3" 賽道	13	10	酷比爸(D212)	黎海榮	呂健威	122	1160	11	3-3/4	13 13 13 13	1:22.62	386	-	-	1	H1	4	沙田	2.72							
2020/2/8	10	第三班	1400米	(80-60)	好地	草地 - "C+3" 賽道	14	12	騷哥利(C430)	蔡明紹	徐雨石	117	986	2	8-3/4	2 2 2 14	1:23.42	456	-	-	* 2	H-	5	沙田	2.72							
2020/2/12	1	第四班	1200米	(60-40)	好地	草地 - "C+3" 賽道	1	5	美妙星(A202)	潘頓	容天鵬	123	1087	9	-	10 10 1	1:09.73	6.7	-	-	1	TT	6	跑馬地	2.71	20.5			250.0	82.5	800.5	
2020/2/12	1	第四班	1200米	(60-40)	好地	草地 - "C+3" 賽道	2	1	運才(A251)	薛恩	方嘉柏	123	1206	2	短馬頭位	7 6 2	1:09.74	7	-	-	2	B/H/XB	6	跑馬地	2.71		24.0		250.0	82.5		1076.5
2020/2/12	1	第四班	1200米	(60-40)	好地	草地 - "C+3" 賽道	3	8	齊勝利(C342)	利敬國	徐雨石	120	1001	12	1/2	12 12 3	1:09.80	90	-	-	1	B1	3	跑馬地	2.71			206.5			800.5	1076.5
2020/2/12	1	第四班	1200米	(60-40)	好地	草地 - "C+3" 賽道	4	11	友享友賞(A142)	莫雷拉	蘇偉賢	118	1210	6	1/2	3 3 4	1:09.83	3.6	1st Hot	-	+ 1	B	6	跑馬地	2.71							
2020/2/12	1	第四班	1200米	(60-40)	好地	草地 - "C+3" 賽道	5	9	勝利紅星(D031)	田泰安	蔡約翰	120	1193	11	3/4	11 9 5	1:09.84	128	-	-	* 2	B-/PC1	3	跑馬地	2.71							
2020/2/12	1	第四班	1200米	(60-40)	好地	草地 - "C+3" 賽道	6	10	木火同明(C460)	蔡明紹	何良	120	1049	4	1	2 2 6	1:09.89	6.9	-	-	1	H/CP1	4	跑馬地	2.71							
2020/2/12	1	第四班	1200米	(60-40)	好地	草地 - "C+3" 賽道	7	3	大聚會(V293)	郭能	高伯新	127	1081	5	1-3/4	4 4 7	1:10.00	15	-	-	1	CP-/B2	7	跑馬地	2.71							
2020/2/12	1	第四班	1200米	(60-40)	好地	草地 - "C+3" 賽道	8	7	勇冠多(V376)	潘明輝	丁冠豪	119	1109	10	2-1/4	1 1 8	1:10.08	13	-	-	1	SR	6	跑馬地	2.71							
2020/2/12	1	第四班	1200米	(60-40)	好地	草地 - "C+3" 賽道	9	6	非凡魅力(D102)	何澤堯	呂健威	123	1107	1	3-1/2	8 8 9	1:10.31	4	2nd Hot	-	1	H	4	跑馬地	2.71							
2020/2/12	1	第四班	1200米	(60-40)	好地	草地 - "C+3" 賽道	10	12	君悅灣(P421)	黃皓楠	鄭俊偉	113	1254	3	4-1/2	5 5 10	1:10.44	48	-	-	+ 2	H/TT	9	跑馬地	2.71							
2020/2/12	1	第四班	1200米	(60-40)	好地	草地 - "C+3" 賽道	11	4	全中(D104)	巴度	蘇保羅	125	1143	7	9	6 7 11	1:11.15	107	-	-	1	 	3	跑馬地	2.71							
2020/2/12	1	第四班	1200米	(60-40)	好地	草地 - "C+3" 賽道	12	2	魅力星光(C540)	希威森	韋達	130	1070	8	10-1/2	9 11 12	1:11.41	15	-	-	+ 1	B/XB	4	跑馬地	2.71							
2020/2/12	1	第四班	1200米	(60-40)	好地	草地 - "C+3" 賽道			文武先鋒(B049)	薛恩	霍利時	133	---	---	---	---	---	---	-	-	-	-	6	跑馬地	2.71							
2020/2/12	2	第四班	1650米	(60-40)	好地	草地 - "C+3" 賽道	1	12	燈胆精英(A183)	巴度	葉楚航	116	1159	11	-	2 2 2 1	1:39.47	17	-	-	+ 1	 	6	跑馬地	2.71	42.0			134.0	56.5	122.5	
2020/2/12	2	第四班	1650米	(60-40)	好地	草地 - "C+3" 賽道	2	11	大眾勁駒(B074)	莫雷拉	文家良	117	1149	1	頸位	3 3 3 2	1:39.52	1.9	1st Hot	-	+ 1	B	5	跑馬地	2.71		10.5		134.0	56.5		24.5
2020/2/12	2	第四班	1650米	(60-40)	好地	草地 - "C+3" 賽道	3	3	悅目星光(A137)	田泰安	徐雨石	128	1118	3	2-1/4	4 4 4 3	1:39.82	5.2	2nd Hot	-	+ 1	 	7	跑馬地	2.71			18.5			122.5	24.5
2020/2/12	2	第四班	1650米	(60-40)	好地	草地 - "C+3" 賽道	4	2	永益善(B003)	利敬國	沈集成	128	1103	9	2-1/4	11 12 9 4	1:39.83	16	-	-	+ 1	B	6	跑馬地	2.71							
2020/2/12	2	第四班	1650米	(60-40)	好地	草地 - "C+3" 賽道	5	4	芙蓉莊(B339)	梁家俊	姚本輝	127	1004	8	2-3/4	10 10 10 5	1:39.89	10	-	-	+ 1	B	5	跑馬地	2.71							
2020/2/12	2	第四班	1650米	(60-40)	好地	草地 - "C+3" 賽道	6	1	環翠戰士(A187)	郭能	蘇保羅	133	1074	7	2-3/4	7 7 7 6	1:39.90	9	-	-	+ 1	B	6	跑馬地	2.71							
2020/2/12	2	第四班	1650米	(60-40)	好地	草地 - "C+3" 賽道	7	9	快閃的(A189)	希威森	霍利時	119	1049	2	2-3/4	6 6 6 7	1:39.92	29	-	-	+ 1	B/TT	6	跑馬地	2.71							
2020/2/12	2	第四班	1650米	(60-40)	好地	草地 - "C+3" 賽道	8	6	一定搏(C497)	蔡明紹	容天鵬	125	1238	5	4-1/2	5 5 5 8	1:40.18	16	-	-	+ 1	 	4	跑馬地	2.71							
2020/2/12	2	第四班	1650米	(60-40)	好地	草地 - "C+3" 賽道	9	8	陽明秋秋(A057)	何澤堯	呂健威	120	1169	10	4-1/2	8 8 8 9	1:40.20	15	-	-	1	TT	7	跑馬地	2.71							
2020/2/12	2	第四班	1650米	(60-40)	好地	草地 - "C+3" 賽道	10	5	美麗天使(C541)	史卓豐	告東尼	125	1002	6	5	1 1 1 10	1:40.26	66	-	-	* 1	TT	4	跑馬地	2.71							
2020/2/12	2	第四班	1650米	(60-40)	好地	草地 - "C+3" 賽道	11	10	閃電龍(D077)	陳嘉熙	羅富全	108	1191	12	13	12 11 11 11	1:41.55	126	-	-	1	B	4	跑馬地	2.71							
2020/2/12	2	第四班	1650米	(60-40)	好地	草地 - "C+3" 賽道	12	7	萬象更新(C459)	巫顯東	何良	119	1159	4	24	9 9 12 12	1:43.32	267	-	-	+ 1	V/SR1/TT	4	跑馬地	2.71							
2020/2/12	3	第四班	1200米	(60-40)	好地至快地	草地 - "C+3" 賽道	1	3	極爽(C131)	利敬國	丁冠豪	128	1081	8	-	1 1 1	1:09.22	13	-	-	* 2	H/V	5	跑馬地	2.71	30.5			389.0	73.5	182.0	
2020/2/12	3	第四班	1200米	(60-40)	好地至快地	草地 - "C+3" 賽道	2	5	善傳千里(A121)	潘頓	文家良	127	1091	5	3-1/2	3 4 2	1:09.77	5.4	2nd Hot	-	1	 	6	跑馬地	2.71		13.0		389.0	73.5		67.5
2020/2/12	3	第四班	1200米	(60-40)	好地至快地	草地 - "C+3" 賽道	3	11	首飾傳奇(D032)	巴度	蔡約翰	120	1159	1	3-1/2	6 6 3	1:09.78	15	-	-	1	V	4	跑馬地	2.71			25.5			182.0	67.5
2020/2/12	3	第四班	1200米	(60-40)	好地至快地	草地 - "C+3" 賽道	4	8	全心全意(C254)	史卓豐	姚本輝	124	1099	9	4	7 7 4	1:09.84	23	-	-	1	B/TT	4	跑馬地	2.71							
2020/2/12	3	第四班	1200米	(60-40)	好地至快地	草地 - "C+3" 賽道	5	1	育馬新星(C162)	田泰安	鄭俊偉	131	1057	4	4	4 2 5	1:09.87	25	-	-	+ 1	H-/B1	5	跑馬地	2.71							
2020/2/12	3	第四班	1200米	(60-40)	好地至快地	草地 - "C+3" 賽道	6	7	天天向上(D261)	薛恩	韋達	126	1119	3	4-1/4	5 5 6	1:09.91	82	-	-	+ 2	 	3	跑馬地	2.71							
2020/2/12	3	第四班	1200米	(60-40)	好地至快地	草地 - "C+3" 賽道	7	6	瑩之光(B080)	何澤堯	方嘉柏	127	1201	6	5	8 8 7	1:10.00	30	-	-	+ 1	 	5	跑馬地	2.71							
2020/2/12	3	第四班	1200米	(60-40)	好地至快地	草地 - "C+3" 賽道	8	4	加州雷電(D147)	莫雷拉	告東尼	127	1202	2	6-1/2	11 9 8	1:10.24	1.5	1st Hot	-	1	CP/TT	3	跑馬地	2.71							
2020/2/12	3	第四班	1200米	(60-40)	好地至快地	草地 - "C+3" 賽道	9	9	霹靂狂龍(D003)	潘明輝	賀賢	121	1033	12	8-1/2	12 12 9	1:10.56	44	-	-	1	H	4	跑馬地	2.71							
2020/2/12	3	第四班	1200米	(60-40)	好地至快地	草地 - "C+3" 賽道	10	10	任意駒(C047)	黃皓楠	徐雨石	118	1091	7	9-1/2	10 11 10	1:10.75	392	-	-	* 2	 	4	跑馬地	2.71							
2020/2/12	3	第四班	1200米	(60-40)	好地至快地	草地 - "C+3" 賽道	11	2	赤水神駒(V364)	陳嘉熙	葉楚航	118	1192	10	9-3/4	2 3 11	1:10.79	15	-	-	1	B-	6	跑馬地	2.71							
2020/2/12	3	第四班	1200米	(60-40)	好地至快地	草地 - "C+3" 賽道	12	12	開心計劃(C189)	巫顯東	容天鵬	115	1253	11	12-1/2	9 10 12	1:11.21	306	-	-	* 2	B	4	跑馬地	2.71							
2020/2/12	4	第四班	1800米	(60-40)	好地至快地	草地 - "C+3" 賽道	1	1	明月光(T369)	郭能	蘇保羅	133	1028	6	-	4 4 5 6 1	1:48.10	22	-	-	+ 1	B	8	跑馬地	2.71	54.5			2062.0	580.0	124.5	
2020/2/12	4	第四班	1800米	(60-40)	好地至快地	草地 - "C+3" 賽道	2	12	總統之星(C170)	蔡明紹	沈集成	117	1060	7	2-3/4	2 3 4 3 2	1:48.56	24	-	-	+ 1	TT	4	跑馬地	2.71		68.5		2062.0	580.0		143.0
2020/2/12	4	第四班	1800米	(60-40)	好地至快地	草地 - "C+3" 賽道	3	8	醉醒神(B436)	巴度	呂健威	121	1071	2	4	8 6 3 2 3	1:48.73	3.2	1st Hot	-	+ 1	H/XB	4	跑馬地	2.71			13.5			124.5	143.0
2020/2/12	4	第四班	1800米	(60-40)	好地至快地	草地 - "C+3" 賽道	4	2	福多寶(B026)	莫雷拉	賀賢	132	1104	9	4	11 9 8 7 4	1:48.76	7.7	-	-	+ 1	B	5	跑馬地	2.71							
2020/2/12	4	第四班	1800米	(60-40)	好地至快地	草地 - "C+3" 賽道	5	5	福善(C426)	薛恩	高伯新	126	1064	1	4-1/2	6 7 7 5 5	1:48.81	10	-	-	+ 1	B/XB	4	跑馬地	2.71							
2020/2/12	4	第四班	1800米	(60-40)	好地至快地	草地 - "C+3" 賽道	6	7	捉金皇(B460)	何澤堯	方嘉柏	123	1124	12	4-3/4	5 2 2 4 6	1:48.88	12	-	-	1	 	4	跑馬地	2.71							
2020/2/12	4	第四班	1800米	(60-40)	好地至快地	草地 - "C+3" 賽道	7	4	加州明雋(B363)	田泰安	告東尼	127	1132	3	6	1 1 1 1 7	1:49.08	4.5	2nd Hot	-	1	TT	5	跑馬地	2.71							
2020/2/12	4	第四班	1800米	(60-40)	好地至快地	草地 - "C+3" 賽道	8	10	精彩千里(C331)	利敬國	約翰摩亞	118	1138	8	6-3/4	3 5 6 9 8	1:49.19	5.4	-	-	1	CP	3	跑馬地	2.71							
2020/2/12	4	第四班	1800米	(60-40)	好地至快地	草地 - "C+3" 賽道	9	6	其樂無窮(S147)	陳嘉熙	鄭俊偉	114	1113	5	7-1/4	12 12 11 10 9	1:49.26	44	-	-	* 1	B/TT	9	跑馬地	2.71							
2020/2/12	4	第四班	1800米	(60-40)	好地至快地	草地 - "C+3" 賽道	10	9	醉開心(B286)	潘明輝	葉楚航	117	1123	4	8	9 10 10 8 10	1:49.40	30	-	-	+ 1	E/TT	5	跑馬地	2.71							
2020/2/12	4	第四班	1800米	(60-40)	好地至快地	草地 - "C+3" 賽道	11	11	大雁塔(C090)	史卓豐	蔡約翰	118	988	10	18-1/2	10 11 12 12 11	1:51.05	112	-	-	+ 1	B/TT	-	跑馬地	2.71							
2020/2/12	4	第四班	1800米	(60-40)	好地至快地	草地 - "C+3" 賽道	12	3	常拼常勝(V037)	彭國年	苗禮德	127	1095	11	21-3/4	7 8 9 11 12	1:51.59	23	-	-	+ 1	V/TT	-	跑馬地	2.71							
2020/2/12	5	第三班	1000米	(85-60)	好地至快地	草地 - "C+3" 賽道	1	3	當家猴王(D142)	潘頓	約翰摩亞	131	1076	2	-	4 3 1	0:56.11	2.9	2nd Hot	-	+ 1	CP	3	跑馬地	2.71	13.0			34.0	18.0	73.5	
2020/2/12	5	第三班	1000米	(85-60)	好地至快地	草地 - "C+3" 賽道	2	4	跳出世界(C333)	巴度	蔡約翰	130	1252	3	1-3/4	10 9 2	0:56.39	2.2	1st Hot	-	+ 1	B	4	跑馬地	2.71		12.5		34.0	18.0		62.0
2020/2/12	5	第三班	1000米	(85-60)	好地至快地	草地 - "C+3" 賽道	3	2	萬事叻(C022)	田泰安	告東尼	133	1153	7	1-3/4	1 1 3	0:56.41	15	-	-	+ 1	B/TT	5	跑馬地	2.71			38.0			73.5	62.0
2020/2/12	5	第三班	1000米	(85-60)	好地至快地	草地 - "C+3" 賽道	4	1	凱旋來(C495)	郭能	霍利時	133	1145	8	3-3/4	9 10 4	0:56.72	27	-	-	+ 1	SR/TT	4	跑馬地	2.71							
2020/2/12	5	第三班	1000米	(85-60)	好地至快地	草地 - "C+3" 賽道	5	12	好好彩彩(B188)	梁家俊	蘇偉賢	115	1212	12	4-3/4	11 11 5	0:56.87	38	-	-	+ 1	B-	5	跑馬地	2.71							
2020/2/12	5	第三班	1000米	(85-60)	好地至快地	草地 - "C+3" 賽道	6	9	大武士(B216)	陳嘉熙	沈集成	114	1147	6	4-3/4	3 4 6	0:56.88	27	-	-	1	TT	6	跑馬地	2.71							
2020/2/12	5	第三班	1000米	(85-60)	好地至快地	草地 - "C+3" 賽道	7	6	小鳥敖翔(B069)	希威森	姚本輝	128	1219	11	5	8 8 7	0:56.91	112	-	-	+ 1	 	6	跑馬地	2.71							
2020/2/12	5	第三班	1000米	(85-60)	好地至快地	草地 - "C+3" 賽道	8	5	滿地可(B338)	何澤堯	方嘉柏	129	1192	9	5	2 2 8	0:56.93	89	-	-	* 1	B/TT	-	跑馬地	2.71							
2020/2/12	5	第三班	1000米	(85-60)	好地至快地	草地 - "C+3" 賽道	9	8	電訊驫馬(C181)	彭國年	丁冠豪	126	1133	4	5	7 6 9	0:56.93	15	-	-	+ 1	TT	5	跑馬地	2.71							
2020/2/12	5	第三班	1000米	(85-60)	好地至快地	草地 - "C+3" 賽道	10	11	嶺寶峯(B333)	蔡明紹	徐雨石	114	1059	1	5-1/4	12 12 10	0:56.95	16	-	-	+ 1	B	6	跑馬地	2.71							
2020/2/12	5	第三班	1000米	(85-60)	好地至快地	草地 - "C+3" 賽道	11	10	合衷共濟(B250)	潘明輝	賀賢	120	1119	5	5-3/4	6 7 11	0:57.04	13	-	-	+ 1	TT1	4	跑馬地	2.71							
2020/2/12	5	第三班	1000米	(85-60)	好地至快地	草地 - "C+3" 賽道	12	7	事事亨通(D174)	史卓豐	高伯新	127	1218	10	5-3/4	5 5 12	0:57.05	22	-	-	+ 1	XB	4	跑馬地	2.71							
2020/2/12	6	第三班	1650米	(80-60)	好地至快地	草地 - "C+3" 賽道	1	10	鴻圖巨星(C163)	莫雷拉	羅富全	115	1061	1	-	2 4 3 1	1:39.21	2.4	1st Hot	-	2	H-/B2	5	跑馬地	2.71	11.5			403.0	108.5	35.0	
2020/2/12	6	第三班	1650米	(80-60)	好地至快地	草地 - "C+3" 賽道	2	3	喜勝勁駒(C325)	蔡明紹	方嘉柏	127	1073	5	3/4	8 8 7 2	1:39.35	27	-	-	1	TT	4	跑馬地	2.71		67.0		403.0	108.5		172.0
2020/2/12	6	第三班	1650米	(80-60)	好地至快地	草地 - "C+3" 賽道	3	4	超趣(C285)	潘頓	霍利時	123	1087	7	1-1/2	6 9 8 3	1:39.45	6.8	-	-	1	H	5	跑馬地	2.71			19.0			35.0	172.0
2020/2/12	6	第三班	1650米	(80-60)	好地至快地	草地 - "C+3" 賽道	4	9	湛江最醒(B406)	田泰安	蘇偉賢	117	1061	6	1-1/2	3 3 4 4	1:39.45	15	-	-	1	TT	5	跑馬地	2.71							
2020/2/12	6	第三班	1650米	(80-60)	好地至快地	草地 - "C+3" 賽道	5	8	佳運來(T380)	黎海榮	徐雨石	119	1028	11	1-3/4	12 12 12 5	1:39.49	53	-	-	2	 	8	跑馬地	2.71							
2020/2/12	6	第三班	1650米	(80-60)	好地至快地	草地 - "C+3" 賽道	6	7	爸巴閉(D235)	巴度	何良	120	1080	2	2	4 6 5 6	1:39.54	5	2nd Hot	-	+ 1	 	3	跑馬地	2.71							
2020/2/12	6	第三班	1650米	(80-60)	好地至快地	草地 - "C+3" 賽道	7	6	龍船(V186)	利敬國	鄭俊偉	120	1085	12	2-1/4	10 10 11 7	1:39.56	15	-	-	1	TT	7	跑馬地	2.71							
2020/2/12	6	第三班	1650米	(80-60)	好地至快地	草地 - "C+3" 賽道	8	12	歡喜心(A224)	希威森	蔡約翰	115	1141	3	2-1/2	5 5 6 8	1:39.60	27	-	-	2	 	6	跑馬地	2.71							
2020/2/12	6	第三班	1650米	(80-60)	好地至快地	草地 - "C+3" 賽道	9	5	勁駒(D138)	潘明輝	賀賢	120	1102	8	3-1/4	11 11 9 9	1:39.71	77	-	-	1	 	4	跑馬地	2.71							
2020/2/12	6	第三班	1650米	(80-60)	好地至快地	草地 - "C+3" 賽道	10	1	曈曨光彩(D188)	史卓豐	告東尼	133	1033	9	6-1/4	1 1 1 10	1:40.22	95	-	-	1	CP1/TT	4	跑馬地	2.71							
2020/2/12	6	第三班	1650米	(80-60)	好地至快地	草地 - "C+3" 賽道	11	2	威闖(D168)	郭能	約翰摩亞	128	1048	4	8-1/4	7 2 2 11	1:40.53	15	-	-	2	XB/CP1	4	跑馬地	2.71							
2020/2/12	6	第三班	1650米	(80-60)	好地至快地	草地 - "C+3" 賽道	12	11	陽明高高(B132)	何澤堯	呂健威	115	1114	10	8-3/4	9 7 10 12	1:40.62	6.7	-	-	1	 	5	跑馬地	2.71							
2020/2/12	7	第三班	1650米	(80-60)	好地至快地	草地 - "C+3" 賽道	1	9	童話(B238)	莫雷拉	徐雨石	116	1104	9	-	4 4 3 1	1:39.54	5	2nd Hot	-	1	B-/SR-/CP1	6	跑馬地	2.71	21.0			183.5	63.5	99.0	
2020/2/12	7	第三班	1650米	(80-60)	好地至快地	草地 - "C+3" 賽道	2	8	福威勝(B223)	何澤堯	呂健威	128	1140	4	3/4	9 9 7 2	1:39.67	6	-	-	2	 	6	跑馬地	2.71		20.5		183.5	63.5		94.5
2020/2/12	7	第三班	1650米	(80-60)	好地至快地	草地 - "C+3" 賽道	3	1	勤德兼備(A071)	潘明輝	賀賢	131	1087	3	1-1/4	8 8 9 3	1:39.72	10	-	-	2	B	7	跑馬地	2.71			33.5			99.0	94.5
2020/2/12	7	第三班	1650米	(80-60)	好地至快地	草地 - "C+3" 賽道	4	2	太陽威威(C111)	利敬國	羅富全	129	1040	7	1-1/2	3 3 5 4	1:39.77	4	1st Hot	W P	+ 1	 	4	跑馬地	2.71							
2020/2/12	7	第三班	1650米	(80-60)	好地至快地	草地 - "C+3" 賽道	5	7	智力寶(B311)	巴度	蔡約翰	119	1178	2	2-1/2	7 7 6 5	1:39.94	9.5	-	-	1	 	5	跑馬地	2.71							
2020/2/12	7	第三班	1650米	(80-60)	好地至快地	草地 - "C+3" 賽道	6	12	藍海策略(A411)	巫顯東	葉楚航	110	1076	1	2-3/4	6 6 8 6	1:39.97	8.5	-	-	1	B	6	跑馬地	2.71							
2020/2/12	7	第三班	1650米	(80-60)	好地至快地	草地 - "C+3" 賽道	7	6	共創歡樂(C210)	郭能	何良	120	1051	12	3	2 2 1 7	1:40.03	13	-	-	2	 	5	跑馬地	2.71							
2020/2/12	7	第三班	1650米	(80-60)	好地至快地	草地 - "C+3" 賽道	8	5	鑲白旗(B336)	希威森	霍利時	127	1032	8	4-1/4	11 11 10 8	1:40.23	30	-	-	2	 	6	跑馬地	2.71							
2020/2/12	7	第三班	1650米	(80-60)	好地至快地	草地 - "C+3" 賽道	9	10	翡翠福星(V020)	梁家俊	文家良	116	1124	6	5	5 5 4 9	1:40.34	30	-	-	1	B	7	跑馬地	2.71							
2020/2/12	7	第三班	1650米	(80-60)	好地至快地	草地 - "C+3" 賽道	10	11	友誼之星(V379)	蔡明紹	蘇保羅	115	1174	5	5-1/4	10 10 11 10	1:40.39	54	-	-	1	B	7	跑馬地	2.71							
2020/2/12	7	第三班	1650米	(80-60)	好地至快地	草地 - "C+3" 賽道	11	4	活力名駒(B260)	潘頓	丁冠豪	128	1038	11	6-3/4	1 1 2 11	1:40.63	9.7	-	-	1	H/TT	-	跑馬地	2.71							
2020/2/12	7	第三班	1650米	(80-60)	好地至快地	草地 - "C+3" 賽道	12	3	美麗歡欣(D130)	薛恩	約翰摩亞	128	1129	10	9-1/2	12 12 12 12	1:41.08	59	-	-	1	CP	4	跑馬地	2.71							
2020/2/12	7	第三班	1650米	(80-60)	好地至快地	草地 - "C+3" 賽道			運時來(D170)	田泰安	韋達	119	---	---	---	---	---	---	-	-	-	-	4	跑馬地	2.71							
2020/2/12	8	第三班	1200米	(80-60)	好地至快地	草地 - "C+3" 賽道	1	9	平海歡星(C377)	潘明輝	蔡約翰	115	1098	2	-	6 5 1	1:09.14	160	-	-	* 1	 	4	跑馬地	2.71	245.0			4263.0	939.0	574.0	
2020/2/12	8	第三班	1200米	(80-60)	好地至快地	草地 - "C+3" 賽道	2	11	閃耀榮光(B372)	莫雷拉	容天鵬	116	1183	1	1/2	3 3 2	1:09.24	8.5	-	-	+ 1	B-/V1/TT	5	跑馬地	2.71		23.0		4263.0	939.0		62.0
2020/2/12	8	第三班	1200米	(80-60)	好地至快地	草地 - "C+3" 賽道	3	4	美麗躍動(C318)	潘頓	羅富全	121	1132	3	1-3/4	7 8 3	1:09.43	4.2	2nd Hot	-	+ 1	B/TT	4	跑馬地	2.71			15.5			574.0	62.0
2020/2/12	8	第三班	1200米	(80-60)	好地至快地	草地 - "C+3" 賽道	4	3	綠色勇駿(D140)	何澤堯	方嘉柏	123	1138	4	2	8 6 4	1:09.46	9.9	-	-	+ 1	B	4	跑馬地	2.71							
2020/2/12	8	第三班	1200米	(80-60)	好地至快地	草地 - "C+3" 賽道	5	1	加州得迅(D276)	田泰安	告東尼	133	1170	12	2-1/2	2 2 5	1:09.52	3.4	1st Hot	-	+ 1	TT	3	跑馬地	2.71							
2020/2/12	8	第三班	1200米	(80-60)	好地至快地	草地 - "C+3" 賽道	6	10	勝利在手(C103)	巴度	呂健威	117	1088	9	2-1/2	1 1 6	1:09.54	4.5	-	-	+ 1	TT	4	跑馬地	2.71							
2020/2/12	8	第三班	1200米	(80-60)	好地至快地	草地 - "C+3" 賽道	7	6	翡翠劇院(A040)	梁家俊	文家良	118	1091	11	3-3/4	9 9 7	1:09.74	141	-	-	+ 1	B	6	跑馬地	2.71							
2020/2/12	8	第三班	1200米	(80-60)	好地至快地	草地 - "C+3" 賽道	8	8	贏多多(C004)	史卓豐	丁冠豪	118	1060	5	4-1/2	4 4 8	1:09.87	6.4	-	-	+ 1	B	5	跑馬地	2.71							
2020/2/12	8	第三班	1200米	(80-60)	好地至快地	草地 - "C+3" 賽道	9	7	壽臣(C326)	利敬國	約翰摩亞	118	1125	10	6-1/4	12 12 9	1:10.12	21	-	-	+ 1	B	4	跑馬地	2.71							
2020/2/12	8	第三班	1200米	(80-60)	好地至快地	草地 - "C+3" 賽道	10	12	清新動力(B067)	蔡明紹	徐雨石	115	1008	6	7-3/4	11 11 10	1:10.36	46	-	-	* 1	B/TT	6	跑馬地	2.71							
2020/2/12	8	第三班	1200米	(80-60)	好地至快地	草地 - "C+3" 賽道	11	2	怡威(C496)	希威森	霍利時	124	1026	7	9-1/2	5 7 11	1:10.64	440	-	-	1	TT	5	跑馬地	2.71							
2020/2/12	8	第三班	1200米	(80-60)	好地至快地	草地 - "C+3" 賽道	12	5	合夥精神(D175)	巫顯東	高伯新	118	1205	8	23-3/4	10 10 12	1:12.94	520	-	-	1	H/XB/B1	4	跑馬地	2.71							
2020/2/16	1	第四班	1200米	(60-40)	好地	草地 - "A" 賽道	1	2	開心人生(C065)	潘頓	呂健威	129	1238	1	-	6 3 1	1:10.13	2.5	1st Hot	-	+ 2	H/XB/TT	4	沙田	2.72	13.5			62.5	30.5	52.5	
2020/2/16	1	第四班	1200米	(60-40)	好地	草地 - "A" 賽道	2	13	富祿(C352)	巴度	葉楚航	117	1100	14	1-1/2	12 9 2	1:10.37	4.2	2nd Hot	-	+ 1	H/XB	5	沙田	2.72		15.0		62.5	30.5		68.0
2020/2/16	1	第四班	1200米	(60-40)	好地	草地 - "A" 賽道	3	11	追風驥足(D009)	利敬國	蔡約翰	121	983	3	3-1/4	10 12 3	1:10.65	10	-	-	* 2	E/TT	4	沙田	2.72			29.0			52.5	68.0
2020/2/16	1	第四班	1200米	(60-40)	好地	草地 - "A" 賽道	4	8	摘星之光(D007)	彭國年	蘇偉賢	125	1088	8	3-1/4	8 8 4	1:10.67	10	-	-	1	H-/TT1	4	沙田	2.72							
2020/2/16	1	第四班	1200米	(60-40)	好地	草地 - "A" 賽道	5	1	英之友(A373)	郭能	容天鵬	133	1129	7	4	1 1 5	1:10.77	34	-	-	* 2	 	6	沙田	2.72							
2020/2/16	1	第四班	1200米	(60-40)	好地	草地 - "A" 賽道	6	3	福滿寶(D118)	莫雷拉	賀賢	127	1051	4	4-1/4	9 6 6	1:10.79	6.3	-	-	+ 1	XB	4	沙田	2.72							
2020/2/16	1	第四班	1200米	(60-40)	好地	草地 - "A" 賽道	7	5	善傳萬里(D167)	楊明綸	文家良	125	1114	5	4-1/4	4 7 7	1:10.80	10	-	-	+ 1	 	3	沙田	2.72							
2020/2/16	1	第四班	1200米	(60-40)	好地	草地 - "A" 賽道	8	10	旺舖必星(C387)	蔡明紹	丁冠豪	122	1124	9	4-3/4	11 11 8	1:10.87	136	-	-	1	B	4	沙田	2.72							
2020/2/16	1	第四班	1200米	(60-40)	好地	草地 - "A" 賽道	9	14	晴朗拍檔(B071)	黃皓楠	霍利時	112	1103	10	5-1/4	13 13 9	1:10.96	161	-	-	1	SR	6	沙田	2.72							
2020/2/16	1	第四班	1200米	(60-40)	好地	草地 - "A" 賽道	10	7	帝豪大師(D225)	田泰安	沈集成	125	1035	11	5-3/4	2 2 10	1:11.04	40	-	-	1	TT1	3	沙田	2.72							
2020/2/16	1	第四班	1200米	(60-40)	好地	草地 - "A" 賽道	11	6	歐洲新星(D119)	薛恩	鄭俊偉	125	1096	2	6	7 10 11	1:11.11	83	-	-	1	B	3	沙田	2.72							
2020/2/16	1	第四班	1200米	(60-40)	好地	草地 - "A" 賽道	12	12	胆大威猛(C338)	黎海榮	姚本輝	119	1136	6	7-1/4	5 4 12	1:11.29	31	-	-	1	B	3	沙田	2.72							
2020/2/16	1	第四班	1200米	(60-40)	好地	草地 - "A" 賽道	13	4	白鷺盛世(D163)	希威森	韋達	125	1080	13	9-3/4	14 14 13	1:11.68	158	-	-	* 1	 	3	沙田	2.72							
2020/2/16	1	第四班	1200米	(60-40)	好地	草地 - "A" 賽道	14	9	得先生(C032)	巫顯東	何良	119	1122	12	15-1/2	3 5 14	1:12.59	156	-	-	* 2	H	-	沙田	2.72							
2020/2/16	2	第四班	1200米	(60-40)	好地	草地 - "A" 賽道	1	4	平海掌星(D123)	利敬國	蔡約翰	127	1300	5	-	6 4 1	1:10.00	3	2nd Hot	-	+ 1	 	3	沙田	2.72	13.0			219.0	77.5	20.5	
2020/2/16	2	第四班	1200米	(60-40)	好地	草地 - "A" 賽道	2	9	荷花福星(C311)	薛恩	蘇保羅	122	1134	10	1/2	12 12 2	1:10.10	17	-	-	1	B-	3	沙田	2.72		40.0		219.0	77.5		86.0
2020/2/16	2	第四班	1200米	(60-40)	好地	草地 - "A" 賽道	3	5	翡翠鳳凰(D179)	莫雷拉	羅富全	126	1159	4	2-3/4	10 9 3	1:10.43	2.8	1st Hot	-	1	 	3	沙田	2.72			13.0			20.5	86.0
2020/2/16	2	第四班	1200米	(60-40)	好地	草地 - "A" 賽道	4	1	維港奔流(D042)	巴度	韋達	133	1099	6	2-3/4	8 8 4	1:10.44	26	-	-	* 2	B	4	沙田	2.72							
2020/2/16	2	第四班	1200米	(60-40)	好地	草地 - "A" 賽道	5	13	天地僑福(C438)	潘頓	葉楚航	120	1074	2	5-1/4	9 10 5	1:10.85	8.5	-	-	* 2	 	4	沙田	2.72							
2020/2/16	2	第四班	1200米	(60-40)	好地	草地 - "A" 賽道	6	11	東方雷(C500)	史賓沙	何良	121	1049	13	5-3/4	13 13 6	1:10.91	64	-	-	+ 1	H/TT	4	沙田	2.72							
2020/2/16	2	第四班	1200米	(60-40)	好地	草地 - "A" 賽道	7	3	嘉應精彩(C526)	田泰安	告東尼	127	1067	9	6-1/4	4 2 7	1:10.99	11	-	-	1	CP/TT	4	沙田	2.72							
2020/2/16	2	第四班	1200米	(60-40)	好地	草地 - "A" 賽道	8	14	遨遊之星(C098)	楊明綸	容天鵬	120	1214	8	6-1/2	1 1 8	1:11.03	23	-	-	1	V-/B2/TT	4	沙田	2.72							
2020/2/16	2	第四班	1200米	(60-40)	好地	草地 - "A" 賽道	9	8	錢途燦爛(C005)	梁家俊	呂健威	124	997	7	7	11 11 9	1:11.12	7	-	-	+ 1	H/TT	5	沙田	2.72							
2020/2/16	2	第四班	1200米	(60-40)	好地	草地 - "A" 賽道	10	12	鑲藍旗(C167)	蔡明紹	文家良	121	1114	12	8-1/4	5 7 10	1:11.30	292	-	-	+ 2	 	4	沙田	2.72							
2020/2/16	2	第四班	1200米	(60-40)	好地	草地 - "A" 賽道	11	7	多多寶驥(D243)	史卓豐	苗禮德	125	1165	1	8-1/4	7 6 11	1:11.32	67	-	-	1	 	3	沙田	2.72							
2020/2/16	2	第四班	1200米	(60-40)	好地	草地 - "A" 賽道	12	6	兩全其美(D205)	何澤堯	方嘉柏	125	1169	14	8-1/4	14 14 12	1:11.34	176	-	-	* 1	 	3	沙田	2.72							
2020/2/16	2	第四班	1200米	(60-40)	好地	草地 - "A" 賽道	13	2	自由喜(B359)	黎海榮	蘇偉賢	129	1162	11	16-1/4	2 5 13	1:12.58	120	-	-	* 2	TT	5	沙田	2.72							
2020/2/16	2	第四班	1200米	(60-40)	好地	草地 - "A" 賽道	14	10	閃耀人生(C346)	黃皓楠	徐雨石	119	1087	3	16-1/2	3 3 14	1:12.65	334	-	-	1	B-	-	沙田	2.72							
2020/2/16	3	第四班	1600米	(60-40)	好地	草地 - "A" 賽道	1	4	精彩有你(C394)	莫雷拉	姚本輝	127	1058	8	-	3 5 3 1	1:35.79	3.7	1st Hot	-	1	B/XB	4	沙田	2.72	15.5			308.5	104.5	188.5	
2020/2/16	3	第四班	1600米	(60-40)	好地	草地 - "A" 賽道	2	2	開懷大少(A278)	薛恩	文家良	131	1159	3	1-1/2	8 11 11 2	1:36.01	12	-	-	* 1	B/TT	6	沙田	2.72		41.5		308.5	104.5		485.0
2020/2/16	3	第四班	1600米	(60-40)	好地	草地 - "A" 賽道	3	14	靈鋒(A245)	巴度	苗禮德	114	1018	9	1-1/2	14 10 8 3	1:36.04	24	-	-	+ 1	B/XB	6	沙田	2.72			82.0			188.5	485.0
2020/2/16	3	第四班	1600米	(60-40)	好地	草地 - "A" 賽道	4	9	天意(V417)	梁家俊	蘇保羅	122	1170	10	1-3/4	11 7 5 4	1:36.06	30	-	-	1	B	6	沙田	2.72							
2020/2/16	3	第四班	1600米	(60-40)	好地	草地 - "A" 賽道	5	3	發財福星(C413)	巫顯東	何良	128	1068	7	2-3/4	1 1 2 5	1:36.24	19	-	-	1	 	4	沙田	2.72							
2020/2/16	3	第四班	1600米	(60-40)	好地	草地 - "A" 賽道	6	7	電訊火箭(C137)	利敬國	徐雨石	124	1083	13	3-1/2	2 2 1 6	1:36.37	3.7	2nd Hot	-	+ 1	CP	5	沙田	2.72							
2020/2/16	3	第四班	1600米	(60-40)	好地	草地 - "A" 賽道	7	13	數糊勇士(B421)	田泰安	羅富全	118	1208	4	4-1/4	10 13 13 7	1:36.47	8.5	-	-	1	SR2	4	沙田	2.72							
2020/2/16	3	第四班	1600米	(60-40)	好地	草地 - "A" 賽道	8	11	天天精彩(C414)	潘頓	告東尼	120	1107	5	4-1/2	7 6 4 8	1:36.52	4.2	-	-	+ 1	CP/H/TT	4	沙田	2.72							
2020/2/16	3	第四班	1600米	(60-40)	好地	草地 - "A" 賽道	9	6	御風超影(C268)	史卓豐	丁冠豪	126	1055	2	4-1/2	6 8 9 9	1:36.52	23	-	-	+ 1	 	4	沙田	2.72							
2020/2/16	3	第四班	1600米	(60-40)	好地	草地 - "A" 賽道	10	5	韻妙星(A363)	彭國年	霍利時	126	1280	14	5-1/2	12 12 12 10	1:36.68	28	-	-	+ 1	B	6	沙田	2.72							
2020/2/16	3	第四班	1600米	(60-40)	好地	草地 - "A" 賽道	11	12	自然君子(C089)	希威森	方嘉柏	119	1179	11	6-1/4	13 14 14 11	1:36.79	84	-	-	+ 1	B/H	5	沙田	2.72							
2020/2/16	3	第四班	1600米	(60-40)	好地	草地 - "A" 賽道	12	8	威威高星(D101)	何澤堯	賀賢	123	1132	12	7	9 9 10 12	1:36.93	192	-	-	* 1	H	3	沙田	2.72							
2020/2/16	3	第四班	1600米	(60-40)	好地	草地 - "A" 賽道	13	1	家家勝意(C510)	陳嘉熙	鄭俊偉	123	1060	6	10-3/4	5 3 7 13	1:37.52	58	-	-	* 1	 	4	沙田	2.72							
2020/2/16	3	第四班	1600米	(60-40)	好地	草地 - "A" 賽道	14	10	合夥年代(C534)	黎海榮	蘇偉賢	121	1107	1	12-1/2	4 4 6 14	1:37.79	326	-	-	+ 1	B	4	沙田	2.72							
2020/2/16	4	第四班	1400米	(60-40)	好地	草地 - "A" 賽道	1	2	高大威猛(C470)	潘頓	姚本輝	130	1215	14	-	2 2 2 1	1:22.28	1.9	1st Hot	-	+ 1	B	4	沙田	2.72	10.5			136.5	53.5	43.5	
2020/2/16	4	第四班	1400米	(60-40)	好地	草地 - "A" 賽道	2	7	帶榮來(B197)	彭國年	高伯新	125	1142	7	4-1/4	14 14 14 2	1:22.96	11	-	-	+ 1	B	5	沙田	2.72		27.0		136.5	53.5		193.0
2020/2/16	4	第四班	1400米	(60-40)	好地	草地 - "A" 賽道	3	13	紅旺(C341)	巴度	葉楚航	119	1194	8	4-1/2	1 1 1 3	1:22.98	11	-	-	+ 1	H/TT	4	沙田	2.72			32.5			43.5	193.0
2020/2/16	4	第四班	1400米	(60-40)	好地	草地 - "A" 賽道	4	1	活力勇士(A313)	郭能	約翰摩亞	131	1099	5	4-1/2	7 5 5 4	1:23.00	27	-	-	+ 1	CP	6	沙田	2.72							
2020/2/16	4	第四班	1400米	(60-40)	好地	草地 - "A" 賽道	5	4	長友之星(B251)	史賓沙	何良	129	1125	12	5	10 11 11 5	1:23.10	100	-	-	+ 1	H-/P	6	沙田	2.72							
2020/2/16	4	第四班	1400米	(60-40)	好地	草地 - "A" 賽道	6	5	連利之星(S093)	薛恩	蘇保羅	128	1159	6	5-1/2	11 10 10 6	1:23.15	38	-	-	+ 1	B	9	沙田	2.72							
2020/2/16	4	第四班	1400米	(60-40)	好地	草地 - "A" 賽道	7	6	金碧科(B225)	利敬國	鄭俊偉	125	1033	4	5-3/4	8 8 7 7	1:23.18	6.7	-	-	+ 1	 	5	沙田	2.72							
2020/2/16	4	第四班	1400米	(60-40)	好地	草地 - "A" 賽道	8	10	連連行運(C441)	潘明輝	蔡約翰	120	1111	9	7-1/4	4 9 6 8	1:23.44	72	-	-	+ 1	B	4	沙田	2.72							
2020/2/16	4	第四班	1400米	(60-40)	好地	草地 - "A" 賽道	9	14	神期大帝(D107)	田泰安	告東尼	118	1069	10	7-1/2	12 12 12 9	1:23.46	95	-	-	+ 1	H/TT	3	沙田	2.72							
2020/2/16	4	第四班	1400米	(60-40)	好地	草地 - "A" 賽道	10	9	真開心(D076)	史卓豐	文家良	123	1082	13	7-1/2	13 13 13 10	1:23.46	150	-	-	* 1	B	4	沙田	2.72							
2020/2/16	4	第四班	1400米	(60-40)	好地	草地 - "A" 賽道	11	12	飛雲騅(B274)	何澤堯	方嘉柏	119	1105	3	8-1/2	3 3 3 11	1:23.62	15	-	-	* 1	TT	5	沙田	2.72							
2020/2/16	4	第四班	1400米	(60-40)	好地	草地 - "A" 賽道	12	11	皮具之星(C307)	楊明綸	容天鵬	120	1243	1	11	9 7 9 12	1:24.04	29	-	-	+ 1	XB/CP1/TT	4	沙田	2.72							
2020/2/16	4	第四班	1400米	(60-40)	好地	草地 - "A" 賽道	13	8	中華威威(D075)	希威森	韋達	123	1202	2	11	6 6 8 13	1:24.04	54	-	-	+ 1	XB	4	沙田	2.72							
2020/2/16	4	第四班	1400米	(60-40)	好地	草地 - "A" 賽道	14	3	三生好運(C359)	莫雷拉	羅富全	130	1062	11	12	5 4 4 14	1:24.18	6.1	2nd Hot	-	+ 1	 	5	沙田	2.72							
2020/2/16	5	國際一級賽	2000米 		好地	草地 - "A" 賽道	1	7	馬克羅斯(A066)	莫雷拉	告東尼	126	1251	8	-	1 1 1 1 1	2:02.00	26	-	-		TT	7	沙田	2.72	52.5			116.0	54.0	757.0	
2020/2/16	5	國際一級賽	2000米 		好地	草地 - "A" 賽道	2	1	時時精綵(B101)	潘頓	告東尼	126	1059	9	3/4	7 7 7 8 2	2:02.13	1.2	1st Hot	-		XB/TT	6	沙田	2.72		10.1		116.0	54.0		72.5
2020/2/16	5	國際一級賽	2000米 		好地	草地 - "A" 賽道	3	4	龍船鼓響(T286)	郭能	姚本輝	126	1044	1	1-3/4	4 4 5 4 3	2:02.29	58	-	-		H-/XB	8	沙田	2.72			76.5			757.0	72.5
2020/2/16	5	國際一級賽	2000米 		好地	草地 - "A" 賽道	4	6	達龍駒(C075)	利敬國	羅富全	126	1129	6	2	2 2 3 3 4	2:02.31	36	-	-		B/TT	5	沙田	2.72							
2020/2/16	5	國際一級賽	2000米 		好地	草地 - "A" 賽道	5	9	鷹雄(A093)	薛恩	約翰摩亞	126	1089	3	2-1/4	6 6 6 6 5	2:02.35	27	-	-		B/TT	7	沙田	2.72							
2020/2/16	5	國際一級賽	2000米 		好地	草地 - "A" 賽道	6	5	好好瑪(B318)	何澤堯	賀賢	126	1038	7	2-1/4	8 8 8 9 6	2:02.36	53	-	-		B-	5	沙田	2.72							
2020/2/16	5	國際一級賽	2000米 		好地	草地 - "A" 賽道	7	3	添滿意(C079)	史賓沙	羅富全	126	1094	10	4-1/4	9 9 9 7 7	2:02.67	15	-	-		B	5	沙田	2.72							
2020/2/16	5	國際一級賽	2000米 		好地	草地 - "A" 賽道	8	8	幸福分享(A409)	梁家俊	呂健威	126	1000	5	4-1/4	5 5 4 5 8	2:02.68	22	-	-		 	6	沙田	2.72							
2020/2/16	5	國際一級賽	2000米 		好地	草地 - "A" 賽道	9	2	川河尊駒(A252)	史卓豐	方嘉柏	126	1160	4	6	3 3 2 2 9	2:02.95	19	-	-		V-	7	沙田	2.72							
2020/2/16	5	國際一級賽	2000米 		好地	草地 - "A" 賽道	10	11	龍鼓飛揚(C120)	巴度	苗禮德	126	1125	2	6	11 10 10 10 10	2:02.98	9.3	2nd Hot	-		XB	5	沙田	2.72							
2020/2/16	5	國際一級賽	2000米 		好地	草地 - "A" 賽道	11	10	雪霸神駒(C073)	田泰安	苗禮德	126	1110	11	14-1/2	10 11 11 11 11	2:04.33	99	-	-		TT	6	沙田	2.72							
2020/2/16	6	第三班	1400米	(80-60)	好地	草地 - "A" 賽道	1	2	美麗滿紛(C475)	巴度	蔡約翰	132	1170	13	-	3 1 1 1	1:22.55	17	-	-	* 1	V	4	沙田	2.72	40.0			297.5	105.0	200.5	
2020/2/16	6	第三班	1400米	(80-60)	好地	草地 - "A" 賽道	2	1	蒙古王(A098)	潘頓	徐雨石	133	1130	9	1-1/4	12 10 8 2	1:22.73	3.6	1st Hot	-	+ 1	B	7	沙田	2.72		15.5		297.5	105.0		59.5
2020/2/16	6	第三班	1400米	(80-60)	好地	草地 - "A" 賽道	3	8	利害了(C367)	田泰安	韋達	123	1070	2	1-1/4	2 2 2 3	1:22.77	6.7	-	-	+ 1	CP/XB	4	沙田	2.72			23.0			200.5	59.5
2020/2/16	6	第三班	1400米	(80-60)	好地	草地 - "A" 賽道	4	14	綠尚飛馳(B258)	利敬國	姚本輝	115	1178	4	1-3/4	4 5 5 4	1:22.83	5.6	2nd Hot	-	* 1	CP/TT	5	沙田	2.72							
2020/2/16	6	第三班	1400米	(80-60)	好地	草地 - "A" 賽道	5	3	心多多(B264)	梁家俊	蘇保羅	130	1044	11	1-3/4	13 14 11 5	1:22.83	12	-	-	+ 1	B	6	沙田	2.72							
2020/2/16	6	第三班	1400米	(80-60)	好地	草地 - "A" 賽道	6	6	各取所需(C474)	薛恩	約翰摩亞	128	1048	7	1-3/4	1 3 3 6	1:22.84	8.6	-	-	+ 1	B	4	沙田	2.72							
2020/2/16	6	第三班	1400米	(80-60)	好地	草地 - "A" 賽道	7	11	大眾歡呼(C225)	莫雷拉	羅富全	119	1146	14	2-1/4	14 12 12 7	1:22.91	6	-	-	+ 1	CP/XB/TT	4	沙田	2.72							
2020/2/16	6	第三班	1400米	(80-60)	好地	草地 - "A" 賽道	8	9	超跑王(C479)	楊明綸	容天鵬	121	1142	3	3-1/4	6 7 9 8	1:23.07	314	-	-	+ 1	TT	4	沙田	2.72							
2020/2/16	6	第三班	1400米	(80-60)	好地	草地 - "A" 賽道	9	5	歡樂神駒(B103)	史卓豐	苗禮德	129	1192	1	4-1/4	5 4 4 9	1:23.21	7.9	-	-	+ 1	XB	6	沙田	2.72							
2020/2/16	6	第三班	1400米	(80-60)	好地	草地 - "A" 賽道	10	13	精算齊同(B102)	黃皓楠	呂健威	112	1185	8	4-1/2	11 13 14 10	1:23.25	59	-	-	* 1	CP	6	沙田	2.72							
2020/2/16	6	第三班	1400米	(80-60)	好地	草地 - "A" 賽道	11	10	歡樂小子(S235)	彭國年	文家良	121	1284	12	5	9 9 7 11	1:23.33	39	-	-	* 1	V	9	沙田	2.72							
2020/2/16	6	第三班	1400米	(80-60)	好地	草地 - "A" 賽道	12	12	索先生(T330)	潘明輝	賀賢	112	1151	5	5-3/4	8 11 13 12	1:23.45	141	-	-	* 1	B	-	沙田	2.72							
2020/2/16	6	第三班	1400米	(80-60)	好地	草地 - "A" 賽道	13	4	精彩輝煌(B411)	希威森	方嘉柏	129	1110	6	7	7 6 6 13	1:23.67	111	-	-	+ 1	 	5	沙田	2.72							
2020/2/16	6	第三班	1400米	(80-60)	好地	草地 - "A" 賽道	14	7	包裝喜悅(D057)	郭能	高伯新	126	1066	10	17-1/2	10 8 10 14	1:25.34	185	-	-	+ 1	B1/SR1/TT1	4	沙田	2.72							
2020/2/16	7	國際一級賽	1400米 		好地	草地 - "A" 賽道	1	1	美麗傳承(V380)	潘頓	約翰摩亞	126	1157	3	-	3 4 2 1	1:21.64	1.6	1st Hot	-		CP/TT	7	沙田	2.72	10.1			129.0	40.5	26.0	
2020/2/16	7	國際一級賽	1400米 		好地	草地 - "A" 賽道	2	7	嘉應之星(C198)	史賓沙	告東尼	126	1117	7	1/2	2 2 3 2	1:21.73	18	-	-		B/TT	5	沙田	2.72		32.5		129.0	40.5		110.5
2020/2/16	7	國際一級賽	1400米 		好地	草地 - "A" 賽道	3	3	旺蝦王(A299)	田泰安	蔡約翰	126	1211	6	1-1/2	1 1 1 3	1:21.87	8.7	-	-		 	5	沙田	2.72			21.5			26.0	110.5
2020/2/16	7	國際一級賽	1400米 		好地	草地 - "A" 賽道	4	4	常感恩(B312)	利敬國	約翰摩亞	126	1246	4	2	6 6 6 4	1:21.94	16	-	-		CP	4	沙田	2.72							
2020/2/16	7	國際一級賽	1400米 		好地	草地 - "A" 賽道	5	2	爭分奪秒(V397)	莫雷拉	蔡約翰	126	1152	2	3-3/4	5 5 5 5	1:22.25	3.1	2nd Hot	-		TT	6	沙田	2.72							
2020/2/16	7	國際一級賽	1400米 		好地	草地 - "A" 賽道	6	5	大籐王(A061)	史卓豐	高伯新	126	1150	1	5-1/4	4 3 4 6	1:22.49	25	-	-		CP	6	沙田	2.72							
2020/2/16	7	國際一級賽	1400米 		好地	草地 - "A" 賽道	7	6	有理共想(B180)	何澤堯	高伯新	126	1186	5	5-3/4	7 7 7 7	1:22.55	40	-	-		B	6	沙田	2.72							
2020/2/16	8	第三班	1200米	(80-60)	好地	草地 - "A" 賽道	1	3	團結精神(B230)	彭國年	蘇偉賢	129	1202	12	-	1 1 1	1:10.03	18	-	-	1	B/TT	5	沙田	2.72	42.5			636.0	158.0	113.5	
2020/2/16	8	第三班	1200米	(80-60)	好地	草地 - "A" 賽道	2	4	傳盛(B416)	薛恩	呂健威	127	1207	6	1-1/4	2 2 2	1:10.21	6.6	-	-	1	 	4	沙田	2.72		22.5		636.0	158.0		45.5
2020/2/16	8	第三班	1200米	(80-60)	好地	草地 - "A" 賽道	3	1	一拍即合(B402)	潘頓	方嘉柏	133	1192	1	1-3/4	3 3 3	1:10.30	4.6	2nd Hot	-	1	B/TT	5	沙田	2.72			16.0			113.5	45.5
2020/2/16	8	第三班	1200米	(80-60)	好地	草地 - "A" 賽道	4	13	行星夢(D100)	莫雷拉	沈集成	118	1318	8	2	9 6 4	1:10.33	2.4	1st Hot	-	+ 2	B/TT	4	沙田	2.72							
2020/2/16	8	第三班	1200米	(80-60)	好地	草地 - "A" 賽道	5	14	智愛(A010)	蔡明紹	蘇保羅	117	1226	4	2	8 9 5	1:10.37	5.9	-	-	* 1	B	6	沙田	2.72							
2020/2/16	8	第三班	1200米	(80-60)	好地	草地 - "A" 賽道	6	5	玩具達人(D203)	黎海榮	姚本輝	126	1020	3	4-1/2	7 7 6	1:10.75	96	-	-	* 2	XB1	4	沙田	2.72							
2020/2/16	8	第三班	1200米	(80-60)	好地	草地 - "A" 賽道	7	12	老實人(B200)	郭能	霍利時	120	1248	14	5-1/2	13 11 7	1:10.92	38	-	-	1	B1	5	沙田	2.72							
2020/2/16	8	第三班	1200米	(80-60)	好地	草地 - "A" 賽道	8	11	首飾大聖(B378)	利敬國	蔡約翰	120	1092	5	6	4 4 8	1:10.97	22	-	-	1	 	5	沙田	2.72							
2020/2/16	8	第三班	1200米	(80-60)	好地	草地 - "A" 賽道	9	10	運來福星(C473)	希威森	徐雨石	121	1021	10	6	10 10 9	1:10.97	126	-	-	1	CP-/B1	4	沙田	2.72							
2020/2/16	8	第三班	1200米	(80-60)	好地	草地 - "A" 賽道	10	7	奇妙星(D068)	田泰安	韋達	124	1162	2	6-3/4	6 8 10	1:11.09	17	-	-	* 2	XB1	4	沙田	2.72							
2020/2/16	8	第三班	1200米	(80-60)	好地	草地 - "A" 賽道	11	2	朝五晚九(B330)	何澤堯	羅富全	129	1053	7	7	11 12 11	1:11.14	41	-	-	* 2	CP/XB	-	沙田	2.72							
2020/2/16	8	第三班	1200米	(80-60)	好地	草地 - "A" 賽道	12	9	駿飛揚(D109)	潘明輝	賀賢	120	1272	11	7-1/2	14 13 12	1:11.24	39	-	-	+ 1	 	4	沙田	2.72							
2020/2/16	8	第三班	1200米	(80-60)	好地	草地 - "A" 賽道	13	8	喜悅天空(C195)	梁家俊	丁冠豪	123	1093	13	8	5 5 13	1:11.30	448	-	-	1	TT	5	沙田	2.72							
2020/2/16	8	第三班	1200米	(80-60)	好地	草地 - "A" 賽道	14	6	樂盈盈(C369)	史卓豐	告東尼	125	1037	9	13	12 14 14	1:12.12	259	-	-	1	B/TT	4	沙田	2.72							
2020/2/16	9	第三班	1200米	(80-60)	好地	草地 - "A" 賽道	1	14	福逸(D176)	巴度	高伯新	116	1179	13	-	10 10 1	1:09.77	1.6	1st Hot	-	1	 	3	沙田	2.72	12.5			73.5	31.5	33.0	
2020/2/16	9	第三班	1200米	(80-60)	好地	草地 - "A" 賽道	2	2	極速王(C231)	史卓豐	丁冠豪	131	1113	1	頸位	7 5 2	1:09.81	9.7	-	-	2	 	5	沙田	2.72		20.5		73.5	31.5		80.5
2020/2/16	9	第三班	1200米	(80-60)	好地	草地 - "A" 賽道	3	5	以戰養戰(D024)	潘頓	羅富全	126	1139	8	1-1/4	8 9 3	1:09.97	9.3	-	-	* 1	CP-/B1	4	沙田	2.72			24.0			33.0	80.5
2020/2/16	9	第三班	1200米	(80-60)	好地	草地 - "A" 賽道	4	6	良才(A100)	陳嘉熙	文家良	116	1113	4	2	1 1 4	1:10.08	42	-	-	1	H-/P2/TT	6	沙田	2.72							
2020/2/16	9	第三班	1200米	(80-60)	好地	草地 - "A" 賽道	5	11	美麗標緻(C057)	巫顯東	告東尼	116	1099	11	4	14 14 5	1:10.40	57	-	-	* 2	B/TT	4	沙田	2.72							
2020/2/16	9	第三班	1200米	(80-60)	好地	草地 - "A" 賽道	6	7	勝賢(D169)	史賓沙	賀賢	125	1070	3	4-1/2	9 7 6	1:10.49	27	-	-	* 2	 	4	沙田	2.72							
2020/2/16	9	第三班	1200米	(80-60)	好地	草地 - "A" 賽道	7	13	獎金大王(B433)	何澤堯	葉楚航	117	1166	12	5	3 4 7	1:10.55	24	-	-	1	 	5	沙田	2.72							
2020/2/16	9	第三班	1200米	(80-60)	好地	草地 - "A" 賽道	8	4	疾風勁草(D197)	利敬國	蔡約翰	127	1099	7	5	6 8 8	1:10.57	29	-	-	2	 	4	沙田	2.72							
2020/2/16	9	第三班	1200米	(80-60)	好地	草地 - "A" 賽道	9	12	辣臣(D199)	希威森	約翰摩亞	119	988	10	5-1/4	2 2 9	1:10.60	131	-	-	1	CP	3	沙田	2.72							
2020/2/16	9	第三班	1200米	(80-60)	好地	草地 - "A" 賽道	10	1	協進神駒(D263)	田泰安	韋達	133	1071	14	5-1/4	12 12 10	1:10.63	59	-	-	1	XB1	4	沙田	2.72							
2020/2/16	9	第三班	1200米	(80-60)	好地	草地 - "A" 賽道	11	10	鑽飛龍(D111)	楊明綸	容天鵬	121	1223	5	6-1/4	11 11 11	1:10.76	307	-	-	* 1	TT	4	沙田	2.72							
2020/2/16	9	第三班	1200米	(80-60)	好地	草地 - "A" 賽道	12	9	鼓浪順風(D040)	梁家俊	姚本輝	121	1166	2	8-1/4	5 3 12	1:11.08	14	-	-	+ 1	 	4	沙田	2.72							
2020/2/16	9	第三班	1200米	(80-60)	好地	草地 - "A" 賽道	13	8	路路富貴(C442)	潘明輝	何良	119	1014	6	11-1/2	13 13 13	1:11.61	278	-	-	1	H/TT	4	沙田	2.72							
2020/2/16	9	第三班	1200米	(80-60)	好地	草地 - "A" 賽道	14	3	同樂日(B087)	莫雷拉	沈集成	130	1066	9	18	4 6 14	1:12.64	7	2nd Hot	-	+ 1	B/TT	6	沙田	2.72							
2020/2/16	10	第二班	1400米	(100-80)	好地	草地 - "A" 賽道	1	7	皇龍大將(T400)	彭國年	徐雨石	122	1090	10	-	9 10 9 1	1:21.81	30	-	-	1	TT	8	沙田	2.72	66.5			366.5	127.0	339.5	
2020/2/16	10	第二班	1400米	(100-80)	好地	草地 - "A" 賽道	2	4	開心好玩(B316)	莫雷拉	沈集成	124	1161	4	鼻位	2 2 1 2	1:21.81	2.5	1st Hot	-	1	B/TT	6	沙田	2.72		13.5		366.5	127.0		55.0
2020/2/16	10	第二班	1400米	(100-80)	好地	草地 - "A" 賽道	3	11	輝煌星(B163)	何澤堯	呂健威	121	1223	11	鼻位	12 12 11 3	1:21.81	9.1	-	-	* 1	TT	6	沙田	2.72			28.5			339.5	55.0
2020/2/16	10	第二班	1400米	(100-80)	好地	草地 - "A" 賽道	4	13	馬友冠(C299)	利敬國	霍利時	118	1066	13	2	13 14 13 4	1:22.13	9.9	-	-	+ 1	 	5	沙田	2.72							
2020/2/16	10	第二班	1400米	(100-80)	好地	草地 - "A" 賽道	5	1	弛曜風(C028)	史卓豐	蔡約翰	129	1136	8	2-1/2	8 9 7 5	1:22.21	18	-	-	1	E/TT	4	沙田	2.72							
2020/2/16	10	第二班	1400米	(100-80)	好地	草地 - "A" 賽道	6	14	競技勇士(B285)	巫顯東	葉楚航	115	1178	2	2-3/4	11 11 10 6	1:22.25	32	-	-	1	TT	5	沙田	2.72							
2020/2/16	10	第二班	1400米	(100-80)	好地	草地 - "A" 賽道	7	5	將耀(C429)	潘頓	告東尼	124	1078	6	3	5 6 6 7	1:22.27	7.9	-	-	1	TT	4	沙田	2.72							
2020/2/16	10	第二班	1400米	(100-80)	好地	草地 - "A" 賽道	8	8	永同歡欣(C232)	薛恩	容天鵬	122	1075	7	3-1/2	14 13 14 8	1:22.38	26	-	-	1	 	5	沙田	2.72							
2020/2/16	10	第二班	1400米	(100-80)	好地	草地 - "A" 賽道	9	12	哈囉嗲哋(C464)	黃皓楠	丁冠豪	116	1124	12	4-3/4	1 3 3 9	1:22.56	243	-	-	+ 1	 	4	沙田	2.72							
2020/2/16	10	第二班	1400米	(100-80)	好地	草地 - "A" 賽道	10	3	都靈紅星(B092)	梁家俊	何良	126	1153	5	5	3 4 4 10	1:22.59	73	-	-	1	CP/TT	6	沙田	2.72							
2020/2/16	10	第二班	1400米	(100-80)	好地	草地 - "A" 賽道	11	2	紅衣優駿(A039)	蔡明紹	羅富全	127	1214	14	8-1/2	4 1 2 11	1:23.17	17	-	-	1	B	6	沙田	2.72							
2020/2/16	10	第二班	1400米	(100-80)	好地	草地 - "A" 賽道	12	9	慈愛恩典(C296)	希威森	苗禮德	121	1187	1	10-1/4	6 5 5 12	1:23.45	46	-	-	1	H/XB	5	沙田	2.72							
2020/2/16	10	第二班	1400米	(100-80)	好地	草地 - "A" 賽道	13	6	志在四方(C140)	田泰安	韋達	123	1106	9	12	7 7 8 13	1:23.73	4.6	2nd Hot	-	1	CP/XB1	5	沙田	2.72							
2020/2/16	10	第二班	1400米	(100-80)	好地	草地 - "A" 賽道	14	10	家樂飛駒(D267)	楊明綸	鄭俊偉	121	1069	3	17-1/4	10 8 12 14	1:24.57	137	-	-	+ 1	SR1	4	沙田	2.72							
2020/2/19	1	第五班	1200米	(40-0)	好地	全天候跑道	1	1	鱷臨天下(B141)	梁家俊	容天鵬	133	1261	6	-	1 1 1	1:09.64	5	2nd Hot	-	* 1	B/TT	5	沙田	0	20.0			262.0	97.0	56.5	
2020/2/19	1	第五班	1200米	(40-0)	好地	全天候跑道	2	11	城中霸(C101)	何澤堯	沈集成	116	1143	12	3-1/2	10 9 2	1:10.18	9.1	-	-	1	TT	4	沙田	0		26.0		262.0	97.0		75.5
2020/2/19	1	第五班	1200米	(40-0)	好地	全天候跑道	3	3	笑春風(A011)	莫雷拉	丁冠豪	131	1114	10	4-1/4	2 2 3	1:10.33	4.6	1st Hot	-	+ 1	B	6	沙田	0			19.5			56.5	75.5
2020/2/19	1	第五班	1200米	(40-0)	好地	全天候跑道	4	6	勁快步(A053)	潘明輝	高伯新	125	1152	1	5	3 3 4	1:10.43	19	-	-	+ 1	B	7	沙田	0							
2020/2/19	1	第五班	1200米	(40-0)	好地	全天候跑道	5	10	洪荒駿駒(A031)	巫顯東	徐雨石	120	1139	4	5-1/4	4 4 5	1:10.48	10	-	-	1	V-/CP1	6	沙田	0							
2020/2/19	1	第五班	1200米	(40-0)	好地	全天候跑道	6	2	娛樂大少(B060)	利敬國	何良	132	1203	3	5-3/4	7 7 6	1:10.54	5.6	-	-	+ 1	 	5	沙田	0							
2020/2/19	1	第五班	1200米	(40-0)	好地	全天候跑道	7	5	皇家魅力(A356)	田泰安	蘇偉賢	128	1160	5	5-3/4	9 8 7	1:10.55	10	-	-	+ 1	B/TT	6	沙田	0							
2020/2/19	1	第五班	1200米	(40-0)	好地	全天候跑道	8	9	好友祥勝(C220)	陳嘉熙	文家良	114	1054	9	6-1/2	11 12 8	1:10.69	95	-	-	+ 1	B	4	沙田	0							
2020/2/19	1	第五班	1200米	(40-0)	好地	全天候跑道	9	4	快暢的(C316)	薛恩	蘇保羅	130	1162	7	6-3/4	8 10 9	1:10.72	48	-	-	+ 1	 	4	沙田	0							
2020/2/19	1	第五班	1200米	(40-0)	好地	全天候跑道	10	12	勁皇子(V143)	巴度	蔡約翰	113	1107	11	7	12 11 10	1:10.77	15	-	-	1	P/TT	7	沙田	0							
2020/2/19	1	第五班	1200米	(40-0)	好地	全天候跑道	11	8	靈光八號(C154)	楊明綸	鄭俊偉	126	1046	8	7-1/4	6 6 11	1:10.81	56	-	-	+ 1	H-/XB-	4	沙田	0							
2020/2/19	1	第五班	1200米	(40-0)	好地	全天候跑道	12	7	勁好玩(A408)	郭能	葉楚航	126	1124	2	15-1/4	5 5 12	1:12.09	6.3	-	-	+ 1	H	6	沙田	0							
2020/2/19	2	第五班	1650米	(40-0)	好地	全天候跑道	1	8	執到笑(B130)	郭能	蘇保羅	123	1170	3	-	7 8 7 1	1:40.00	9.5	-	-	2	B/TT	5	沙田	0	27.5			219.5	97.0	78.5	
2020/2/19	2	第五班	1650米	(40-0)	好地	全天候跑道	2	4	嘉應風采(B115)	彭國年	容天鵬	131	1189	2	頭位	3 3 2 2	1:40.04	4.9	2nd Hot	-	+ 1	P/H2/XB2	5	沙田	0		22.5		219.5	97.0		57.5
2020/2/19	2	第五班	1650米	(40-0)	好地	全天候跑道	3	2	雄龍(C191)	潘頓	蘇偉賢	133	1101	11	3/4	10 11 10 3	1:40.15	3.6	1st Hot	-	+ 1	B/H/TT	4	沙田	0			16.0			78.5	57.5
2020/2/19	2	第五班	1650米	(40-0)	好地	全天候跑道	4	1	喜盈運(V337)	梁家俊	何良	133	1124	1	3-3/4	5 5 8 4	1:40.61	21	-	-	+ 1	H-/TT-	7	沙田	0							
2020/2/19	2	第五班	1650米	(40-0)	好地	全天候跑道	5	3	跑得威(C127)	利敬國	沈集成	132	1088	6	4-3/4	11 12 9 5	1:40.77	17	-	-	1	B/TT	5	沙田	0							
2020/2/19	2	第五班	1650米	(40-0)	好地	全天候跑道	6	14	非同凡響(B242)	巴度	呂健威	113	1042	13	5	6 6 6 6	1:40.81	34	-	-	+ 1	B/H/XB/TT	5	沙田	0							
2020/2/19	2	第五班	1650米	(40-0)	好地	全天候跑道	7	6	賞心星(C251)	何澤堯	方嘉柏	128	1180	7	6-1/2	13 13 12 7	1:41.05	11	-	-	1	P/TT	4	沙田	0							
2020/2/19	2	第五班	1650米	(40-0)	好地	全天候跑道	8	5	志聰明(C319)	黎海榮	何良	128	1197	8	6-3/4	8 7 11 8	1:41.08	165	-	-	2	B	4	沙田	0							
2020/2/19	2	第五班	1650米	(40-0)	好地	全天候跑道	9	9	向前看(B331)	史卓豐	鄭俊偉	126	1126	4	6-3/4	9 9 4 9	1:41.09	13	-	-	2	TT	6	沙田	0							
2020/2/19	2	第五班	1650米	(40-0)	好地	全天候跑道	10	7	凱旋戰士(C185)	薛恩	文家良	128	1077	5	8	1 1 1 10	1:41.27	83	-	-	1	H-/V1	4	沙田	0							
2020/2/19	2	第五班	1650米	(40-0)	好地	全天候跑道	11	11	易勝相吸(B275)	楊明綸	鄭俊偉	113	1147	9	10-3/4	2 2 5 11	1:41.71	13	-	-	1	B-/H-/PC2/TT	-	沙田	0							
2020/2/19	2	第五班	1650米	(40-0)	好地	全天候跑道	12	12	綠駿精英(B448)	田泰安	葉楚航	113	1191	10	11-3/4	4 4 3 12	1:41.88	17	-	-	+ 1	B	5	沙田	0							
2020/2/19	2	第五班	1650米	(40-0)	好地	全天候跑道	13	10	萬霸駒(A186)	莫雷拉	蘇保羅	115	1120	12	12-3/4	12 10 13 13	1:42.03	6.1	-	-	+ 1	B/TT	-	沙田	0							
2020/2/19	2	第五班	1650米	(40-0)	好地	全天候跑道	14	13	太陽多多(C171)	蔡明紹	文家良	125	1118	14	17	14 14 14 14	1:42.71	58	-	-	2	B/TT	4	沙田	0							
2020/2/19	2	第五班	1650米	(40-0)	好地	全天候跑道	WV		神乎其技(A174)	史卓豐	苗禮德	118	---	---	---	---	---	---	-	-	-	-	6	沙田	0							
2020/2/19	2	第五班	1650米	(40-0)	好地	全天候跑道	WV		中華主將(B298)	黃皓楠	霍利時	112	---	---	---	---	---	---	-	-	-	-	-	沙田	0							
2020/2/19	3	第四班	1200米	(60-40)	好地	全天候跑道	1	8	怪獸都市(A190)	巫顯東	何良	121	1152	9	-	2 3 1	1:09.99	7.8	-	-	1	V	6	沙田	0	24.0			413.5	137.5	118.5	
2020/2/19	3	第四班	1200米	(60-40)	好地	全天候跑道	2	5	瑩之光(B080)	郭能	方嘉柏	128	1191	6	1/2	8 4 2	1:10.09	12	-	-	1	CP1	5	沙田	0		38.5		413.5	137.5		158.5
2020/2/19	3	第四班	1200米	(60-40)	好地	全天候跑道	3	2	龍城猛將(V225)	田泰安	苗禮德	132	1144	10	1	12 9 3	1:10.15	10	-	-	1	B/TT	6	沙田	0			33.5			118.5	158.5
2020/2/19	3	第四班	1200米	(60-40)	好地	全天候跑道	4	7	喜勁驥(C006)	史卓豐	蔡約翰	124	1131	7	2-1/4	1 1 4	1:10.34	5.1	2nd Hot	-	1	H	4	沙田	0							
2020/2/19	3	第四班	1200米	(60-40)	好地	全天候跑道	5	3	保羅承傳(C517)	楊明綸	羅富全	129	1050	1	3	5 6 5	1:10.45	16	-	-	* 1	B/H	3	沙田	0							
2020/2/19	3	第四班	1200米	(60-40)	好地	全天候跑道	6	11	打鐵趁熱(C133)	莫雷拉	葉楚航	121	1087	2	4-3/4	4 2 6	1:10.76	3.2	1st Hot	-	1	H2	4	沙田	0							
2020/2/19	3	第四班	1200米	(60-40)	好地	全天候跑道	7	9	隨我來(B300)	陳嘉熙	姚本輝	113	1028	4	5-1/4	9 8 7	1:10.83	31	-	-	* 2	TT-	5	沙田	0							
2020/2/19	3	第四班	1200米	(60-40)	好地	全天候跑道	8	6	活力爆發(C525)	潘明輝	賀賢	125	1112	8	5-1/4	11 11 8	1:10.84	13	-	-	+ 1	H	4	沙田	0							
2020/2/19	3	第四班	1200米	(60-40)	好地	全天候跑道	9	12	太陽戰馬(C212)	蔡明紹	徐雨石	119	1173	12	6	7 5 9	1:10.94	11	-	-	* 2	B-	5	沙田	0							
2020/2/19	3	第四班	1200米	(60-40)	好地	全天候跑道	10	1	夢幻仙子(V222)	彭國年	蘇偉賢	133	1173	11	9-3/4	10 10 10	1:11.54	36	-	-	1	TT	7	沙田	0							
2020/2/19	3	第四班	1200米	(60-40)	好地	全天候跑道	11	4	仍然贏(C388)	巴度	高伯新	129	1106	3	10-1/2	6 7 11	1:11.69	14	-	-	1	 	4	沙田	0							
2020/2/19	3	第四班	1200米	(60-40)	好地	全天候跑道	12	10	香江穩勝(T254)	希威森	鄭俊偉	122	1298	5	26-3/4	3 12 12	1:14.29	22	-	-	1	B-/CP2/TT	8	沙田	0							
2020/2/19	4	第四班	1200米	(60-40)	好地	全天候跑道	1	8	真勇士(D072)	史卓豐	文家良	126	1189	12	-	1 1 1	1:09.20	24	-	-	* 1	 	3	沙田	0	52.0			633.5	187.0	683.0	
2020/2/19	4	第四班	1200米	(60-40)	好地	全天候跑道	2	4	精算八方(A221)	莫雷拉	蔡約翰	131	1139	4	1-1/4	3 3 2	1:09.38	5.7	2nd Hot	-	2	PC/XB	6	沙田	0		17.5		633.5	187.0		138.0
2020/2/19	4	第四班	1200米	(60-40)	好地	全天候跑道	3	2	夢幻戰士(C280)	何澤堯	告東尼	132	1109	9	2	12 12 3	1:09.51	30	-	-	1	CP/H/TT	4	沙田	0			56.5			683.0	138.0
2020/2/19	4	第四班	1200米	(60-40)	好地	全天候跑道	4	1	愛馬劍(B013)	利敬國	丁冠豪	133	1040	5	2	6 5 4	1:09.53	9.4	-	-	1	XB2/TT	6	沙田	0							
2020/2/19	4	第四班	1200米	(60-40)	好地	全天候跑道	5	5	勁得手(C030)	楊明綸	容天鵬	128	1285	2	2-1/2	7 8 5	1:09.61	26	-	-	1	B/TT	4	沙田	0							
2020/2/19	4	第四班	1200米	(60-40)	好地	全天候跑道	6	9	日日靚(D070)	潘頓	方嘉柏	125	1171	11	2-3/4	11 10 6	1:09.62	9.9	-	-	* 2	B1/TT1	4	沙田	0							
2020/2/19	4	第四班	1200米	(60-40)	好地	全天候跑道	7	6	叻叻精彩(D217)	巴度	韋達	126	1153	8	3-1/4	10 11 7	1:09.71	2.7	1st Hot	-	1	XB1	3	沙田	0							
2020/2/19	4	第四班	1200米	(60-40)	好地	全天候跑道	8	7	無心睡眠(D082)	郭能	約翰摩亞	126	1114	7	4-1/4	8 7 8	1:09.89	137	-	-	1	TT1	4	沙田	0							
2020/2/19	4	第四班	1200米	(60-40)	好地	全天候跑道	9	10	天賜寶(V401)	蔡明紹	徐雨石	122	1091	6	5-1/2	4 4 9	1:10.06	7.8	-	-	* 1	H	6	沙田	0							
2020/2/19	4	第四班	1200米	(60-40)	好地	全天候跑道	10	12	鼓浪威風(C088)	梁家俊	姚本輝	118	1242	3	6-1/2	5 6 10	1:10.24	24	-	-	1	CP-/XB/P1/TT	4	沙田	0							
2020/2/19	4	第四班	1200米	(60-40)	好地	全天候跑道	11	11	金湶德(A427)	潘明輝	霍利時	116	1074	1	18	9 9 11	1:12.07	40	-	-	1	B	-	沙田	0							
2020/2/19	4	第四班	1200米	(60-40)	好地	全天候跑道	12	3	誰與爭鋒(D054)	黃皓楠	呂健威	128	1195	10	31-1/2	2 2 12	1:14.23	6.8	-	-	1	B	4	沙田	0							
2020/2/19	5	第四班	1650米	(60-40)	好地	全天候跑道	1	9	為食格格(C312)	莫雷拉	蘇偉賢	121	1255	9	-	8 8 6 1	1:38.94	2.7	1st Hot	-	1	TT	4	沙田	0	14.0			51.0	25.0	41.0	
2020/2/19	5	第四班	1650米	(60-40)	好地	全天候跑道	2	6	南莊瑞寶(B428)	何澤堯	呂健威	126	1150	11	3-1/2	10 10 10 2	1:39.49	3.4	2nd Hot	-	1	B	5	沙田	0		14.0		51.0	25.0		51.5
2020/2/19	5	第四班	1650米	(60-40)	好地	全天候跑道	3	12	威震天(V119)	蔡明紹	姚本輝	118	1118	2	4-1/4	2 2 2 3	1:39.62	9	-	-	+ 1	B/TT	8	沙田	0			22.5			41.0	51.5
2020/2/19	5	第四班	1650米	(60-40)	好地	全天候跑道	4	11	好腳頭(S131)	黃皓楠	羅富全	115	1203	5	5	11 9 7 4	1:39.74	78	-	-	1	PC/TT	9	沙田	0							
2020/2/19	5	第四班	1650米	(60-40)	好地	全天候跑道	5	8	劍聶風(A201)	陳嘉熙	鄭俊偉	112	1064	3	5-1/2	6 4 4 5	1:39.81	14	-	-	+ 1	B	6	沙田	0							
2020/2/19	5	第四班	1650米	(60-40)	好地	全天候跑道	6	1	紅粉彩影(C284)	巴度	韋達	133	1059	13	5-3/4	13 11 8 6	1:39.88	7.7	-	-	+ 1	XB	5	沙田	0							
2020/2/19	5	第四班	1650米	(60-40)	好地	全天候跑道	7	2	關鍵時機(C159)	郭能	方嘉柏	132	1136	14	7-1/4	14 13 11 7	1:40.10	14	-	-	1	 	5	沙田	0							
2020/2/19	5	第四班	1650米	(60-40)	好地	全天候跑道	8	13	埼豐(A083)	希威森	徐雨石	117	1025	4	7-1/2	1 1 1 8	1:40.15	27	-	-	* 1	 	7	沙田	0							
2020/2/19	5	第四班	1650米	(60-40)	好地	全天候跑道	9	7	上捕先鋒(C300)	田泰安	霍利時	124	1183	6	8	4 5 5 9	1:40.22	42	-	-	+ 1	SR	5	沙田	0							
2020/2/19	5	第四班	1650米	(60-40)	好地	全天候跑道	10	3	中華之光(A168)	史卓豐	葉楚航	131	1106	12	17-1/4	12 12 12 10	1:41.69	34	-	-	1	P2/TT	6	沙田	0							
2020/2/19	5	第四班	1650米	(60-40)	好地	全天候跑道	11	10	中華精神(D148)	楊明綸	何良	118	1103	10	17-1/2	3 3 3 11	1:41.75	193	-	-	1	H	3	沙田	0							
2020/2/19	5	第四班	1650米	(60-40)	好地	全天候跑道	12	4	開心歡呼(C536)	利敬國	沈集成	130	1138	8	22-3/4	9 7 9 12	1:42.57	36	-	-	* 1	TT	4	沙田	0							
2020/2/19	5	第四班	1650米	(60-40)	好地	全天候跑道	13	14	高耀俊星(C516)	潘明輝	高伯新	115	1159	7	52	5 6 13 13	1:47.25	149	-	-	1	B/H	3	沙田	0							
2020/2/19	5	第四班	1650米	(60-40)	好地	全天候跑道	PU	5	金剛之星(A067)	梁家俊	鄭俊偉	129	1177	1	---	7	---	28	-	-	2	B/TT	-	沙田	0							
2020/2/19	6	第三班	1200米	(80-60)	好地	全天候跑道	1	1	紅運大師(C287)	莫雷拉	蔡約翰	133	1042	5	-	4 2 1	1:08.35	3.4	2nd Hot	-	+ 1	 	4	沙田	0	13.0			39.0	20.0	64.5	
2020/2/19	6	第三班	1200米	(80-60)	好地	全天候跑道	2	8	超能力(D093)	田泰安	韋達	123	1179	6	1-1/4	6 4 2	1:08.52	2.3	1st Hot	-	+ 1	XB	4	沙田	0		14.0		39.0	20.0		52.0
2020/2/19	6	第三班	1200米	(80-60)	好地	全天候跑道	3	11	旋里多彩(B469)	黃皓楠	徐雨石	112	1065	8	4-3/4	2 3 3	1:09.09	14	-	-	+ 1	B2	4	沙田	0			32.0			64.5	52.0
2020/2/19	6	第三班	1200米	(80-60)	好地	全天候跑道	4	12	銀河飛馬(C275)	梁家俊	丁冠豪	116	1004	3	4-3/4	11 10 4	1:09.10	44	-	-	+ 1	H/P	4	沙田	0							
2020/2/19	6	第三班	1200米	(80-60)	好地	全天候跑道	5	3	銀紙(B025)	利敬國	苗禮德	129	1133	4	5	10 9 5	1:09.15	8.9	-	-	+ 1	B1	5	沙田	0							
2020/2/19	6	第三班	1200米	(80-60)	好地	全天候跑道	6	7	衝亞(C218)	楊明綸	羅富全	123	1047	7	6	5 5 6	1:09.30	22	-	-	+ 1	B	4	沙田	0							
2020/2/19	6	第三班	1200米	(80-60)	好地	全天候跑道	7	6	大俠士(C373)	巫顯東	沈集成	120	1130	1	6-1/2	3 1 7	1:09.39	9.2	-	-	+ 1	XB1/TT	5	沙田	0							
2020/2/19	6	第三班	1200米	(80-60)	好地	全天候跑道	8	10	正本雄心(V303)	希威森	霍利時	115	1173	2	6-1/2	9 8 8	1:09.40	58	-	-	+ 1	B/TT	6	沙田	0							
2020/2/19	6	第三班	1200米	(80-60)	好地	全天候跑道	9	5	大醇威(D150)	巴度	方嘉柏	124	1144	9	8-3/4	7 7 9	1:09.73	42	-	-	+ 1	TT	3	沙田	0							
2020/2/19	6	第三班	1200米	(80-60)	好地	全天候跑道	10	2	美麗友盈(C124)	何澤堯	約翰摩亞	132	1073	12	9-1/4	1 6 10	1:09.85	39	-	-	+ 1	CP	5	沙田	0							
2020/2/19	6	第三班	1200米	(80-60)	好地	全天候跑道	11	9	雪戰神駒(B371)	蔡明紹	高伯新	119	1104	11	9-1/4	8 11 11	1:09.85	18	-	-	+ 1	B	5	沙田	0							
2020/2/19	6	第三班	1200米	(80-60)	好地	全天候跑道	UR	4	加州神箭(A417)	史卓豐	告東尼	125	1120	10	---	---	---	74	-	-	+ 1	H/TT	6	沙田	0							
2020/2/19	7	第三班	1800米	(80-60)	好地	全天候跑道	1	9	大道至正(C197)	莫雷拉	鄭俊偉	124	1155	4	-	12 10 11 8 1	1:48.03	2.8	1st Hot	-	1	XB	5	沙田	0	14.5			175.0	70.0	78.5	
2020/2/19	7	第三班	1800米	(80-60)	好地	全天候跑道	2	6	紅麗舍(A005)	彭國年	文家良	126	1153	7	3/4	6 5 4 3 2	1:48.16	11	-	-	1	B	7	沙田	0		31.0		175.0	70.0		166.0
2020/2/19	7	第三班	1800米	(80-60)	好地	全天候跑道	3	5	和平路(B161)	田泰安	容天鵬	127	1146	1	3/4	10 7 7 5 3	1:48.17	17	-	-	+ 1	H/XB/TT	6	沙田	0			47.0			78.5	166.0
2020/2/19	7	第三班	1800米	(80-60)	好地	全天候跑道	4	7	安賦(B353)	潘頓	方嘉柏	124	1094	12	1-1/2	13 13 14 11 4	1:48.28	9.1	-	-	+ 1	V	6	沙田	0							
2020/2/19	7	第三班	1800米	(80-60)	好地	全天候跑道	5	1	好鬥心(C443)	何澤堯	呂健威	131	1089	11	2-1/4	8 9 10 9 5	1:48.38	5.8	2nd Hot	-	1	B/H/TT	5	沙田	0							
2020/2/19	7	第三班	1800米	(80-60)	好地	全天候跑道	6	12	馬主星輝(B427)	利敬國	沈集成	122	1079	13	3-1/4	4 6 9 10 6	1:48.55	13	-	-	+ 1	B/TT	5	沙田	0							
2020/2/19	7	第三班	1800米	(80-60)	好地	全天候跑道	7	2	悅裕(B189)	史卓豐	告東尼	129	1183	6	4	14 14 12 14 7	1:48.66	16	-	-	+ 1	B-/PC2/TT	-	沙田	0							
2020/2/19	7	第三班	1800米	(80-60)	好地	全天候跑道	8	13	團結一致(C494)	潘明輝	霍利時	119	967	8	5	11 12 8 12 8	1:48.84	25	-	-	1	XB	-	沙田	0							
2020/2/19	7	第三班	1800米	(80-60)	好地	全天候跑道	9	14	上浦福滿(A193)	蔡明紹	霍利時	118	1068	14	5-3/4	7 8 6 6 9	1:48.94	49	-	-	2	B	-	沙田	0							
2020/2/19	7	第三班	1800米	(80-60)	好地	全天候跑道	10	10	進力之城(D113)	薛恩	韋達	123	1042	9	5-3/4	1 2 2 1 10	1:48.95	23	-	-	1	P	4	沙田	0							
2020/2/19	7	第三班	1800米	(80-60)	好地	全天候跑道	11	11	我𢥧意(C038)	梁家俊	蘇偉賢	122	1112	3	6-3/4	5 3 3 4 11	1:49.12	6.8	-	-	1	B/TT	5	沙田	0							
2020/2/19	7	第三班	1800米	(80-60)	好地	全天候跑道	12	8	蒙古傳奇(B317)	黎海榮	徐雨石	124	1160	2	8-1/2	9 11 13 13 12	1:49.40	24	-	-	1	P2	6	沙田	0							
2020/2/19	7	第三班	1800米	(80-60)	好地	全天候跑道	13	4	馭風行(C433)	郭能	蘇保羅	129	1162	10	16-1/2	3 4 5 7 13	1:50.66	209	-	-	1	B	4	沙田	0							
2020/2/19	7	第三班	1800米	(80-60)	好地	全天候跑道	14	3	老撾之光(C291)	巴度	約翰摩亞	129	1005	5	19-3/4	2 1 1 2 14	1:51.18	124	-	-	* 1	CP1/TT	4	沙田	0							
2020/2/19	8	第二班	1200米	(105-80)	好地	全天候跑道	1	1	仁者荃心(A157)	蔡明紹	文家良	133	1131	6	-	2 1 1	1:07.79	3.2	1st Hot	-	+ 1	 	6	沙田	0	14.0			76.5	31.5	63.0	
2020/2/19	8	第二班	1200米	(105-80)	好地	全天候跑道	2	5	激賞(A377)	莫雷拉	蔡約翰	122	1016	4	1-1/4	3 3 2	1:07.99	4.2	2nd Hot	W P	+ 1	 	5	沙田	0		17.0		76.5	31.5		96.5
2020/2/19	8	第二班	1200米	(105-80)	好地	全天候跑道	3	7	鞍歌(A177)	田泰安	姚本輝	119	1133	12	1-1/4	7 6 3	1:08.01	12	-	-	+ 1	B	6	沙田	0			35.5			63.0	96.5
2020/2/19	8	第二班	1200米	(105-80)	好地	全天候跑道	4	4	實力飛駒(V138)	陳嘉熙	蘇保羅	114	1105	5	4	1 2 4	1:08.44	80	-	-	1	B	7	沙田	0							
2020/2/19	8	第二班	1200米	(105-80)	好地	全天候跑道	5	12	錶之銳(C193)	何澤堯	呂健威	115	1153	3	4	10 8 5	1:08.45	6.3	-	-	1	B/H/TT	5	沙田	0							
2020/2/19	8	第二班	1200米	(105-80)	好地	全天候跑道	6	11	好運多贏(B257)	楊明綸	羅富全	113	1121	7	4-1/4	9 10 6	1:08.49	29	-	-	+ 1	SR/TT	5	沙田	0							
2020/2/19	8	第二班	1200米	(105-80)	好地	全天候跑道	7	8	牛角仔(C234)	潘明輝	蘇偉賢	115	1098	1	4-1/4	4 4 7	1:08.49	10	-	-	1	CP	4	沙田	0							
2020/2/19	8	第二班	1200米	(105-80)	好地	全天候跑道	8	2	加州議長(A114)	史卓豐	告東尼	128	1146	2	5-1/2	5 7 8	1:08.66	34	-	-	* 1	B/H/TT	7	沙田	0							
2020/2/19	8	第二班	1200米	(105-80)	好地	全天候跑道	9	3	豹子頭(B083)	利敬國	徐雨石	125	1009	8	7-1/4	6 5 9	1:08.94	6.7	-	-	+ 1	B-	5	沙田	0							
2020/2/19	8	第二班	1200米	(105-80)	好地	全天候跑道	10	6	好吉利(A418)	巴度	約翰摩亞	121	1097	11	8-3/4	11 11 10	1:09.20	11	-	-	+ 1	CP-/PC2	6	沙田	0							
2020/2/19	8	第二班	1200米	(105-80)	好地	全天候跑道	11	10	邊個邊個(B412)	黎海榮	鄭俊偉	113	1044	10	9-1/2	8 9 11	1:09.32	191	-	-	1	TT	5	沙田	0							
2020/2/19	8	第二班	1200米	(105-80)	好地	全天候跑道	12	9	開心神駒(T200)	巫顯東	苗禮德	111	1081	9	10-1/2	12 12 12	1:09.46	84	-	-	1	 	8	沙田	0							
2020/2/23	1	第五班	1200米	(40-0)	好地	草地 - "A+3" 賽道	1	3	好友無敵(A217)	潘頓	文家良	132	1080	2	-	3 3 1	1:09.24	2.8	1st Hot	-	* 1	B	6	沙田	2.72	13.0			82.5	35.0	77.5	
2020/2/23	1	第五班	1200米	(40-0)	好地	草地 - "A+3" 賽道	2	2	東龍陣(B394)	巴度	容天鵬	133	1097	10	4	8 8 2	1:09.88	5.7	2nd Hot	-	+ 1	TT	4	沙田	2.72		17.5		82.5	35.0		120.5
2020/2/23	1	第五班	1200米	(40-0)	好地	草地 - "A+3" 賽道	3	11	漸信龍駒(C017)	陳嘉熙	葉楚航	113	1035	1	4-1/2	2 2 3	1:09.94	16	-	-	+ 1	B/XB/TT	5	沙田	2.72			43.0			77.5	120.5
2020/2/23	1	第五班	1200米	(40-0)	好地	草地 - "A+3" 賽道	4	5	友盈有款(B182)	田泰安	蘇偉賢	132	1068	11	4-1/2	12 10 4	1:09.98	6.8	-	-	+ 1	 	5	沙田	2.72							
2020/2/23	1	第五班	1200米	(40-0)	好地	草地 - "A+3" 賽道	5	8	依斯堅(B028)	郭能	賀賢	125	1168	7	5-1/4	7 7 5	1:10.06	22	-	-	+ 1	B/TT1	5	沙田	2.72							
2020/2/23	1	第五班	1200米	(40-0)	好地	草地 - "A+3" 賽道	6	6	辣得真(C021)	莫雷拉	羅富全	131	1052	4	5-1/4	4 4 6	1:10.09	7.3	-	-	+ 1	H-/B	-	沙田	2.72							
2020/2/23	1	第五班	1200米	(40-0)	好地	草地 - "A+3" 賽道	7	9	喜氣綿綿(C236)	楊明綸	丁冠豪	124	1043	3	5-1/2	1 1 7	1:10.11	63	-	-	+ 1	P-/H/B2	-	沙田	2.72							
2020/2/23	1	第五班	1200米	(40-0)	好地	草地 - "A+3" 賽道	8	4	醉翁意(C016)	莫雅	蔡約翰	132	1048	9	6	10 11 8	1:10.21	18	-	-	+ 1	P	4	沙田	2.72							
2020/2/23	1	第五班	1200米	(40-0)	好地	草地 - "A+3" 賽道	9	10	獵狐章者(B187)	蔡明紹	呂健威	123	1013	14	6-1/4	13 12 9	1:10.25	24	-	-	1	B/TT	5	沙田	2.72							
2020/2/23	1	第五班	1200米	(40-0)	好地	草地 - "A+3" 賽道	10	7	精選直前(V329)	巫顯東	何良	127	1150	6	6-1/2	6 5 10	1:10.29	115	-	-	+ 1	B/H	7	沙田	2.72							
2020/2/23	1	第五班	1200米	(40-0)	好地	草地 - "A+3" 賽道	11	14	不忘初心(B231)	黃俊	徐雨石	108	1078	8	7-1/4	5 6 11	1:10.39	40	-	-	+ 1	CP1	5	沙田	2.72							
2020/2/23	1	第五班	1200米	(40-0)	好地	草地 - "A+3" 賽道	12	13	艦長天下(B096)	希威森	霍利時	120	1170	12	7-3/4	14 14 12	1:10.47	73	-	-	+ 1	SR/B2/TT	-	沙田	2.72							
2020/2/23	1	第五班	1200米	(40-0)	好地	草地 - "A+3" 賽道	13	12	怡昌福星(B357)	史卓豐	苗禮德	123	1076	13	7-3/4	9 9 13	1:10.49	7.5	-	-	+ 1	CP-/B2/H2	5	沙田	2.72							
2020/2/23	1	第五班	1200米	(40-0)	好地	草地 - "A+3" 賽道	14	1	寶冠多(C156)	黃皓楠	鄭俊偉	130	1007	5	35	11 13 14	1:14.83	219	-	-	+ 1	B2	-	沙田	2.72							
2020/2/23	2	第四班	1400米	(60-40)	好地	草地 - "A+3" 賽道	1	14	好友利(C223)	利敬國	徐雨石	117	1008	5	-	3 4 3 1	1:22.67	3.1	1st Hot	-	+ 1	B	4	沙田	2.72	13.0			163.0	60.0	65.0	
2020/2/23	2	第四班	1400米	(60-40)	好地	草地 - "A+3" 賽道	2	4	軒轅齊飛(V250)	陳嘉熙	葉楚航	118	1213	8	頸位	1 2 2 2	1:22.73	11	-	-	2	B/TT	7	沙田	2.72		26.5		163.0	60.0		157.0
2020/2/23	2	第四班	1400米	(60-40)	好地	草地 - "A+3" 賽道	3	11	鐵胆威龍(C015)	田泰安	蘇偉賢	120	1153	7	1-1/4	6 6 6 3	1:22.88	12	-	-	1	B/TT	5	沙田	2.72			40.5			65.0	157.0
2020/2/23	2	第四班	1400米	(60-40)	好地	草地 - "A+3" 賽道	4	9	瀟灑王子(V069)	薛恩	文家良	125	1175	3	2-1/2	2 1 1 4	1:23.07	10	-	-	2	B	7	沙田	2.72							
2020/2/23	2	第四班	1400米	(60-40)	好地	草地 - "A+3" 賽道	5	6	有錢分(B079)	史卓豐	苗禮德	126	1145	11	2-1/2	10 10 8 5	1:23.08	7	-	-	1	B	5	沙田	2.72							
2020/2/23	2	第四班	1400米	(60-40)	好地	草地 - "A+3" 賽道	6	7	妙算騰飛(C519)	潘頓	容天鵬	126	1085	10	3	12 11 12 6	1:23.14	5.8	2nd Hot	-	1	 	3	沙田	2.72							
2020/2/23	2	第四班	1400米	(60-40)	好地	草地 - "A+3" 賽道	7	3	快活一番(D037)	希威森	韋達	128	1281	4	3-1/4	5 5 5 7	1:23.18	180	-	-	1	P	3	沙田	2.72							
2020/2/23	2	第四班	1400米	(60-40)	好地	草地 - "A+3" 賽道	8	12	開心大師(B222)	巫顯東	方嘉柏	117	1109	13	3-1/2	14 14 14 8	1:23.23	100	-	-	* 1	TT	5	沙田	2.72							
2020/2/23	2	第四班	1400米	(60-40)	好地	草地 - "A+3" 賽道	9	8	齊齊發(B356)	蔡明紹	鄭俊偉	126	1193	12	3-3/4	13 13 13 9	1:23.25	21	-	-	1	B/TT	5	沙田	2.72							
2020/2/23	2	第四班	1400米	(60-40)	好地	草地 - "A+3" 賽道	10	5	自然力量(C461)	黃俊	姚本輝	123	1103	2	3-3/4	9 8 11 10	1:23.26	90	-	-	* 2	B1	3	沙田	2.72							
2020/2/23	2	第四班	1400米	(60-40)	好地	草地 - "A+3" 賽道	11	13	威力琦(C155)	黃皓楠	霍利時	115	1008	9	3-3/4	11 12 10 11	1:23.28	214	-	-	* 1	P-	5	沙田	2.72							
2020/2/23	2	第四班	1400米	(60-40)	好地	草地 - "A+3" 賽道	12	10	首飾傳奇(D032)	莫雷拉	蔡約翰	122	1162	14	4-1/2	4 3 4 12	1:23.38	11	-	-	2	V	4	沙田	2.72							
2020/2/23	2	第四班	1400米	(60-40)	好地	草地 - "A+3" 賽道	13	2	雙天至尊(C293)	何澤堯	呂健威	132	1197	6	4-1/2	8 7 7 13	1:23.41	16	-	-	* 2	TT	5	沙田	2.72							
2020/2/23	2	第四班	1400米	(60-40)	好地	草地 - "A+3" 賽道	14	1	自在人生(B169)	潘明輝	羅富全	131	1171	1	6-1/4	7 9 9 14	1:23.68	12	-	-	1	XB/TT	6	沙田	2.72							
2020/2/23	3	第四班	1200米	(60-40)	好地	草地 - "A+3" 賽道	1	14	怡昌飛駒(B064)	巴度	苗禮德	116	1074	4	-	5 3 1	1:09.69	2.2	1st Hot	-	+ 1	XB/TT	5	沙田	2.72	14.5			98.0	42.0	122.5	
2020/2/23	3	第四班	1200米	(60-40)	好地	草地 - "A+3" 賽道	2	11	春風得意(C309)	利敬國	何良	122	1044	9	2	7 5 2	1:10.03	12	-	-	+ 1	CP/H	4	沙田	2.72		25.5		98.0	42.0		301.5
2020/2/23	3	第四班	1200米	(60-40)	好地	草地 - "A+3" 賽道	3	12	至尊大師(A357)	何澤堯	告東尼	121	1285	13	2-1/4	9 8 3	1:10.04	49	-	-	* 1	B/TT	6	沙田	2.72			76.5			122.5	301.5
2020/2/23	3	第四班	1200米	(60-40)	好地	草地 - "A+3" 賽道	4	8	雷電勇士(D178)	莫雷拉	韋達	126	1206	2	2-1/4	2 4 4	1:10.06	4.7	2nd Hot	-	+ 1	 	3	沙田	2.72							
2020/2/23	3	第四班	1200米	(60-40)	好地	草地 - "A+3" 賽道	5	9	美麗多多(D116)	希威森	蔡約翰	126	1081	6	3	10 10 5	1:10.17	145	-	-	* 1	E1/V1	3	沙田	2.72							
2020/2/23	3	第四班	1200米	(60-40)	好地	草地 - "A+3" 賽道	6	5	博愛友威(C152)	田泰安	葉楚航	129	1087	14	3-3/4	12 11 6	1:10.31	49	-	-	+ 1	H1	4	沙田	2.72							
2020/2/23	3	第四班	1200米	(60-40)	好地	草地 - "A+3" 賽道	7	7	團結力量(D005)	史卓豐	姚本輝	127	1194	12	3-3/4	3 2 7	1:10.31	6.8	-	-	+ 1	 	4	沙田	2.72							
2020/2/23	3	第四班	1200米	(60-40)	好地	草地 - "A+3" 賽道	8	1	閃耀鑽皇(S347)	梁家俊	容天鵬	133	1140	8	4	8 9 8	1:10.33	87	-	-	+ 1	V/TT	8	沙田	2.72							
2020/2/23	3	第四班	1200米	(60-40)	好地	草地 - "A+3" 賽道	9	2	度身訂做(C522)	楊明綸	鄭俊偉	133	1024	10	5	13 13 9	1:10.50	204	-	-	* 1	B-	4	沙田	2.72							
2020/2/23	3	第四班	1200米	(60-40)	好地	草地 - "A+3" 賽道	10	4	真精采(C270)	巫顯東	呂健威	127	1148	11	6	14 14 10	1:10.64	37	-	-	+ 1	H/TT	4	沙田	2.72							
2020/2/23	3	第四班	1200米	(60-40)	好地	草地 - "A+3" 賽道	11	6	喜駿之星(D033)	蔡明紹	文家良	128	1132	5	6-1/4	1 1 11	1:10.68	17	-	-	+ 1	CP1	4	沙田	2.72							
2020/2/23	3	第四班	1200米	(60-40)	好地	草地 - "A+3" 賽道	12	10	合夥贛勁(D051)	黎海榮	蘇偉賢	126	1196	7	7-1/4	11 12 12	1:10.84	518	-	-	* 1	TT	4	沙田	2.72							
2020/2/23	3	第四班	1200米	(60-40)	好地	草地 - "A+3" 賽道	13	13	超級炮彈(C281)	潘明輝	丁冠豪	114	1174	3	9-3/4	4 6 13	1:11.24	55	-	-	* 1	B	4	沙田	2.72							
2020/2/23	3	第四班	1200米	(60-40)	好地	草地 - "A+3" 賽道	14	3	運財高明(C499)	潘頓	蘇保羅	132	1014	1	10-3/4	6 7 14	1:11.40	6.6	-	-	* 1	 	4	沙田	2.72							
2020/2/23	4	第四班	2000米	(60-40)	好地	草地 - "A+3" 賽道	1	5	福多寶(B026)	莫雷拉	賀賢	131	1097	1	-	5 4 3 4 1	2:02.54	2.4	1st Hot	-	1	B	5	沙田	2.72	15.5			62.5	28.0	165.0	
2020/2/23	4	第四班	2000米	(60-40)	好地	草地 - "A+3" 賽道	2	8	高瞻遠矚(B345)	布文	約翰摩亞	128	1012	6	1	7 6 6 5 2	2:02.70	4.8	2nd Hot	-	1	B	4	沙田	2.72		15.0		62.5	28.0		268.0
2020/2/23	4	第四班	2000米	(60-40)	好地	草地 - "A+3" 賽道	3	13	其樂無窮(S147)	利敬國	鄭俊偉	120	1114	8	1-3/4	14 14 12 7 3	2:02.82	43	-	-	2	B/TT	9	沙田	2.72			101.0			165.0	268.0
2020/2/23	4	第四班	2000米	(60-40)	好地	草地 - "A+3" 賽道	4	1	榮冠大道(V378)	薛恩	葉楚航	133	1179	11	3-3/4	3 1 2 1 4	2:03.13	86	-	-	2	V	7	沙田	2.72							
2020/2/23	4	第四班	2000米	(60-40)	好地	草地 - "A+3" 賽道	5	9	神州福星(B326)	何澤堯	羅富全	126	1036	12	4	8 8 9 11 5	2:03.16	13	-	-	* 1	CP/TT	6	沙田	2.72							
2020/2/23	4	第四班	2000米	(60-40)	好地	草地 - "A+3" 賽道	6	14	輝煌巨星(C046)	田泰安	蘇保羅	115	1065	9	5	2 3 4 3 6	2:03.34	10	-	-	+ 1	 	5	沙田	2.72							
2020/2/23	4	第四班	2000米	(60-40)	好地	草地 - "A+3" 賽道	7	11	其利斷金(B426)	潘頓	葉楚航	122	1113	14	5	1 2 1 2 7	2:03.34	7.2	-	-	1	B	4	沙田	2.72							
2020/2/23	4	第四班	2000米	(60-40)	好地	草地 - "A+3" 賽道	8	12	開心日子(A333)	梁家俊	沈集成	121	1121	13	5	9 9 8 6 8	2:03.36	32	-	-	1	B/TT	6	沙田	2.72							
2020/2/23	4	第四班	2000米	(60-40)	好地	草地 - "A+3" 賽道	9	7	榮惑(C370)	蔡明紹	告東尼	129	1026	3	5-1/4	4 5 5 9 9	2:03.38	79	-	-	+ 1	B/TT	4	沙田	2.72							
2020/2/23	4	第四班	2000米	(60-40)	好地	草地 - "A+3" 賽道	10	3	皇龍司令(C208)	郭能	霍利時	133	1094	10	5-3/4	6 7 7 8 10	2:03.47	41	-	-	1	 	5	沙田	2.72							
2020/2/23	4	第四班	2000米	(60-40)	好地	草地 - "A+3" 賽道	11	2	關鍵時機(C159)	巫顯東	方嘉柏	130	1123	4	6-1/4	12 12 13 14 11	2:03.56	8	-	-	+ 1	 	5	沙田	2.72							
2020/2/23	4	第四班	2000米	(60-40)	好地	草地 - "A+3" 賽道	12	4	王者再現(V156)	潘明輝	姚本輝	131	1144	5	6-1/2	13 13 14 13 12	2:03.60	43	-	-	* 1	V	7	沙田	2.72							
2020/2/23	4	第四班	2000米	(60-40)	好地	草地 - "A+3" 賽道	13	10	牛精輝煌(A118)	史卓豐	鄭俊偉	122	1127	7	7-1/4	11 11 11 10 13	2:03.70	31	-	-	+ 1	H	7	沙田	2.72							
2020/2/23	4	第四班	2000米	(60-40)	好地	草地 - "A+3" 賽道	14	6	千金一諾(V149)	楊明綸	容天鵬	131	1171	2	11	10 10 10 12 14	2:04.31	108	-	-	1	B-	8	沙田	2.72							
2020/2/23	5	第三班	1200米	(80-60)	好地	草地 - "A+3" 賽道	1	4	健康美麗(B384)	潘頓	約翰摩亞	130	1042	1	-	3 4 1	1:09.70	3.6	2nd Hot	-	+ 1	CP/TT	5	沙田	2.72	13.0			163.5	47.5	50.5	
2020/2/23	5	第三班	1200米	(80-60)	好地	草地 - "A+3" 賽道	2	13	星叻(C257)	黃皓楠	羅富全	116	1052	12	1/2	4 2 2	1:09.79	10	-	-	1	 	4	沙田	2.72		21.5		163.5	47.5		95.5
2020/2/23	5	第三班	1200米	(80-60)	好地	草地 - "A+3" 賽道	3	2	莫浪求(D200)	田泰安	告東尼	132	1191	11	1	2 3 3	1:09.86	9.2	-	-	+ 1	XB/TT	3	沙田	2.72			22.5			50.5	95.5
2020/2/23	5	第三班	1200米	(80-60)	好地	草地 - "A+3" 賽道	4	14	鎮山寶(C141)	梁家俊	姚本輝	118	1097	6	1-1/2	10 7 4	1:09.93	164	-	-	1	H-/P1	5	沙田	2.72							
2020/2/23	5	第三班	1200米	(80-60)	好地	草地 - "A+3" 賽道	5	3	勝利風範(C186)	莫雷拉	呂健威	131	1144	13	2	9 9 5	1:10.01	2.4	1st Hot	-	1	 	4	沙田	2.72							
2020/2/23	5	第三班	1200米	(80-60)	好地	草地 - "A+3" 賽道	6	12	贏科超影(A164)	巫顯東	高伯新	116	1047	5	2	7 5 6	1:10.04	92	-	-	+ 1	H/P/TT	6	沙田	2.72							
2020/2/23	5	第三班	1200米	(80-60)	好地	草地 - "A+3" 賽道	7	1	金匯昇(C010)	巴度	蔡約翰	133	1094	3	2	8 10 7	1:10.04	64	-	-	1	 	4	沙田	2.72							
2020/2/23	5	第三班	1200米	(80-60)	好地	草地 - "A+3" 賽道	8	9	平常心(D278)	利敬國	沈集成	128	1127	4	2-3/4	1 1 8	1:10.13	4.2	-	-	+ 1	CP1/TT1	3	沙田	2.72							
2020/2/23	5	第三班	1200米	(80-60)	好地	草地 - "A+3" 賽道	9	11	晉神(C476)	希威森	葉楚航	124	1016	9	3-1/4	14 11 9	1:10.23	99	-	-	1	 	4	沙田	2.72							
2020/2/23	5	第三班	1200米	(80-60)	好地	草地 - "A+3" 賽道	10	10	幸運拼圖(D112)	蔡明紹	徐雨石	125	1009	8	7	6 8 10	1:10.81	102	-	-	1	H-/SR1	4	沙田	2.72							
2020/2/23	5	第三班	1200米	(80-60)	好地	草地 - "A+3" 賽道	11	8	成才(B085)	何澤堯	方嘉柏	129	1204	14	7-3/4	12 12 11	1:10.95	43	-	-	+ 1	B	6	沙田	2.72							
2020/2/23	5	第三班	1200米	(80-60)	好地	草地 - "A+3" 賽道	12	5	安逸寧靜(D189)	黎海榮	蘇偉賢	130	1004	7	10-1/4	11 13 12	1:11.34	255	-	-	* 1	 	4	沙田	2.72							
2020/2/23	5	第三班	1200米	(80-60)	好地	草地 - "A+3" 賽道	13	6	極速前進(V390)	楊明綸	容天鵬	130	1245	2	14-1/4	5 6 13	1:11.99	179	-	-	1	V/TT	6	沙田	2.72							
2020/2/23	5	第三班	1200米	(80-60)	好地	草地 - "A+3" 賽道	14	7	勇敢皇者(D132)	薛恩	韋達	129	1134	10	18-1/4	13 14 14	1:12.61	228	-	-	1	B1	4	沙田	2.72							
2020/2/23	6	第四班	1400米	(60-40)	好地	草地 - "A+3" 賽道	1	9	三圓䮭路(C149)	田泰安	蘇保羅	120	1102	3	-	6 9 7 1	1:22.36	2.2	1st Hot	-	1	 	6	沙田	2.72	12.0			65.0	32.0	46.5	
2020/2/23	6	第四班	1400米	(60-40)	好地	草地 - "A+3" 賽道	2	5	至尊高陞(D052)	莫雷拉	蔡約翰	128	1291	14	短馬頭位	1 3 2 2	1:22.38	5.4	2nd Hot	-	1	 	4	沙田	2.72		22.0		65.0	32.0		78.5
2020/2/23	6	第四班	1400米	(60-40)	好地	草地 - "A+3" 賽道	3	2	綫路勇駒(A041)	薛恩	告東尼	131	1174	13	1-1/4	5 1 1 3	1:22.56	9.7	-	-	1	B/H/TT	7	沙田	2.72			22.5			46.5	78.5
2020/2/23	6	第四班	1400米	(60-40)	好地	草地 - "A+3" 賽道	4	8	百寶袋(D008)	黎海榮	姚本輝	121	1054	10	2-3/4	2 4 5 4	1:22.81	107	-	-	+ 1	CP1	4	沙田	2.72							
2020/2/23	6	第四班	1400米	(60-40)	好地	草地 - "A+3" 賽道	5 平頭馬	1	軍炮(V371)	陳嘉熙	葉楚航	123	1176	11	3-1/4	11 2 3 5	1:22.88	14	-	-	1	B	7	沙田	2.72							
2020/2/23	6	第四班	1400米	(60-40)	好地	草地 - "A+3" 賽道	5 平頭馬	4	勁力威龍(C437)	巴度	文家良	129	1078	12	3-1/4	13 5 4 5	1:22.88	11	-	-	1	B1	3	沙田	2.72							
2020/2/23	6	第四班	1400米	(60-40)	好地	草地 - "A+3" 賽道	7	6	傲龍駒(D164)	史卓豐	苗禮德	127	1076	4	4-3/4	4 8 8 7	1:23.14	20	-	-	* 2	 	3	沙田	2.72							
2020/2/23	6	第四班	1400米	(60-40)	好地	草地 - "A+3" 賽道	8	3	大當家(B145)	楊明綸	蘇偉賢	130	1056	8	5-1/4	12 12 9 8	1:23.22	190	-	-	* 2	TT	5	沙田	2.72							
2020/2/23	6	第四班	1400米	(60-40)	好地	草地 - "A+3" 賽道	9	7	寶都(C072)	何澤堯	呂健威	126	1026	1	5-1/2	3 7 10 9	1:23.26	50	-	-	1	H	5	沙田	2.72							
2020/2/23	6	第四班	1400米	(60-40)	好地	草地 - "A+3" 賽道	10	14	喜多樂(C224)	梁家俊	丁冠豪	116	1187	9	5-3/4	10 10 11 10	1:23.29	10	-	-	1	TT	4	沙田	2.72							
2020/2/23	6	第四班	1400米	(60-40)	好地	草地 - "A+3" 賽道	11	13	機緣巧俠(C358)	巫顯東	何良	114	1080	2	6-1/4	8 11 13 11	1:23.35	58	-	-	1	H/P	5	沙田	2.72							
2020/2/23	6	第四班	1400米	(60-40)	好地	草地 - "A+3" 賽道	12	10	銀亮福將(B418)	希威森	霍利時	118	1141	7	9-1/4	14 14 14 12	1:23.85	348	-	-	* 2	H/TT	5	沙田	2.72							
2020/2/23	6	第四班	1400米	(60-40)	好地	草地 - "A+3" 賽道	13	12	從頭越(B073)	利敬國	徐雨石	117	1149	6	9-1/2	7 6 6 13	1:23.89	9.1	-	-	2	B/TT-	6	沙田	2.72							
2020/2/23	6	第四班	1400米	(60-40)	好地	草地 - "A+3" 賽道	14	11	閃電龍(D077)	潘明輝	羅富全	115	1188	5	17-1/2	9 13 12 14	1:25.18	250	-	-	2	B	4	沙田	2.72							
2020/2/23	7	四歲	1800米 		好地	草地 - "A+3" 賽道	1	1	金鎗六十(C238)	何澤堯	呂健威	126	1071	7	-	8 8 8 8 1	1:45.88	2.2	1st Hot	-		 	4	沙田	2.72	14.5			114.0	36.0	17.5	
2020/2/23	7	四歲	1800米 		好地	草地 - "A+3" 賽道	2	2	勝得精彩(C061)	莫雅	蔡約翰	126	1101	3	1/2	5 6 6 5 2	1:45.99	13	-	-		B/TT	4	沙田	2.72		25.0		114.0	36.0		42.5
2020/2/23	7	四歲	1800米 		好地	草地 - "A+3" 賽道	3	3	幸福笑容(C199)	潘頓	呂健威	126	1222	10	1	9 9 9 7 3	1:46.05	2.8	2nd Hot	-		 	4	沙田	2.72			10.1			17.5	42.5
2020/2/23	7	四歲	1800米 		好地	草地 - "A+3" 賽道	4	7	安采(D066)	布文	約翰摩亞	126	1168	8	2-1/2	10 10 10 10 4	1:46.28	16	-	-		B/XB	4	沙田	2.72							
2020/2/23	7	四歲	1800米 		好地	草地 - "A+3" 賽道	5	6	幸福掌聲(C492)	薛恩	沈集成	126	1087	2	3-1/4	3 4 4 3 5	1:46.42	122	-	-		SR/TT	4	沙田	2.72							
2020/2/23	7	四歲	1800米 		好地	草地 - "A+3" 賽道	6	4	美麗非凡(D023)	莫雷拉	蔡約翰	126	1185	6	4-1/2	7 7 7 9 6	1:46.58	7.3	-	-		H/TT	4	沙田	2.72							
2020/2/23	7	四歲	1800米 		好地	草地 - "A+3" 賽道	7	10	全民佳知(C288)	蔡明紹	姚本輝	126	1111	5	4-1/2	2 1 1 1 7	1:46.59	45	-	-		B/XB	4	沙田	2.72							
2020/2/23	7	四歲	1800米 		好地	草地 - "A+3" 賽道	8	9	玖寶(D056)	巴度	約翰摩亞	126	1105	9	4-3/4	6 2 2 2 8	1:46.63	135	-	-		TT	4	沙田	2.72							
2020/2/23	7	四歲	1800米 		好地	草地 - "A+3" 賽道	9	5	孖寶兄弟(D127)	史卓豐	告東尼	126	1011	1	5	4 5 5 6 9	1:46.67	35	-	-		H1/TT	4	沙田	2.72							
2020/2/23	7	四歲	1800米 		好地	草地 - "A+3" 賽道	10	8	精神威(C345)	利敬國	羅富全	126	1123	4	5-1/4	1 3 3 4 10	1:46.72	17	-	-		 	4	沙田	2.72							
2020/2/23	8	第二班	2000米	(100-80)	好地	草地 - "A+3" 賽道	1	12	必妙星(C507)	田泰安	蘇保羅	116	1167	1	-	4 4 4 3 1	2:00.84	21	-	-	+ 1	 	4	沙田	2.72	51.5			298.5	99.5	141.5	
2020/2/23	8	第二班	2000米	(100-80)	好地	草地 - "A+3" 賽道	2	6	時時有餘(C465)	潘頓	方嘉柏	124	1042	3	鼻位	5 5 5 5 2	2:00.84	2.4	1st Hot	-	1	H/XB	4	沙田	2.72		12.0		298.5	99.5		28.0
2020/2/23	8	第二班	2000米	(100-80)	好地	草地 - "A+3" 賽道	3	2	龍鼓飛揚(C120)	莫雅	苗禮德	132	1116	2	短馬頭位	6 6 6 7 3	2:00.86	4.9	-	-	1	XB	5	沙田	2.72			17.0			141.5	28.0
2020/2/23	8	第二班	2000米	(100-80)	好地	草地 - "A+3" 賽道	4	7	超級綠洲(D085)	莫雷拉	羅富全	124	1144	7	短馬頭位	7 7 7 6 4	2:00.87	4.8	2nd Hot	-	1	XB1	4	沙田	2.72							
2020/2/23	8	第二班	2000米	(100-80)	好地	草地 - "A+3" 賽道	5	3	任我行(C297)	布文	約翰摩亞	131	1044	8	1-1/2	9 9 9 10 5	2:01.09	7.2	-	-	2	CP	5	沙田	2.72							
2020/2/23	8	第二班	2000米	(100-80)	好地	草地 - "A+3" 賽道	6	4	喜蓮彩星(A129)	利敬國	約翰摩亞	131	1098	4	1-1/2	8 8 8 8 6	2:01.10	22	-	-	* 1	B/TT	7	沙田	2.72							
2020/2/23	8	第二班	2000米	(100-80)	好地	草地 - "A+3" 賽道	7	10	傑彩繽紛(B457)	希威森	蔡約翰	119	1051	6	2-1/4	2 3 3 4 7	2:01.20	11	-	-	1	B	5	沙田	2.72							
2020/2/23	8	第二班	2000米	(100-80)	好地	草地 - "A+3" 賽道	8	5	喜蓮騏星(C165)	史卓豐	告東尼	125	1047	9	4-1/4	3 2 2 1 8	2:01.54	15	-	-	1	XB/TT	5	沙田	2.72							
2020/2/23	8	第二班	2000米	(100-80)	好地	草地 - "A+3" 賽道	9	1	逍遙自在(B210)	梁家俊	羅富全	133	1122	10	4-1/2	10 10 11 11 9	2:01.58	241	-	-	2	 	6	沙田	2.72							
2020/2/23	8	第二班	2000米	(100-80)	好地	草地 - "A+3" 賽道	10	8	天池怪俠(B350)	蔡明紹	蘇偉賢	122	1143	11	7-1/4	11 11 10 9 10	2:02.01	144	-	-	1	 	5	沙田	2.72							
2020/2/23	8	第二班	2000米	(100-80)	好地	草地 - "A+3" 賽道	11	11	美麗經典(C049)	黃皓楠	約翰摩亞	114	1119	5	11-3/4	1 1 1 2 11	2:02.73	199	-	-	3	B	5	沙田	2.72							
2020/2/23	8	第二班	2000米	(100-80)	好地	草地 - "A+3" 賽道		9	得勝駒(B112)	巴度	韋達	120	---	---	---	---	---	---	-	-	-	-	5	沙田	2.72							
2020/2/23	9	第三班	1400米	(80-60)	好地	草地 - "A+3" 賽道	1	5	翡翠精選(D133)	莫雷拉	苗禮德	125	1201	3	-	3 4 2 1	1:21.22	1.9	1st Hot	-	1	 	4	沙田	2.72	12.0			47.5	25.0	55.5	
2020/2/23	9	第三班	1400米	(80-60)	好地	草地 - "A+3" 賽道	2	3	各取所需(C474)	布文	約翰摩亞	127	1038	8	3-1/2	5 5 6 2	1:21.78	5.2	2nd Hot	-	+ 1	B	4	沙田	2.72		17.5		47.5	25.0		113.0
2020/2/23	9	第三班	1400米	(80-60)	好地	草地 - "A+3" 賽道	3	10	高明駿將(C511)	何澤堯	呂健威	119	1030	1	3-3/4	7 6 5 3	1:21.81	14	-	-	+ 1	B/H	4	沙田	2.72			32.0			55.5	113.0
2020/2/23	9	第三班	1400米	(80-60)	好地	草地 - "A+3" 賽道	4	7	行雲流水(D233)	利敬國	沈集成	123	1143	4	4-1/2	1 1 1 4	1:21.93	155	-	-	+ 1	TT	4	沙田	2.72							
2020/2/23	9	第三班	1400米	(80-60)	好地	草地 - "A+3" 賽道	5	2	請跟我來(B440)	莫雅	蔡約翰	132	1120	10	5	13 14 12 5	1:22.03	9.4	-	-	+ 1	TT	4	沙田	2.72							
2020/2/23	9	第三班	1400米	(80-60)	好地	草地 - "A+3" 賽道	6	11	恆駿寶駒(T262)	楊明綸	蘇偉賢	118	1106	14	5	14 13 14 6	1:22.03	150	-	-	+ 1	B/H	8	沙田	2.72							
2020/2/23	9	第三班	1400米	(80-60)	好地	草地 - "A+3" 賽道	7	1	電玩時代(D269)	巴度	韋達	133	1150	2	6-1/4	9 10 10 7	1:22.22	64	-	-	+ 1	XB1	4	沙田	2.72							
2020/2/23	9	第三班	1400米	(80-60)	好地	草地 - "A+3" 賽道	8	12	連利福將(B475)	田泰安	葉楚航	117	1110	9	6-1/2	2 3 4 8	1:22.24	11	-	-	1	 	4	沙田	2.72							
2020/2/23	9	第三班	1400米	(80-60)	好地	草地 - "A+3" 賽道	9	8	家家成功(D069)	黃皓楠	徐雨石	117	1177	5	7	6 8 9 9	1:22.35	224	-	-	* 1	B/TT-	4	沙田	2.72							
2020/2/23	9	第三班	1400米	(80-60)	好地	草地 - "A+3" 賽道	10	4	噴火龍(B463)	郭能	霍利時	125	1023	11	7	12 12 11 10	1:22.36	15	-	-	+ 1	B/TT	5	沙田	2.72							
2020/2/23	9	第三班	1400米	(80-60)	好地	草地 - "A+3" 賽道	11	9	熱血鬥士(C360)	史卓豐	告東尼	120	1125	7	7-1/2	11 9 8 11	1:22.43	10	-	-	* 1	CP/TT	5	沙田	2.72							
2020/2/23	9	第三班	1400米	(80-60)	好地	草地 - "A+3" 賽道	12	13	獨角寶寶(C203)	潘明輝	高伯新	115	1133	12	8-1/2	8 7 7 12	1:22.57	34	-	-	+ 1	B/TT	5	沙田	2.72							
2020/2/23	9	第三班	1400米	(80-60)	好地	草地 - "A+3" 賽道	13	14	赤火神龍(A350)	蔡明紹	賀賢	114	1138	6	9-3/4	10 11 13 13	1:22.76	256	-	-	+ 1	B	6	沙田	2.72							
2020/2/23	9	第三班	1400米	(80-60)	好地	草地 - "A+3" 賽道	14	6	淺草飛(C477)	梁家俊	丁冠豪	127	1147	13	10	4 2 3 14	1:22.82	84	-	-	1	CP	4	沙田	2.72							
2020/2/23	9	第三班	1400米	(80-60)	好地	草地 - "A+3" 賽道			路路通(B256)	陳嘉熙	羅富全	113	---	---	---	---	---	---	-	-	-	-	-	沙田	2.72							
2020/2/23	10	第三班	1600米	(80-60)	好地	草地 - "A+3" 賽道	1	12	嘜誰嘜誰(C323)	田泰安	告東尼	118	1165	13	-	12 11 10 1	1:34.24	13	-	W P	* 1	B/TT	4	沙田	2.72	37.0			269.0	93.5	106.0	
2020/2/23	10	第三班	1600米	(80-60)	好地	草地 - "A+3" 賽道	2	1	不羈的風(B271)	莫雷拉	約翰摩亞	133	1046	8	1-1/4	5 6 4 2	1:34.42	3.3	1st Hot	-	1	B/TT	6	沙田	2.72		15.5		269.0	93.5		31.5
2020/2/23	10	第三班	1600米	(80-60)	好地	草地 - "A+3" 賽道	3	10	安承(D059)	利敬國	韋達	121	1068	12	2-1/2	10 8 7 3	1:34.63	4.1	2nd Hot	-	1	H/XB	5	沙田	2.72			17.0			106.0	31.5
2020/2/23	10	第三班	1600米	(80-60)	好地	草地 - "A+3" 賽道	4	4	超班福星(C183)	史卓豐	丁冠豪	125	1084	6	2-1/2	11 12 14 4	1:34.63	5.8	-	-	+ 1	B/TT	5	沙田	2.72							
2020/2/23	10	第三班	1600米	(80-60)	好地	草地 - "A+3" 賽道	5	3	勞動創造(C138)	潘明輝	沈集成	124	1048	1	2-1/2	6 7 6 5	1:34.65	19	-	-	* 1	B/TT-	4	沙田	2.72							
2020/2/23	10	第三班	1600米	(80-60)	好地	草地 - "A+3" 賽道	6	6	錶之皇者(B398)	巴度	文家良	124	1226	9	2-3/4	13 13 11 6	1:34.68	6.4	-	-	+ 1	B	5	沙田	2.72							
2020/2/23	10	第三班	1600米	(80-60)	好地	草地 - "A+3" 賽道	7	2	美麗精神(B409)	梁家俊	告東尼	132	1276	10	2-3/4	4 2 1 7	1:34.69	37	-	-	2	CP/TT	5	沙田	2.72							
2020/2/23	10	第三班	1600米	(80-60)	好地	草地 - "A+3" 賽道	8	8	嘉才(D196)	潘頓	文家良	122	1165	4	3	9 10 9 8	1:34.70	10	-	-	2	CP1	4	沙田	2.72							
2020/2/23	10	第三班	1600米	(80-60)	好地	草地 - "A+3" 賽道	9	13	睡眠攻略(C493)	希威森	霍利時	117	1118	11	3	14 14 13 9	1:34.73	39	-	-	1	SR	4	沙田	2.72							
2020/2/23	10	第三班	1600米	(80-60)	好地	草地 - "A+3" 賽道	10	7	酷比爸(D212)	何澤堯	呂健威	123	1152	14	10-1/2	7 5 5 10	1:35.93	125	-	-	1	H	4	沙田	2.72							
2020/2/23	10	第三班	1600米	(80-60)	好地	草地 - "A+3" 賽道	11	9	水火風(C211)	陳嘉熙	約翰摩亞	111	1073	5	14	1 1 2 11	1:36.49	18	-	-	2	CP/XB/TT	5	沙田	2.72							
2020/2/23	10	第三班	1600米	(80-60)	好地	草地 - "A+3" 賽道	12	14	翹軍(B424)	楊明綸	容天鵬	116	1105	3	16-1/2	8 9 12 12	1:36.90	375	-	-	1	 	6	沙田	2.72							
2020/2/23	10	第三班	1600米	(80-60)	好地	草地 - "A+3" 賽道	13	5	格男(C398)	黃皓楠	約翰摩亞	121	971	2	20	3 3 8 13	1:37.45	290	-	-	3	B/XB	-	沙田	2.72							
2020/2/23	10	第三班	1600米	(80-60)	好地	草地 - "A+3" 賽道	14	11	會展達人(C505)	蔡明紹	葉楚航	120	1247	7	20-1/2	2 4 3 14	1:37.52	258	-	-	* 1	 	4	沙田	2.72							
2020/2/26	1	第五班	1800米	(40-0)	好地	草地 - "A" 賽道	1	5	金津輝煌(V400)	史卓豐	苗禮德	131	1168	9	-	8 7 6 5 1	1:49.33	12	-	-	+ 1	B	6	跑馬地	2.71	40.5			1297.0	365.5	237.0	
2020/2/26	1	第五班	1800米	(40-0)	好地	草地 - "A" 賽道	2	2	如沐春風(B150)	薛恩	鄭俊偉	132	1066	7	短馬頭位	12 11 11 11 2	1:49.35	18	-	-	+ 1	B	6	跑馬地	2.71		57.5		1297.0	365.5		267.0
2020/2/26	1	第五班	1800米	(40-0)	好地	草地 - "A" 賽道	3	7	活力得勝(C091)	梁家俊	蘇保羅	131	1105	11	3/4	6 8 8 9 3	1:49.45	9.7	-	-	+ 1	B	4	跑馬地	2.71			27.5			237.0	267.0
2020/2/26	1	第五班	1800米	(40-0)	好地	草地 - "A" 賽道	4	6	天賦威力(B335)	黃皓楠	賀賢	128	1035	5	1-1/4	3 3 2 2 4	1:49.53	8.6	-	-	+ 1	B/TT	5	跑馬地	2.71							
2020/2/26	1	第五班	1800米	(40-0)	好地	草地 - "A" 賽道	5	10	靚籐王(B425)	巴度	高伯新	124	1148	1	1-3/4	4 4 4 4 5	1:49.60	4.2	1st Hot	-	1	B	4	跑馬地	2.71							
2020/2/26	1	第五班	1800米	(40-0)	好地	草地 - "A" 賽道	6	3	蒜頭爺爺(V039)	田泰安	葉楚航	132	1031	6	2	10 9 9 8 6	1:49.63	8.6	-	-	+ 1	B-/V1	7	跑馬地	2.71							
2020/2/26	1	第五班	1800米	(40-0)	好地	草地 - "A" 賽道	7	4	駿協精英(V207)	蔡明紹	何良	131	1167	2	2	1 2 3 3 7	1:49.64	7.8	-	-	1	H/SR	7	跑馬地	2.71							
2020/2/26	1	第五班	1800米	(40-0)	好地	草地 - "A" 賽道	8	8	創紀錄(C168)	潘明輝	沈集成	128	1078	3	2-3/4	7 5 5 6 8	1:49.76	19	-	-	1	CP/TT	4	跑馬地	2.71							
2020/2/26	1	第五班	1800米	(40-0)	好地	草地 - "A" 賽道	9	12	競駿飛鷹(B292)	希威森	霍利時	120	1213	4	5-3/4	9 10 10 7 9	1:50.26	27	-	-	1	B	5	跑馬地	2.71							
2020/2/26	1	第五班	1800米	(40-0)	好地	草地 - "A" 賽道	10	9	好醒神(C175)	郭能	姚本輝	124	1032	12	11-1/2	2 1 1 1 10	1:51.15	27	-	-	* 1	B	4	跑馬地	2.71							
2020/2/26	1	第五班	1800米	(40-0)	好地	草地 - "A" 賽道	11	1	事必獲利(T002)	潘頓	方嘉柏	133	1154	8	13-1/2	11 12 12 12 11	1:51.48	4.2	2nd Hot	-	* 1	TT	-	跑馬地	2.71							
2020/2/26	1	第五班	1800米	(40-0)	好地	草地 - "A" 賽道	12	11	小島怡情(T390)	何澤堯	文家良	120	1086	10	17-1/2	5 6 7 10 12	1:52.14	42	-	-	1	V	8	跑馬地	2.71							
2020/2/26	2	第四班	1200米	(60-40)	好地	草地 - "A" 賽道	1	5	多姿多財(D125)	潘頓	羅富全	125	1013	2	-	4 3 1	1:09.57	2	1st Hot	-	+ 1	 	3	跑馬地	2.71	13.0			243.5	84.5	27.5	
2020/2/26	2	第四班	1200米	(60-40)	好地	草地 - "A" 賽道	2	12	大運舞台(T256)	潘明輝	鄭俊偉	116	1110	10	1/2	6 7 2	1:09.64	19	-	-	* 1	B	9	跑馬地	2.71		36.0		243.5	84.5		102.5
2020/2/26	2	第四班	1200米	(60-40)	好地	草地 - "A" 賽道	3	1	如真如假(C222)	黃俊	方嘉柏	126	1123	5	1-1/4	1 1 3	1:09.75	4.8	2nd Hot	-	1	TT	4	跑馬地	2.71			15.5			27.5	102.5
2020/2/26	2	第四班	1200米	(60-40)	好地	草地 - "A" 賽道	4	11	友享友賞(A142)	田泰安	蘇偉賢	118	1211	9	2	2 2 4	1:09.89	14	-	-	+ 1	B	6	跑馬地	2.71							
2020/2/26	2	第四班	1200米	(60-40)	好地	草地 - "A" 賽道	5	10	金剛石(C106)	蔡明紹	高伯新	119	1137	1	2-1/4	7 6 5	1:09.91	17	-	-	* 1	B2/TT	4	跑馬地	2.71							
2020/2/26	2	第四班	1200米	(60-40)	好地	草地 - "A" 賽道	6	2	皆旺財(C278)	薛恩	沈集成	130	1141	6	3	3 4 6	1:10.03	11	-	-	+ 1	B-/TT	4	跑馬地	2.71							
2020/2/26	2	第四班	1200米	(60-40)	好地	草地 - "A" 賽道	7	6	虹鴻(D098)	何澤堯	賀賢	125	1192	8	3-1/2	11 10 7	1:10.13	40	-	-	* 1	 	3	跑馬地	2.71							
2020/2/26	2	第四班	1200米	(60-40)	好地	草地 - "A" 賽道	8	7	赤電神駒(D166)	梁家俊	告東尼	125	1118	3	4-3/4	9 8 8	1:10.33	124	-	-	* 1	B1/TT1	3	跑馬地	2.71							
2020/2/26	2	第四班	1200米	(60-40)	好地	草地 - "A" 賽道	9 平頭馬	3	玩得好(A383)	彭國年	韋達	127	1047	7	5-1/4	12 12 9	1:10.39	10	-	-	+ 1	CP2	6	跑馬地	2.71							
2020/2/26	2	第四班	1200米	(60-40)	好地	草地 - "A" 賽道	9 平頭馬	9	活力長勝(C498)	楊明綸	容天鵬	121	1031	4	5-1/4	10 11 9	1:10.39	43	-	-	* 1	 	4	跑馬地	2.71							
2020/2/26	2	第四班	1200米	(60-40)	好地	草地 - "A" 賽道	11	4	上校(D090)	巴度	姚本輝	126	1140	11	5-1/2	5 5 11	1:10.43	11	-	-	+ 1	B	3	跑馬地	2.71							
2020/2/26	2	第四班	1200米	(60-40)	好地	草地 - "A" 賽道	12	8	滿貫動力(D045)	希威森	葉楚航	122	1088	12	7-1/2	8 9 12	1:10.76	323	-	-	* 1	XB1	4	跑馬地	2.71							
2020/2/26	3	第四班	1650米	(60-40)	好地	草地 - "A" 賽道	1	7	陽光(A371)	彭國年	呂健威	123	1136	3	-	4 5 6 1	1:40.23	7.4	-	-	+ 1	 	6	跑馬地	2.71	25.5				485.5	151.0	40.0	60.5			
2020/2/26	3	第四班	1650米	(60-40)	好地	草地 - "A" 賽道	2	8	燈胆精英(A183)	史卓豐	葉楚航	122	1177	8	1/2	7 6 5 2	1:40.30	12	-	-	1	 	6	跑馬地	2.71		33.5			485.5	151.0			40.0	82.5	
2020/2/26	3	第四班	1650米	(60-40)	好地	草地 - "A" 賽道	3 平頭馬	4	放眼量(A140)	潘頓	何良	130	1058	11	1/2	10 9 8 3	1:40.32	5.3	2nd Hot	-	+ 1	H-/CP	6	跑馬地	2.71			11.0				40.0		40.0		43.5
2020/2/26	3	第四班	1650米	(60-40)	好地	草地 - "A" 賽道	3 平頭馬	10	安定繁盛(C064)	何澤堯	羅富全	119	1099	6	1/2	5 4 4 3	1:40.32	8.6	-	-	1	B/TT	4	跑馬地	2.71				16.0				60.5		82.5	43.5
2020/2/26	3	第四班	1650米	(60-40)	好地	草地 - "A" 賽道	5	6	普仁(D006)	楊明綸	容天鵬	125	1047	4	1/2	8 8 10 5	1:40.33	21	-	-	+ 1	P	4	跑馬地	2.71											
2020/2/26	3	第四班	1650米	(60-40)	好地	草地 - "A" 賽道	6	5	精彩飛動(B095)	潘明輝	方嘉柏	123	1030	2	1	9 10 9 6	1:40.39	10	-	-	+ 1	TT	6	跑馬地	2.71											
2020/2/26	3	第四班	1650米	(60-40)	好地	草地 - "A" 賽道	7	2	多多(C109)	巴度	蔡約翰	132	1021	5	1-3/4	12 12 12 7	1:40.49	3.9	1st Hot	-	1	H	4	跑馬地	2.71											
2020/2/26	3	第四班	1650米	(60-40)	好地	草地 - "A" 賽道	8	1	活力勇士(A313)	薛恩	約翰摩亞	133	1102	9	1-3/4	2 2 2 8	1:40.49	15	-	-	+ 1	CP	6	跑馬地	2.71											
2020/2/26	3	第四班	1650米	(60-40)	好地	草地 - "A" 賽道	9	9	及時行樂(A125)	黎海榮	徐雨石	121	1124	1	2	6 7 7 9	1:40.57	11	-	-	1	B	6	跑馬地	2.71											
2020/2/26	3	第四班	1650米	(60-40)	好地	草地 - "A" 賽道	10	12	爪皇烈焰(T353)	田泰安	霍利時	117	1189	10	2-1/4	11 11 11 10	1:40.58	16	-	-	+ 1	B/TT	8	跑馬地	2.71											
2020/2/26	3	第四班	1650米	(60-40)	好地	草地 - "A" 賽道	11	11	鑽石達人(V341)	蔡明紹	告東尼	118	1169	12	3	3 1 1 11	1:40.69	33	-	-	* 1	V/TT	7	跑馬地	2.71											
2020/2/26	3	第四班	1650米	(60-40)	好地	草地 - "A" 賽道	12	3	騰龍超影(T372)	郭能	蘇保羅	132	1154	7	3-1/2	1 3 3 12	1:40.80	16	-	-	+ 1	B-/CP1/TT	8	跑馬地	2.71											
2020/2/26	4	第四班	1000米	(60-40)	好地	草地 - "A" 賽道	1	3	好甜橙(A300)	陳嘉熙	徐雨石	121	1124	8	-	1 1 1	0:56.86	8.2	-	-	+ 1	V	5	跑馬地	2.71	25.5			627.0	181.0	97.5	
2020/2/26	4	第四班	1000米	(60-40)	好地	草地 - "A" 賽道	2	8	運才(A251)	郭能	方嘉柏	125	1208	3	頭位	9 9 2	0:56.89	19	-	-	1	B/H/XB	6	跑馬地	2.71		50.5		627.0	181.0		161.5
2020/2/26	4	第四班	1000米	(60-40)	好地	草地 - "A" 賽道	3	5	奇妙日(B332)	潘頓	沈集成	126	1202	10	1	7 3 3	0:57.02	7.2	-	-	+ 1	H/TT	6	跑馬地	2.71			24.5			97.5	161.5
2020/2/26	4	第四班	1000米	(60-40)	好地	草地 - "A" 賽道	4	6	慣勝積極(A345)	黃皓楠	丁冠豪	122	1096	12	1-1/2	12 12 4	0:57.11	96	-	-	+ 1	 	6	跑馬地	2.71							
2020/2/26	4	第四班	1000米	(60-40)	好地	草地 - "A" 賽道	5	11	超額認購(C361)	潘明輝	賀賢	116	1142	1	1-3/4	6 7 5	0:57.13	3.3	1st Hot	-	+ 1	H/XB	4	跑馬地	2.71							
2020/2/26	4	第四班	1000米	(60-40)	好地	草地 - "A" 賽道	6	1	紅褲日(C272)	薛恩	鄭俊偉	133	1145	6	2-1/2	3 2 6	0:57.24	16	-	-	+ 1	P-/B2/TT	5	跑馬地	2.71							
2020/2/26	4	第四班	1000米	(60-40)	好地	草地 - "A" 賽道	7	7	開心好友(B466)	田泰安	姚本輝	125	1122	5	2-3/4	2 4 7	0:57.31	4.6	2nd Hot	-	+ 1	B	4	跑馬地	2.71							
2020/2/26	4	第四班	1000米	(60-40)	好地	草地 - "A" 賽道	8	9	陽明滿滿(B047)	何澤堯	呂健威	122	1042	7	3-1/2	10 11 8	0:57.40	8.6	-	-	* 1	B1/TT-	5	跑馬地	2.71							
2020/2/26	4	第四班	1000米	(60-40)	好地	草地 - "A" 賽道	9	12	晨曦寶馬(C023)	希威森	蔡約翰	115	1111	9	4-1/4	8 8 9	0:57.54	92	-	-	+ 1	B	4	跑馬地	2.71							
2020/2/26	4	第四班	1000米	(60-40)	好地	草地 - "A" 賽道	10	4	常勝心(D044)	史卓豐	羅富全	127	1231	2	4-3/4	5 6 10	0:57.60	8	-	-	+ 1	CP1	4	跑馬地	2.71							
2020/2/26	4	第四班	1000米	(60-40)	好地	草地 - "A" 賽道	11	10	電子傳承(C322)	蔡明紹	文家良	118	1099	11	5-1/2	11 10 11	0:57.73	131	-	-	+ 1	XB/B1	4	跑馬地	2.71							
2020/2/26	4	第四班	1000米	(60-40)	好地	草地 - "A" 賽道	12	2	驫驫(A315)	巴度	何良	132	1159	4	8-3/4	4 5 12	0:58.26	19	-	-	+ 1	H/V	6	跑馬地	2.71							
2020/2/26	5	第一班	1650米	(110-85)	好地	草地 - "A" 賽道	1	4	協霸神駒(B405)	巴度	沈集成	129	1077	1	-	3 5 5 1	1:39.14	4.6	2nd Hot	-	1	SR/TT	5	跑馬地	2.71	17.0			118.0	53.0	507.0	
2020/2/26	5	第一班	1650米	(110-85)	好地	草地 - "A" 賽道	2	9	志同道合(B287)	田泰安	蔡約翰	114	1137	7	1/2	2 3 4 2	1:39.23	6	-	-	2	SR	5	跑馬地	2.71		20.5		118.0	53.0		537.0
2020/2/26	5	第一班	1650米	(110-85)	好地	草地 - "A" 賽道	3	6	志趣相投(A367)	史卓豐	蔡約翰	125	1105	6	1	9 4 3 3	1:39.31	56	-	-	1	B	6	跑馬地	2.71			143.0			507.0	537.0
2020/2/26	5	第一班	1650米	(110-85)	好地	草地 - "A" 賽道	4	3	百步穿雲(A165)	何澤堯	賀賢	130	1142	3	1-1/4	5 8 7 4	1:39.32	4.4	1st Hot	-	1	H	7	跑馬地	2.71							
2020/2/26	5	第一班	1650米	(110-85)	好地	草地 - "A" 賽道	5	8	合拍威龍(B099)	蔡明紹	約翰摩亞	114	1150	5	1-1/2	8 10 9 5	1:39.37	10	-	Big(PQ)	2	H	6	跑馬地	2.71							
2020/2/26	5	第一班	1650米	(110-85)	好地	草地 - "A" 賽道	6	2	精明才子(B090)	梁家俊	羅富全	133	1128	4	2	7 7 8 6	1:39.45	13	-	-	1	XB	6	跑馬地	2.71							
2020/2/26	5	第一班	1650米	(110-85)	好地	草地 - "A" 賽道	7	7	翠龍(B156)	彭國年	徐雨石	124	1078	9	2-1/2	6 1 2 7	1:39.52	25	-	-	1	 	6	跑馬地	2.71							
2020/2/26	5	第一班	1650米	(110-85)	好地	草地 - "A" 賽道	8	11	協勝神駒(B217)	潘明輝	高伯新	112	1266	10	2-3/4	11 11 11 8	1:39.57	18	-	-	+ 1	B/H/TT	5	跑馬地	2.71							
2020/2/26	5	第一班	1650米	(110-85)	好地	草地 - "A" 賽道	9	1	安騏(B109)	潘頓	約翰摩亞	133	1051	11	3-1/4	4 6 6 9	1:39.65	5.2	-	-	1	B/TT	6	跑馬地	2.71							
2020/2/26	5	第一班	1650米	(110-85)	好地	草地 - "A" 賽道	10	5	信心保證(B105)	薛恩	約翰摩亞	127	1260	2	4-3/4	1 2 1 10	1:39.92	15	-	-	3	B/XB	6	跑馬地	2.71							
2020/2/26	5	第一班	1650米	(110-85)	好地	草地 - "A" 賽道	11	10	綠色有運(B413)	希威森	方嘉柏	115	1080	8	5-3/4	10 9 10 11	1:40.06	16	-	W P Big(PQ)	1	B/H	5	跑馬地	2.71							
2020/2/26	6	第三班	2200米	(80-60)	好地	草地 - "A" 賽道	1	2	喜勝勁駒(C325)	蔡明紹	方嘉柏	129	1069	1	-	8 9 9 8 7 1	2:16.63	19	-	-	1	TT	4	跑馬地	2.71	40.0			836.0	250.0	87.0	
2020/2/26	6	第三班	2200米	(80-60)	好地	草地 - "A" 賽道	2	7	軍威振(D141)	巴度	韋達	120	1055	7	3/4	5 4 4 3 3 2	2:16.75	11	-	-	1	B/SR	4	跑馬地	2.71		29.0		836.0	250.0		56.0
2020/2/26	6	第三班	2200米	(80-60)	好地	草地 - "A" 賽道	3	1	扎西德勒(C084)	潘頓	約翰摩亞	130	1127	6	3	3 5 6 7 8 3	2:17.09	2	1st Hot	-	2	CP/TT	5	跑馬地	2.71			13.0			87.0	56.0
2020/2/26	6	第三班	2200米	(80-60)	好地	草地 - "A" 賽道	4	4	旺旺龍(C294)	郭能	霍利時	125	1205	3	3-1/2	9 10 10 9 9 4	2:17.17	11	-	-	* 1	B1	-	跑馬地	2.71							
2020/2/26	6	第三班	2200米	(80-60)	好地	草地 - "A" 賽道	5	11	機臣(D041)	潘明輝	約翰摩亞	116	1117	9	3-1/2	10 8 7 6 6 5	2:17.19	25	-	-	* 1	B/XB	4	跑馬地	2.71							
2020/2/26	6	第三班	2200米	(80-60)	好地	草地 - "A" 賽道	6	6	神龍駒(B108)	何澤堯	告東尼	120	1063	8	4	2 1 3 4 4 6	2:17.28	5.4	2nd Hot	-	1	H/TT	5	跑馬地	2.71							
2020/2/26	6	第三班	2200米	(80-60)	好地	草地 - "A" 賽道	7	9	情趣(V114)	希威森	霍利時	119	1133	2	4-1/4	7 7 8 10 10 7	2:17.31	37	-	-	2	B/TT	8	跑馬地	2.71							
2020/2/26	6	第三班	2200米	(80-60)	好地	草地 - "A" 賽道	8	5	明月光(T369)	梁家俊	蘇保羅	120	1032	10	5	12 12 12 12 12 8	2:17.41	35	-	-	1	B	8	跑馬地	2.71							
2020/2/26	6	第三班	2200米	(80-60)	好地	草地 - "A" 賽道	9	12	共創歡樂(C210)	黎海榮	何良	118	1046	12	5	6 2 1 2 1 9	2:17.44	17	-	-	1	 	5	跑馬地	2.71							
2020/2/26	6	第三班	2200米	(80-60)	好地	草地 - "A" 賽道	10	3	文武傳奇(B137)	田泰安	沈集成	128	1131	11	5-1/4	11 11 11 11 11 10	2:17.48	9.1	-	-	1	B/TT	5	跑馬地	2.71							
2020/2/26	6	第三班	2200米	(80-60)	好地	草地 - "A" 賽道	11	8	事勝意(T391)	黃俊	苗禮德	114	1074	5	7	1 3 2 1 2 11	2:17.73	20	-	-	1	SR/TT	8	跑馬地	2.71							
2020/2/26	6	第三班	2200米	(80-60)	好地	草地 - "A" 賽道	12	10	旅遊首席(T098)	楊明綸	鄭俊偉	119	1211	4	7-3/4	4 6 5 5 5 12	2:17.87	106	-	-	* 1	B-/TT	9	跑馬地	2.71							
2020/2/26	7	第一班	1200米	(110-85)	好地	草地 - "A" 賽道	1	8	禾道駒(B253)	田泰安	告東尼	115	1087	2	-	8 8 1	1:09.24	11	-	-	1	B/TT	5	跑馬地	2.71	25.0			300.0	67.5	271.0	
2020/2/26	7	第一班	1200米	(110-85)	好地	草地 - "A" 賽道	2	1	載譽歸來(C215)	何澤堯	羅富全	133	1164	4	頸位	4 5 2	1:09.28	5.6	2nd Hot	-	1	B	5	跑馬地	2.71		16.5		300.0	67.5		174.5
2020/2/26	7	第一班	1200米	(110-85)	好地	草地 - "A" 賽道	3	9	天祿(C082)	梁家俊	告東尼	114	1126	5	1/2	2 4 3	1:09.31	35	-	-	2	TT	4	跑馬地	2.71			59.5			271.0	174.5
2020/2/26	7	第一班	1200米	(110-85)	好地	草地 - "A" 賽道	4	2	鄉村瑰寶(B396)	巴度	蔡約翰	128	1128	9	3/4	7 3 4	1:09.36	16	-	-	1	 	4	跑馬地	2.71							
2020/2/26	7	第一班	1200米	(110-85)	好地	草地 - "A" 賽道	5	5	激賞(A377)	潘明輝	蔡約翰	118	1019	7	3/4	3 1 5	1:09.38	14	-	-	2	 	5	跑馬地	2.71							
2020/2/26	7	第一班	1200米	(110-85)	好地	草地 - "A" 賽道	6	6	弛曜風(C028)	史卓豐	蔡約翰	118	1131	10	1-3/4	10 9 6	1:09.52	15	-	-	3	E/TT	4	跑馬地	2.71							
2020/2/26	7	第一班	1200米	(110-85)	好地	草地 - "A" 賽道	7	4	君達星(B019)	潘頓	丁冠豪	121	1181	8	2-1/2	1 2 7	1:09.62	1.5	1st Hot	-	1	 	5	跑馬地	2.71							
2020/2/26	7	第一班	1200米	(110-85)	好地	草地 - "A" 賽道	8	7	正陽清風(B343)	蔡明紹	姚本輝	116	1193	1	2-1/2	6 6 8	1:09.64	16	-	-	1	B	5	跑馬地	2.71							
2020/2/26	7	第一班	1200米	(110-85)	好地	草地 - "A" 賽道	9	3	鑽得勁(A391)	彭國年	姚本輝	124	1141	6	4-1/2	5 7 9	1:09.94	46	-	-	2	 	6	跑馬地	2.71							
2020/2/26	7	第一班	1200米	(110-85)	好地	草地 - "A" 賽道	10	10	凱倫致寶(D213)	希威森	約翰摩亞	115	1115	3	4-1/2	9 10 10	1:09.94	186	-	-	* 1	 	5	跑馬地	2.71							
2020/2/26	8	第三班	1650米	(85-60)	好地	草地 - "A" 賽道	1	5	與龍共舞(B129)	潘頓	方嘉柏	131	1081	2	-	5 3 4 1	1:39.00	2.6	1st Hot	Big(PQ)	+ 1	H-/P-/V1/TT	6	跑馬地	2.71	13.5			60.5	25.5	48.5	
2020/2/26	8	第三班	1650米	(85-60)	好地	草地 - "A" 賽道	2	10	狂舞派(B404)	蔡明紹	容天鵬	122	1068	7	2	7 6 6 2	1:39.32	3.8	2nd Hot	-	+ 1	 	5	跑馬地	2.71		14.5		60.5	25.5		51.0
2020/2/26	8	第三班	1650米	(85-60)	好地	草地 - "A" 賽道	3	4	轉數高(C007)	薛恩	賀賢	132	1182	6	2-3/4	8 8 1 3	1:39.45	9.3	-	-	1	B/XB	5	跑馬地	2.71			25.0			48.5	51.0
2020/2/26	8	第三班	1650米	(85-60)	好地	草地 - "A" 賽道	4	6	劍追風(B261)	陳嘉熙	約翰摩亞	121	1147	12	4	1 2 3 4	1:39.65	36	-	-	+ 1	TT	6	跑馬地	2.71							
2020/2/26	8	第三班	1650米	(85-60)	好地	草地 - "A" 賽道	5	3	威進駒(A326)	何澤堯	呂健威	133	1166	11	4-1/4	9 9 9 5	1:39.68	33	-	-	+ 1	 	6	跑馬地	2.71							
2020/2/26	8	第三班	1650米	(85-60)	好地	草地 - "A" 賽道	6	1	美麗滿紛(C475)	巴度	蔡約翰	133	1176	1	4-1/2	2 1 2 6	1:39.71	8	-	-	+ 1	V	4	跑馬地	2.71							
2020/2/26	8	第三班	1650米	(85-60)	好地	草地 - "A" 賽道	7	8	勤德兼備(A071)	彭國年	賀賢	128	1085	8	4-1/2	10 10 10 7	1:39.71	10	-	-	2	B	7	跑馬地	2.71							
2020/2/26	8	第三班	1650米	(85-60)	好地	草地 - "A" 賽道	8	9	軍民歡(B208)	田泰安	韋達	125	1055	9	4-3/4	11 11 11 8	1:39.77	12	-	W P Big(PQ)	* 1	B	6	跑馬地	2.71							
2020/2/26	8	第三班	1650米	(85-60)	好地	草地 - "A" 賽道	9	11	奇真(T093)	希威森	霍利時	116	1129	10	5-3/4	6 7 7 9	1:39.93	68	-	-	* 1	 	9	跑馬地	2.71							
2020/2/26	8	第三班	1650米	(85-60)	好地	草地 - "A" 賽道	10	2	綫路光輝(A402)	史卓豐	告東尼	133	1047	3	6	3 4 5 10	1:39.96	15	-	-	+ 1	H/TT	6	跑馬地	2.71							
2020/2/26	8	第三班	1650米	(85-60)	好地	草地 - "A" 賽道	11	7	哈囉嗲哋(C464)	潘明輝	丁冠豪	127	1129	5	8-1/4	4 5 8 11	1:40.32	36	-	-	+ 1	B1	4	跑馬地	2.71							
2020/2/26	8	第三班	1650米	(85-60)	好地	草地 - "A" 賽道		12	雷公鑿(V279)	黃俊	徐雨石	111	---	---	---	---	---	---	-	-	-	-	7	跑馬地	2.71							
2020/2/26	9	第三班	1200米	(85-60)	好地	草地 - "A" 賽道	1	5	聰明導彈(C037)	潘頓	蘇偉賢	130	1089	6	-	9 8 1	1:09.18	8.5	-	-	+ 1	B/TT	4	跑馬地	2.71	25.5			373.0	95.0	42.5	
2020/2/26	9	第三班	1200米	(85-60)	好地	草地 - "A" 賽道	2	6	明駿之星(C229)	史卓豐	蔡約翰	130	1167	11	1-1/2	10 11 2	1:09.42	14	-	-	1	B	4	跑馬地	2.71		29.0		373.0	95.0		51.5
2020/2/26	9	第三班	1200米	(85-60)	好地	草地 - "A" 賽道	3	8	加州得迅(D276)	梁家俊	告東尼	127	1167	3	2	1 2 3	1:09.49	2.5	1st Hot	-	+ 1	TT	3	跑馬地	2.71			13.5			42.5	51.5
2020/2/26	9	第三班	1200米	(85-60)	好地	草地 - "A" 賽道	4	11	超能量(B294)	巴度	韋達	113	1120	12	3-1/4	12 12 4	1:09.68	11	-	-	+ 1	B/XB	5	跑馬地	2.71							
2020/2/26	9	第三班	1200米	(85-60)	好地	草地 - "A" 賽道	5	10	最驫(A022)	巫顯東	沈集成	117	1186	8	3-3/4	11 10 5	1:09.79	86	-	-	* 1	B/TT	7	跑馬地	2.71							
2020/2/26	9	第三班	1200米	(85-60)	好地	草地 - "A" 賽道	6	3	年年旺(C122)	彭國年	高伯新	131	1200	5	4	8 6 6	1:09.82	10	-	-	+ 1	B/TT	5	跑馬地	2.71							
2020/2/26	9	第三班	1200米	(85-60)	好地	草地 - "A" 賽道	7	7	悅跑得(C502)	何澤堯	葉楚航	129	1150	1	5-1/4	5 4 7	1:10.00	8.2	-	-	+ 1	XB/TT	4	跑馬地	2.71							
2020/2/26	9	第三班	1200米	(85-60)	好地	草地 - "A" 賽道	8	12	翡翠劇院(A040)	黎海榮	文家良	113	1111	2	6-1/2	6 7 8	1:10.23	70	-	-	+ 1	B	6	跑馬地	2.71							
2020/2/26	9	第三班	1200米	(85-60)	好地	草地 - "A" 賽道	9	9	天地人(B403)	蔡明紹	何良	127	1136	4	6-3/4	4 5 9	1:10.24	66	-	-	1	H-/XB-/CP	4	跑馬地	2.71							
2020/2/26	9	第三班	1200米	(85-60)	好地	草地 - "A" 賽道	10	2	凱旋來(C495)	郭能	霍利時	132	1153	9	7-3/4	2 3 10	1:10.41	40	-	-	+ 1	SR/TT	4	跑馬地	2.71							
2020/2/26	9	第三班	1200米	(85-60)	好地	草地 - "A" 賽道	11	1	好好學習(C458)	田泰安	呂健威	133	1079	10	9-1/4	3 1 11	1:10.64	4.6	2nd Hot	-	1	H/TT	4	跑馬地	2.71							
2020/2/26	9	第三班	1200米	(85-60)	好地	草地 - "A" 賽道	12	4	新力寶(A379)	薛恩	約翰摩亞	131	1219	7	10-3/4	7 9 12	1:10.90	25	-	-	* 1	CP-/B1/TT1	5	跑馬地	2.71							
2020/3/1	1	第四班	1000米	(60-40)	好地	草地 - "B+2" 賽道	1	3	二話不說(C134)	潘頓	葉楚航	128	1085	14	-	9 7 1	0:56.29	3.8	2nd Hot	-	* 1	B	4	沙田	2.72	17.0			84.0	32.5	40.0	
2020/3/1	1	第四班	1000米	(60-40)	好地	草地 - "B+2" 賽道	2	2	精算八方(A221)	陳嘉熙	蔡約翰	126	1128	6	3/4	1 1 2	0:56.42	4.9	-	-	1	PC/XB	6	沙田	2.72		16.0		84.0	32.5		37.0
2020/3/1	1	第四班	1000米	(60-40)	好地	草地 - "B+2" 賽道	3	5	十二馬(D280)	何澤堯	蘇偉賢	127	1127	9	1-1/4	2 2 3	0:56.49	3.7	1st Hot	-	+ 1	 	3	沙田	2.72			16.5			40.0	37.0
2020/3/1	1	第四班	1000米	(60-40)	好地	草地 - "B+2" 賽道	4	9	旗袍老細(D207)	潘明輝	賀賢	125	1064	2	2-3/4	10 10 4	0:56.71	53	-	-	+ 1	 	3	沙田	2.72							
2020/3/1	1	第四班	1000米	(60-40)	好地	草地 - "B+2" 賽道	5	6	熱鬥車神(D152)	梁家俊	姚本輝	127	1123	1	3-1/4	5 5 5	0:56.79	10	-	-	+ 1	 	3	沙田	2.72							
2020/3/1	1	第四班	1000米	(60-40)	好地	草地 - "B+2" 賽道	6	12	甜酒杯(D247)	薛恩	方嘉柏	127	1187	4	3-1/2	7 8 6	0:56.84	164	-	-	1	TT1	3	沙田	2.72							
2020/3/1	1	第四班	1000米	(60-40)	好地	草地 - "B+2" 賽道	7	14	中華精神(D148)	楊明綸	何良	117	1112	3	4	13 11 7	0:56.94	205	-	-	1	H	3	沙田	2.72							
2020/3/1	1	第四班	1000米	(60-40)	好地	草地 - "B+2" 賽道	8	13	盛唐文心(C390)	田泰安	霍利時	119	1014	11	5-1/4	12 12 8	0:57.13	86	-	-	+ 1	TT	3	沙田	2.72							
2020/3/1	1	第四班	1000米	(60-40)	好地	草地 - "B+2" 賽道	9	11	極速奔馳(D262)	黎海榮	姚本輝	127	1179	13	5-1/4	6 3 9	0:57.14	19	-	-	2	 	3	沙田	2.72							
2020/3/1	1	第四班	1000米	(60-40)	好地	草地 - "B+2" 賽道	10	1	叫關健康(A064)	郭能	文家良	133	1042	12	5-1/2	4 4 10	0:57.17	6.3	-	-	+ 1	B	6	沙田	2.72							
2020/3/1	1	第四班	1000米	(60-40)	好地	草地 - "B+2" 賽道	11	7	美滿將來(D115)	史卓豐	苗禮德	127	1091	7	5-3/4	14 14 11	0:57.21	10	-	-	+ 1	B1	3	沙田	2.72							
2020/3/1	1	第四班	1000米	(60-40)	好地	草地 - "B+2" 賽道	12	10	股票傳奇(D039)	巴度	丁冠豪	127	1114	8	7	8 6 12	0:57.40	34	-	-	+ 1	B/H1	3	沙田	2.72							
2020/3/1	1	第四班	1000米	(60-40)	好地	草地 - "B+2" 賽道	13	8	進優(D011)	巫顯東	徐雨石	124	1087	5	8-1/2	3 9 13	0:57.67	350	-	-	1	H1	4	沙田	2.72							
2020/3/1	1	第四班	1000米	(60-40)	好地	草地 - "B+2" 賽道	14	4	冰雪聰明(D103)	希威森	葉楚航	127	1031	10	9-1/4	11 13 14	0:57.77	164	-	-	2	XB1/TT1	3	沙田	2.72							
2020/3/1	2	第五班	1600米	(40-0)	好地	草地 - "B+2" 賽道	1	9	帝豪寶駒(C035)	潘頓	蘇偉賢	130	1165	2	-	1 2 2 1	1:35.07	2.9	1st Hot	-	+ 1	PC-/B2/TT	5	沙田	2.72	13.5			72.0	28.5	99.5	
2020/3/1	2	第五班	1600米	(40-0)	好地	草地 - "B+2" 賽道	2	5	君臨大地(V192)	田泰安	何良	131	992	5	頭位	6 6 6 2	1:35.09	4.1	2nd Hot	-	+ 1	SR/TT	8	沙田	2.72		17.0		72.0	28.5		119.5
2020/3/1	2	第五班	1600米	(40-0)	好地	草地 - "B+2" 賽道	3	1	暴風俠(A123)	蔡明紹	葉楚航	133	1145	9	頸位	11 10 9 3	1:35.11	21	-	-	2	 	6	沙田	2.72			53.5			99.5	119.5
2020/3/1	2	第五班	1600米	(40-0)	好地	草地 - "B+2" 賽道	4	14	非同凡響(B242)	楊明綸	呂健威	113	1038	8	1-3/4	7 9 8 4	1:35.35	72	-	-	1	B/H/XB/TT	5	沙田	2.72							
2020/3/1	2	第五班	1600米	(40-0)	好地	草地 - "B+2" 賽道	5	7	利之喜(A405)	郭能	蘇保羅	131	1178	11	2-3/4	3 3 3 5	1:35.51	6.6	-	-	* 1	B	5	沙田	2.72							
2020/3/1	2	第五班	1600米	(40-0)	好地	草地 - "B+2" 賽道	6	2	放馬過來(V407)	史卓豐	葉楚航	132	1136	6	3-1/4	4 4 4 6	1:35.58	5.8	-	-	+ 1	TT	7	沙田	2.72							
2020/3/1	2	第五班	1600米	(40-0)	好地	草地 - "B+2" 賽道	7	13	財帥(B134)	希威森	霍利時	115	1144	12	4-1/2	2 1 1 7	1:35.78	22	-	-	1	BO-/B2	5	沙田	2.72							
2020/3/1	2	第五班	1600米	(40-0)	好地	草地 - "B+2" 賽道	8	11	葵涌老友(A012)	潘明輝	高伯新	120	1179	3	5	5 7 5 8	1:35.87	41	-	-	+ 1	B	7	沙田	2.72							
2020/3/1	2	第五班	1600米	(40-0)	好地	草地 - "B+2" 賽道	9	4	潮州小子(T412)	梁家俊	容天鵬	132	1196	1	6-1/4	12 13 12 9	1:36.07	20	-	-	+ 1	TT	8	沙田	2.72							
2020/3/1	2	第五班	1600米	(40-0)	好地	草地 - "B+2" 賽道	10	6	跑得威(C127)	巴度	沈集成	131	1093	7	8	10 11 13 10	1:36.33	11	-	-	+ 1	B/TT	5	沙田	2.72							
2020/3/1	2	第五班	1600米	(40-0)	好地	草地 - "B+2" 賽道	11	10	太陽多多(C171)	黎海榮	文家良	123	1110	10	8-1/4	9 8 10 11	1:36.37	84	-	-	1	B-/V1/TT	-	沙田	2.72							
2020/3/1	2	第五班	1600米	(40-0)	好地	草地 - "B+2" 賽道	12	8	黃金元帥(A346)	巫顯東	丁冠豪	127	1180	14	8-1/4	8 5 7 12	1:36.40	210	-	-	1	CP	6	沙田	2.72							
2020/3/1	2	第五班	1600米	(40-0)	好地	草地 - "B+2" 賽道	13	12	萬里威揚(A055)	黃俊	徐雨石	117	1045	13	8-3/4	13 12 11 13	1:36.47	36	-	-	+ 1	B	7	沙田	2.72							
2020/3/1	2	第五班	1600米	(40-0)	好地	草地 - "B+2" 賽道		3	真跑得(A220)	何澤堯	方嘉柏	132	---	---	---	---	---	---	-	-	-	-	5	沙田	2.72							
2020/3/1	3	第四班	1400米	(60-40)	好地	草地 - "B+2" 賽道	1	7	真妙星(C059)	史卓豐	苗禮德	126	1186	1	-	6 4 3 1	1:21.64	11	-	-	1	B2	5	沙田	2.72	35.0			3373.0	966.0	75.0	
2020/3/1	3	第四班	1400米	(60-40)	好地	草地 - "B+2" 賽道	2	14	自然君子(C089)	希威森	方嘉柏	118	1167	9	4-3/4	12 10 9 2	1:22.40	81	-	-	1	B/H	5	沙田	2.72		134.0		3373.0	966.0		257.5
2020/3/1	3	第四班	1400米	(60-40)	好地	草地 - "B+2" 賽道	3	12	紅旺(C341)	巴度	葉楚航	122	1186	11	4-3/4	8 5 1 3	1:22.41	3.4	2nd Hot	-	+ 1	H/TT	4	沙田	2.72			13.5			75.0	257.5
2020/3/1	3	第四班	1400米	(60-40)	好地	草地 - "B+2" 賽道	4	13	神期大帝(D107)	田泰安	告東尼	120	1069	3	5	1 2 2 4	1:22.45	37	-	-	1	H/CP1/TT	3	沙田	2.72							
2020/3/1	3	第四班	1400米	(60-40)	好地	草地 - "B+2" 賽道	5	11	特醒(C060)	薛恩	韋達	123	1166	6	5-3/4	11 12 10 5	1:22.57	7.9	-	-	* 1	P-/B2/XB2	5	沙田	2.72							
2020/3/1	3	第四班	1400米	(60-40)	好地	草地 - "B+2" 賽道	6	6	英明勇將(T348)	何澤堯	呂健威	127	1061	14	6-3/4	13 13 13 6	1:22.71	11	-	-	+ 1	H/B1	8	沙田	2.72							
2020/3/1	3	第四班	1400米	(60-40)	好地	草地 - "B+2" 賽道	7	1	天生一對(C027)	潘頓	蘇偉賢	133	1086	2	7	7 9 7 7	1:22.75	3	1st Hot	-	1	CP	5	沙田	2.72							
2020/3/1	3	第四班	1400米	(60-40)	好地	草地 - "B+2" 賽道	8	9	是必飛飛(D121)	楊明綸	容天鵬	125	1285	5	7-3/4	10 7 5 8	1:22.88	9.6	-	-	1	 	3	沙田	2.72							
2020/3/1	3	第四班	1400米	(60-40)	好地	草地 - "B+2" 賽道	9	5	紅衣震撼(C366)	郭能	蘇保羅	127	1030	12	8	3 3 4 9	1:22.91	99	-	-	* 1	 	4	沙田	2.72							
2020/3/1	3	第四班	1400米	(60-40)	好地	草地 - "B+2" 賽道	10	4	海島材子(D219)	蔡明紹	姚本輝	127	1063	7	9-1/4	9 11 11 10	1:23.11	31	-	-	1	 	3	沙田	2.72							
2020/3/1	3	第四班	1400米	(60-40)	好地	草地 - "B+2" 賽道	11	2	長友之星(B251)	梁家俊	何良	131	1119	10	9-1/4	5 8 8 11	1:23.11	16	-	-	1	P	6	沙田	2.72							
2020/3/1	3	第四班	1400米	(60-40)	好地	草地 - "B+2" 賽道	12	3	靚紫荊(A135)	黃皓楠	徐雨石	126	1068	8	10-1/2	14 14 14 12	1:23.31	43	-	-	* 1	B	7	沙田	2.72							
2020/3/1	3	第四班	1400米	(60-40)	好地	草地 - "B+2" 賽道	13	10	又夠威(C467)	潘明輝	沈集成	122	1066	4	10-1/2	4 6 6 13	1:23.33	92	-	-	* 1	TT	4	沙田	2.72							
2020/3/1	3	第四班	1400米	(60-40)	好地	草地 - "B+2" 賽道	14	8	真開心(D076)	黎海榮	文家良	125	1073	13	63	2 1 12 14	1:31.71	191	-	-	+ 1	B	4	沙田	2.72							
2020/3/1	4	第四班	1200米	(60-40)	好地	草地 - "B+2" 賽道	1	5	年年豐收(D180)	史卓豐	姚本輝	127	1120	5	-	1 1 1	1:09.44	3.5	2nd Hot	-	+ 1	 	3	沙田	2.72	13.5			47.0	24.5	42.0	
2020/3/1	4	第四班	1200米	(60-40)	好地	草地 - "B+2" 賽道	2	3	北極光(D105)	潘頓	賀賢	127	1111	10	2	5 5 2	1:09.77	2.6	1st Hot	-	+ 1	 	3	沙田	2.72		15.0		47.0	24.5		34.0
2020/3/1	4	第四班	1200米	(60-40)	好地	草地 - "B+2" 賽道	3	1	量化歡騰(D049)	蔡明紹	韋達	133	1133	6	2-1/4	3 2 3	1:09.79	6.9	-	-	+ 1	XB/B1	4	沙田	2.72			19.0			42.0	34.0
2020/3/1	4	第四班	1200米	(60-40)	好地	草地 - "B+2" 賽道	4	10	箭意(D106)	薛恩	蘇保羅	125	1176	13	4	10 11 4	1:10.09	30	-	-	+ 1	 	4	沙田	2.72							
2020/3/1	4	第四班	1200米	(60-40)	好地	草地 - "B+2" 賽道	5	12	勇敢神駒(C066)	潘明輝	告東尼	122	1067	12	4-1/4	7 8 5	1:10.11	60	-	-	+ 1	B/TT	5	沙田	2.72							
2020/3/1	4	第四班	1200米	(60-40)	好地	草地 - "B+2" 賽道	6	8	辣得驕(D159)	楊明綸	呂健威	127	1015	3	5	8 7 6	1:10.25	185	-	-	+ 1	 	3	沙田	2.72							
2020/3/1	4	第四班	1200米	(60-40)	好地	草地 - "B+2" 賽道	7	2	泰益善(B358)	黎海榮	沈集成	128	1080	8	5-3/4	12 13 7	1:10.35	58	-	-	* 1	B/TT	5	沙田	2.72							
2020/3/1	4	第四班	1200米	(60-40)	好地	草地 - "B+2" 賽道	8	13	連連行運(C441)	巴度	蔡約翰	124	1096	14	5-3/4	14 12 8	1:10.36	11	-	-	+ 1	B	4	沙田	2.72							
2020/3/1	4	第四班	1200米	(60-40)	好地	草地 - "B+2" 賽道	9	4	兩全其美(D205)	郭能	方嘉柏	127	1179	7	5-3/4	9 9 9	1:10.36	203	-	-	+ 1	 	3	沙田	2.72							
2020/3/1	4	第四班	1200米	(60-40)	好地	草地 - "B+2" 賽道	10	11	惜多福(A323)	黃俊	苗禮德	120	1234	9	6-1/4	2 3 10	1:10.46	27	-	-	+ 1	B	6	沙田	2.72							
2020/3/1	4	第四班	1200米	(60-40)	好地	草地 - "B+2" 賽道	11	7	進優自在(D258)	巫顯東	徐雨石	124	995	11	6-3/4	13 14 11	1:10.53	238	-	-	+ 1	 	3	沙田	2.72							
2020/3/1	4	第四班	1200米	(60-40)	好地	草地 - "B+2" 賽道	12	14	東方雷(C500)	梁家俊	何良	121	1044	2	7-1/4	11 10 12	1:10.60	9	-	-	+ 1	H/TT	4	沙田	2.72							
2020/3/1	4	第四班	1200米	(60-40)	好地	草地 - "B+2" 賽道	13	9	祥勝寶駒(D154)	田泰安	鄭俊偉	126	1021	4	7-3/4	6 6 13	1:10.69	12	-	-	+ 1	CP	3	沙田	2.72							
2020/3/1	4	第四班	1200米	(60-40)	好地	草地 - "B+2" 賽道	14	6	幸運勝駒(C514)	陳嘉熙	丁冠豪	120	1163	1	12	4 4 14	1:11.35	159	-	-	* 1	TT1	3	沙田	2.72							
2020/3/1	5	第四班	1600米	(60-40)	好地	草地 - "B+2" 賽道	1	2	開懷大少(A278)	薛恩	文家良	132	1157	9	-	4 5 4 1	1:35.51	4.4	2nd Hot	-	1	B/TT	6	沙田	2.72	17.5			85.0	34.5	178.0	
2020/3/1	5	第四班	1600米	(60-40)	好地	草地 - "B+2" 賽道	2	1	環翠戰士(A187)	郭能	蘇保羅	133	1078	6	短馬頭位	8 6 6 2	1:35.53	3.6	1st Hot	-	+ 1	B	6	沙田	2.72		16.0		85.0	34.5		108.0
2020/3/1	5	第四班	1600米	(60-40)	好地	草地 - "B+2" 賽道	3	9	機智之星(D021)	潘明輝	姚本輝	120	946	4	1-1/2	9 10 10 3	1:35.74	16	-	-	1	H	4	沙田	2.72			48.5			178.0	108.0
2020/3/1	5	第四班	1600米	(60-40)	好地	草地 - "B+2" 賽道	4	11	天天精彩(C414)	潘頓	告東尼	120	1103	12	1-1/2	14 13 12 4	1:35.75	6.1	-	-	1	CP/H/TT	4	沙田	2.72							
2020/3/1	5	第四班	1600米	(60-40)	好地	草地 - "B+2" 賽道	5	13	至叻仔(D013)	梁家俊	蘇偉賢	117	1165	5	1-1/2	10 9 9 5	1:35.76	44	-	-	* 1	B	4	沙田	2.72							
2020/3/1	5	第四班	1600米	(60-40)	好地	草地 - "B+2" 賽道	6	5	鑽飾神聖(A419)	蔡明紹	苗禮德	124	1215	1	2	7 8 7 6	1:35.82	10	-	-	1	 	6	沙田	2.72							
2020/3/1	5	第四班	1600米	(60-40)	好地	草地 - "B+2" 賽道	7	4	寶得住(C125)	田泰安	葉楚航	124	1020	11	2-1/4	12 11 11 7	1:35.87	10	-	-	* 1	XB/TT	5	沙田	2.72							
2020/3/1	5	第四班	1600米	(60-40)	好地	草地 - "B+2" 賽道	8	12	表表馬(C233)	黎海榮	丁冠豪	118	1097	10	4	1 1 1 8	1:36.14	100	-	-	1	B/TT	4	沙田	2.72							
2020/3/1	5	第四班	1600米	(60-40)	好地	草地 - "B+2" 賽道	9	3	尖子(C266)	巫顯東	徐雨石	128	1088	8	4-1/4	3 4 3 9	1:36.20	52	-	-	1	SR	5	沙田	2.72							
2020/3/1	5	第四班	1600米	(60-40)	好地	草地 - "B+2" 賽道	10	6	快活一番(D037)	希威森	韋達	123	1274	13	7	5 3 5 10	1:36.61	70	-	-	1	P	3	沙田	2.72							
2020/3/1	5	第四班	1600米	(60-40)	好地	草地 - "B+2" 賽道	11	8	時尚傳奇(D012)	楊明綸	容天鵬	123	1129	7	7	13 14 13 11	1:36.62	78	-	-	* 1	CP1/TT	4	沙田	2.72							
2020/3/1	5	第四班	1600米	(60-40)	好地	草地 - "B+2" 賽道	12	10	威威高星(D101)	黃皓楠	賀賢	118	1131	14	9-1/4	2 2 2 12	1:36.97	228	-	-	1	H-/B1	3	沙田	2.72							
2020/3/1	5	第四班	1600米	(60-40)	好地	草地 - "B+2" 賽道	13	7	新界之星(A081)	史卓豐	鄭俊偉	123	1033	2	10-1/2	6 7 8 13	1:37.19	19	-	-	1	TT2	6	沙田	2.72							
2020/3/1	5	第四班	1600米	(60-40)	好地	草地 - "B+2" 賽道	14	14	七寶(B314)	巴度	約翰摩亞	117	1096	3	多個馬位	11 12 14 14	1:56.00	6.3	-	-	+ 1	B/TT	-	沙田	2.72							
2020/3/1	6	第三班	1000米	(80-60)	好地	草地 - "B+2" 賽道	1	8	奮鬥同心(C314)	陳嘉熙	姚本輝	114	1149	1	-	2 2 1	0:56.20	13	-	-	1	H/TT1	4	沙田	2.72	31.0			100.5	46.0	516.5	
2020/3/1	6	第三班	1000米	(80-60)	好地	草地 - "B+2" 賽道	2	14	無敵勇士(C483)	蔡明紹	文家良	115	1230	5	1/2	1 1 2	0:56.28	1.8	1st Hot	-	1	 	3	沙田	2.72		13.5		100.5	46.0		99.0
2020/3/1	6	第三班	1000米	(80-60)	好地	草地 - "B+2" 賽道	3	11	辣臣(D199)	希威森	約翰摩亞	118	984	10	3/4	5 3 3	0:56.33	40	-	-	+ 1	CP	3	沙田	2.72			57.0			516.5	99.0
2020/3/1	6	第三班	1000米	(80-60)	好地	草地 - "B+2" 賽道	4	1	事事亨通(D174)	郭能	高伯新	131	1229	11	3	8 6 4	0:56.67	6.9	-	-	+ 1	XB	4	沙田	2.72							
2020/3/1	6	第三班	1000米	(80-60)	好地	草地 - "B+2" 賽道	5	4	和氣生財(D110)	田泰安	蘇偉賢	128	1076	4	4-1/4	12 5 5	0:56.86	6.6	2nd Hot	-	1	 	3	沙田	2.72							
2020/3/1	6	第三班	1000米	(80-60)	好地	草地 - "B+2" 賽道	6	3	金匯昇(C010)	巴度	蔡約翰	129	1086	8	6	11 10 6	0:57.15	21	-	-	+ 1	 	4	沙田	2.72							
2020/3/1	6	第三班	1000米	(80-60)	好地	草地 - "B+2" 賽道	7	9	勁進(D195)	梁家俊	韋達	119	1149	14	6-3/4	14 14 7	0:57.26	95	-	-	1	B1/XB1	3	沙田	2.72							
2020/3/1	6	第三班	1000米	(80-60)	好地	草地 - "B+2" 賽道	8	12	霸勝(A270)	潘明輝	葉楚航	115	1291	13	6-3/4	6 4 8	0:57.29	21	-	-	* 1	B/TT	6	沙田	2.72							
2020/3/1	6	第三班	1000米	(80-60)	好地	草地 - "B+2" 賽道	9	2	大武士(B216)	薛恩	沈集成	130	1152	6	8-3/4	3 8 9	0:57.58	32	-	-	+ 1	TT	6	沙田	2.72							
2020/3/1	6	第三班	1000米	(80-60)	好地	草地 - "B+2" 賽道	10	10	龍鑽輝煌(D143)	史卓豐	告東尼	119	1135	9	11-1/2	4 9 10	0:58.05	47	-	-	+ 1	B/TT	3	沙田	2.72							
2020/3/1	6	第三班	1000米	(80-60)	好地	草地 - "B+2" 賽道	11	5	更跑得(C400)	黃皓楠	霍利時	124	1090	7	11-3/4	13 13 11	0:58.07	234	-	-	1	SR1	4	沙田	2.72							
2020/3/1	6	第三班	1000米	(80-60)	好地	草地 - "B+2" 賽道	12	7	陽明酷酷(C259)	楊明綸	方嘉柏	122	1070	3	13-1/4	10 12 12	0:58.31	322	-	-	+ 1	CP-/H/TT	4	沙田	2.72							
2020/3/1	6	第三班	1000米	(80-60)	好地	草地 - "B+2" 賽道	13	6	有毅君子(D230)	潘頓	鄭俊偉	122	1259	2	13-1/2	9 7 13	0:58.34	9.1	-	-	+ 1	CP1/TT1	4	沙田	2.72							
2020/3/1	6	第三班	1000米	(80-60)	好地	草地 - "B+2" 賽道	14	13	騷哥利(C430)	巫顯東	徐雨石	112	991	12	14-1/4	7 11 14	0:58.47	346	-	-	1	TT1	5	沙田	2.72							
2020/3/1	7	第三班	1400米	(80-60)	好地	草地 - "B+2" 賽道	1	2	電路三號(B360)	史卓豐	告東尼	130	1115	1	-	8 8 6 1	1:21.83	2	1st Hot	-	1	B/TT	5	沙田	2.72	11.5			41.5	18.5	27.0	
2020/3/1	7	第三班	1400米	(80-60)	好地	草地 - "B+2" 賽道	2	4	喜佳龍(B377)	潘頓	蘇偉賢	128	1172	2	頸位	7 7 7 2	1:21.88	3.8	2nd Hot	-	1	XB/TT	5	沙田	2.72		13.0		41.5	18.5		36.0
2020/3/1	7	第三班	1400米	(80-60)	好地	草地 - "B+2" 賽道	3	10	健康在望(C172)	田泰安	苗禮德	120	1005	3	頸位	10 10 11 3	1:21.89	6.7	-	-	1	B	4	沙田	2.72			20.0			27.0	36.0
2020/3/1	7	第三班	1400米	(80-60)	好地	草地 - "B+2" 賽道	4	1	一拍即合(B402)	黃俊	方嘉柏	128	1181	6	1	5 4 5 4	1:22.00	13	-	-	1	B/TT	5	沙田	2.72							
2020/3/1	7	第三班	1400米	(80-60)	好地	草地 - "B+2" 賽道	5	13	精算齊同(B102)	黃皓楠	呂健威	112	1186	8	1-1/2	11 12 12 5	1:22.08	129	-	-	2	CP	6	沙田	2.72							
2020/3/1	7	第三班	1400米	(80-60)	好地	草地 - "B+2" 賽道	6	6	南莊加好(C025)	楊明綸	丁冠豪	125	1095	4	1-3/4	4 5 4 6	1:22.10	11	-	-	1	H	5	沙田	2.72							
2020/3/1	7	第三班	1400米	(80-60)	好地	草地 - "B+2" 賽道	7	8	佳運來(T380)	黎海榮	徐雨石	121	1024	7	2	13 13 10 7	1:22.17	27	-	-	1	B2	8	沙田	2.72							
2020/3/1	7	第三班	1400米	(80-60)	好地	草地 - "B+2" 賽道	8	7	勇闖者(A030)	郭能	蔡約翰	124	1117	10	3-1/2	9 9 9 8	1:22.40	53	-	-	2	P/TT	-	沙田	2.72							
2020/3/1	7	第三班	1400米	(80-60)	好地	草地 - "B+2" 賽道	9	11	獎金大王(B433)	蔡明紹	葉楚航	119	1148	5	4-1/4	1 3 3 9	1:22.51	17	-	-	1	 	5	沙田	2.72							
2020/3/1	7	第三班	1400米	(80-60)	好地	草地 - "B+2" 賽道	10	5	紅旗星將(A049)	希威森	蘇保羅	127	1213	12	5-1/2	3 2 2 10	1:22.72	73	-	-	1	B	6	沙田	2.72							
2020/3/1	7	第三班	1400米	(80-60)	好地	草地 - "B+2" 賽道	11	14	清新動力(B067)	巫顯東	徐雨石	112	1011	9	5-3/4	6 6 8 11	1:22.75	156	-	-	3	B/TT	6	沙田	2.72							
2020/3/1	7	第三班	1400米	(80-60)	好地	草地 - "B+2" 賽道	12	3	嶺寶峯(B333)	陳嘉熙	徐雨石	112	1052	13	7	2 1 1 12	1:22.96	158	-	-		B-	6	沙田	2.72							
2020/3/1	7	第三班	1400米	(80-60)	好地	草地 - "B+2" 賽道	13	9	路路富貴(C442)	梁家俊	何良	120	1012	11	8-1/2	12 11 13 13	1:23.20	409	-	-	1	H/TT	4	沙田	2.72							
2020/3/1	7	第三班	1400米	(80-60)	好地	草地 - "B+2" 賽道		12	承你所願(A178)	巴度	韋達	118	---	---	---	---	---	---	-	-	-	-	6	沙田	2.72							
2020/3/1	7	第三班	1400米	(80-60)	好地	草地 - "B+2" 賽道			威闖(D168)	薛恩	約翰摩亞	128	---	---	---	---	---	---	-	-	-	-	4	沙田	2.72							
2020/3/1	8	第三班	1200米	(80-60)	好地	草地 - "B+2" 賽道	1	14	電子群星(C132)	黎海榮	文家良	116	1032	10	-	3 3 1	1:09.02	20	-	-	1	H	4	沙田	2.72	32.5			978.5	234.5	1232.5	
2020/3/1	8	第三班	1200米	(80-60)	好地	草地 - "B+2" 賽道	2	6	大俠士(C373)	薛恩	沈集成	123	1119	7	頸位	1 1 2	1:09.08	11	-	-	1	XB-/TT	5	沙田	2.72		25.0		978.5	234.5		816.0
2020/3/1	8	第三班	1200米	(80-60)	好地	草地 - "B+2" 賽道	3	13	快樂歡騰(B272)	蔡明紹	蘇偉賢	117	1152	5	2	2 2 3	1:09.35	104	-	-	* 1	TT	6	沙田	2.72			154.0			1232.5	816.0
2020/3/1	8	第三班	1200米	(80-60)	好地	草地 - "B+2" 賽道	4	11	開心人生(C065)	希威森	呂健威	119	1241	8	2	11 10 4	1:09.36	7.3	-	-	1	H/XB/TT	4	沙田	2.72							
2020/3/1	8	第三班	1200米	(80-60)	好地	草地 - "B+2" 賽道	5	9	駿皇星(D144)	潘頓	約翰摩亞	121	1095	6	4	9 7 5	1:09.66	9.1	-	-	* 1	XB/TT	4	沙田	2.72							
2020/3/1	8	第三班	1200米	(80-60)	好地	草地 - "B+2" 賽道	6	3	魅影揚飛(A354)	田泰安	姚本輝	126	1206	11	4-1/4	8 9 6	1:09.71	9.7	-	W P Big(PQ)	* 1	B	5	沙田	2.72							
2020/3/1	8	第三班	1200米	(80-60)	好地	草地 - "B+2" 賽道	7	12	首飾大聖(B378)	史卓豐	蔡約翰	119	1087	13	5	13 13 7	1:09.82	80	-	-	1	 	5	沙田	2.72							
2020/3/1	8	第三班	1200米	(80-60)	好地	草地 - "B+2" 賽道	8	1	曈曨光彩(D188)	巫顯東	告東尼	130	1031	2	5-1/4	7 8 8	1:09.85	110	-	-	1	CP/TT	4	沙田	2.72							
2020/3/1	8	第三班	1200米	(80-60)	好地	草地 - "B+2" 賽道	9	10	好好彩彩(B188)	梁家俊	蘇偉賢	120	1219	1	5-1/4	4 4 9	1:09.87	3.8	2nd Hot	-	2	 	5	沙田	2.72							
2020/3/1	8	第三班	1200米	(80-60)	好地	草地 - "B+2" 賽道	10	4	成才(B085)	黃俊	方嘉柏	120	1185	4	6-1/2	5 6 10	1:10.07	98	-	-	1	B	6	沙田	2.72							
2020/3/1	8	第三班	1200米	(80-60)	好地	草地 - "B+2" 賽道	11	7	愛逍遙(D190)	黃皓楠	徐雨石	120	1045	3	6-1/2	6 5 11	1:10.08	469	-	-	1	H1	4	沙田	2.72							
2020/3/1	8	第三班	1200米	(80-60)	好地	草地 - "B+2" 賽道	12	2	輝煌芯(D055)	巴度	韋達	129	1096	12	8-1/4	12 11 12	1:10.34	2.4	1st Hot	Big(PQ)	1	XB	4	沙田	2.72							
2020/3/1	8	第三班	1200米	(80-60)	好地	草地 - "B+2" 賽道	13	5	老表醒(D249)	潘明輝	葉楚航	123	1020	9	10	10 12 13	1:10.62	217	-	-	* 1	 	4	沙田	2.72							
2020/3/1	8	第三班	1200米	(80-60)	好地	草地 - "B+2" 賽道		8	嘉應傳奇(B234)	楊明綸	容天鵬	122	---	---	---	---	---	---	-	-	-	-	5	沙田	2.72							
2020/3/1	9	第三班	1400米	(80-60)	好地	草地 - "B+2" 賽道	1	8	傳奇(V357)	潘明輝	呂健威	118	1148	8	-	1 1 1 1	1:21.92	42	-	-	1	B/TT	7	沙田	2.72	61.0			1177.5	255.5	336.5	
2020/3/1	9	第三班	1400米	(80-60)	好地	草地 - "B+2" 賽道	2	9	智力寶(B311)	史卓豐	蔡約翰	119	1184	2	3/4	8 11 6 2	1:22.05	8.8	-	-	1	 	5	沙田	2.72		21.5		1177.5	255.5		108.0
2020/3/1	9	第三班	1400米	(80-60)	好地	草地 - "B+2" 賽道	3	6	歡樂小子(S235)	潘頓	文家良	121	1284	9	1-1/2	4 7 3 3	1:22.17	12	-	-	1	V	9	沙田	2.72			26.0			336.5	108.0
2020/3/1	9	第三班	1400米	(80-60)	好地	草地 - "B+2" 賽道	4	11	湛江最醒(B406)	梁家俊	蘇偉賢	118	1060	6	1-3/4	13 13 10 4	1:22.19	69	-	-	2	TT	5	沙田	2.72							
2020/3/1	9	第三班	1400米	(80-60)	好地	草地 - "B+2" 賽道	5	12	正本開心(C227)	田泰安	羅富全	117	1160	13	1-3/4	10 12 11 5	1:22.21	5.3	2nd Hot	-	+ 1	CP/TT	4	沙田	2.72							
2020/3/1	9	第三班	1400米	(80-60)	好地	草地 - "B+2" 賽道	6	10	進力之城(D113)	蔡明紹	韋達	118	1047	1	2-3/4	5 3 4 6	1:22.36	62	-	-	3	P-/CP2/SR2	4	沙田	2.72							
2020/3/1	9	第三班	1400米	(80-60)	好地	草地 - "B+2" 賽道	7	13	好友益(T265)	黃皓楠	徐雨石	112	1050	4	3	3 5 7 7	1:22.41	79	-	-	2	B	7	沙田	2.72							
2020/3/1	9	第三班	1400米	(80-60)	好地	草地 - "B+2" 賽道	8	1	廣陵王(C148)	巴度	韋達	133	1083	5	3-1/4	12 8 8 8	1:22.43	1.5	1st Hot	-	1	XB	4	沙田	2.72							
2020/3/1	9	第三班	1400米	(80-60)	好地	草地 - "B+2" 賽道	9	3	精準快車(D198)	黎海榮	姚本輝	128	1034	11	3-1/4	14 14 13 9	1:22.44	165	-	-	1	 	4	沙田	2.72							
2020/3/1	9	第三班	1400米	(80-60)	好地	草地 - "B+2" 賽道	10	4	忠心美麗(B383)	薛恩	告東尼	126	1105	10	4	2 2 2 10	1:22.56	27	-	-	2	B/TT	5	沙田	2.72							
2020/3/1	9	第三班	1400米	(80-60)	好地	草地 - "B+2" 賽道	11	7	鑽飛龍(D111)	楊明綸	容天鵬	120	1224	3	4-3/4	7 10 9 11	1:22.67	401	-	-	1	TT	4	沙田	2.72							
2020/3/1	9	第三班	1400米	(80-60)	好地	草地 - "B+2" 賽道	12	5	騰龍駒(B349)	希威森	苗禮德	126	1104	14	9-1/2	11 9 14 12	1:23.46	140	-	-	2	B/TT1	5	沙田	2.72							
2020/3/1	9	第三班	1400米	(80-60)	好地	草地 - "B+2" 賽道	13	2	安喜(V338)	陳嘉熙	約翰摩亞	122	1117	7	10	6 4 5 13	1:23.53	19	-	-	1	B/TT	-	沙田	2.72							
2020/3/1	9	第三班	1400米	(80-60)	好地	草地 - "B+2" 賽道	14	14	一見傾心(B401)	黃俊	蘇保羅	109	1204	12	11-1/2	9 6 12 14	1:23.75	94	-	-	2	B	5	沙田	2.72							
2020/3/1	10	第二班	1400米	(100-80)	好地	草地 - "B+2" 賽道	1	7	聚才(D108)	巴度	韋達	123	1205	2	-	2 3 4 1	1:21.12	2.5	1st Hot	-	+ 1	 	4	沙田	2.72	13.0			65.0	30.0	88.5	
2020/3/1	10	第二班	1400米	(100-80)	好地	草地 - "B+2" 賽道	2	1	駿龍駒(D129)	潘頓	羅富全	131	1053	8	頸位	4 5 3 2	1:21.19	4.8	2nd Hot	-	+ 1	H1/TT	4	沙田	2.72		17.5		65.0	30.0		107.0
2020/3/1	10	第二班	1400米	(100-80)	好地	草地 - "B+2" 賽道	3	13	馬友冠(C299)	史卓豐	霍利時	119	1061	14	1/2	7 6 7 3	1:21.23	18	-	-	+ 1	 	5	沙田	2.72			45.0			88.5	107.0
2020/3/1	10	第二班	1400米	(100-80)	好地	草地 - "B+2" 賽道	4	9	健快聯盟(C135)	蔡明紹	蘇保羅	121	1181	1	1-1/2	8 7 6 4	1:21.35	9.4	-	-	* 1	 	5	沙田	2.72							
2020/3/1	10	第二班	1400米	(100-80)	好地	草地 - "B+2" 賽道	5	10	飈驥(C160)	梁家俊	丁冠豪	120	1114	6	1-3/4	13 11 9 5	1:21.41	33	-	-	+ 1	B/TT	5	沙田	2.72							
2020/3/1	10	第二班	1400米	(100-80)	好地	草地 - "B+2" 賽道	6	12	標準猴王(B244)	希威森	約翰摩亞	120	1223	10	2	3 2 2 6	1:21.45	34	-	-	* 1	 	5	沙田	2.72							
2020/3/1	10	第二班	1400米	(100-80)	好地	草地 - "B+2" 賽道	7	11	競技勇士(B285)	潘明輝	葉楚航	118	1177	9	2-1/4	10 9 10 7	1:21.49	67	-	-	* 1	TT	5	沙田	2.72							
2020/3/1	10	第二班	1400米	(100-80)	好地	草地 - "B+2" 賽道	8	14	蒙古王(A098)	黎海榮	徐雨石	119	1133	4	2-3/4	12 12 12 8	1:21.58	25	-	-	1	B	7	沙田	2.72							
2020/3/1	10	第二班	1400米	(100-80)	好地	草地 - "B+2" 賽道	9	8	超新星(B380)	田泰安	苗禮德	122	1087	12	3-3/4	11 13 11 9	1:21.73	14	-	-	1	 	5	沙田	2.72							
2020/3/1	10	第二班	1400米	(100-80)	好地	草地 - "B+2" 賽道	10	5	綠彩威利(D264)	薛恩	告東尼	123	1014	3	4-1/2	9 10 13 10	1:21.85	58	-	-	1	TT1	4	沙田	2.72							
2020/3/1	10	第二班	1400米	(100-80)	好地	草地 - "B+2" 賽道	11	6	真益善(D268)	巫顯東	沈集成	120	1066	13	6	14 14 14 11	1:22.10	450	-	-	* 1	B/TT	4	沙田	2.72							
2020/3/1	10	第二班	1400米	(100-80)	好地	草地 - "B+2" 賽道	12	4	蟲草之星(B070)	楊明綸	呂健威	123	1180	11	7-1/4	5 4 5 12	1:22.28	11	-	-	1	B	5	沙田	2.72							
2020/3/1	10	第二班	1400米	(100-80)	好地	草地 - "B+2" 賽道	13	3	精算閃擊(B147)	黃皓楠	蔡約翰	121	1137	5	7-3/4	1 1 1 13	1:22.36	101	-	-	* 1	H	6	沙田	2.72							
2020/3/1	10	第二班	1400米	(100-80)	好地	草地 - "B+2" 賽道	14	2	友好日子(C054)	郭能	姚本輝	125	1094	7	14-1/4	6 8 8 14	1:23.39	6.2	-	-	1	XB1	5	沙田	2.72							
2020/3/4	1	第五班	1000米	(40-0)	好地	草地 - "B" 賽道	1	7	濃有(C244)	史卓豐	文家良	126	1106	10	-	5 3 1	0:57.96	12	-	-	+ 1	 	4	跑馬地	2.72	39.0			805.5	240.0	182.5	
2020/3/4	1	第五班	1000米	(40-0)	好地	草地 - "B" 賽道	2	2	晨曦寶馬(C023)	郭能	蔡約翰	131	1108	8	1-1/4	4 5 2	0:58.17	10	-	-	+ 1	B	4	跑馬地	2.72		33.5		805.5	240.0		170.5
2020/3/4	1	第五班	1000米	(40-0)	好地	草地 - "B" 賽道	3	5	萬事欣(T129)	莫雷拉	何良	128	1197	7	1-1/2	2 4 3	0:58.19	8.8	-	-	* 1	B	8	跑馬地	2.72			30.0			182.5	170.5
2020/3/4	1	第五班	1000米	(40-0)	好地	草地 - "B" 賽道	4	3	哈蝦王旺(B381)	蔡明紹	高伯新	130	1150	4	1-1/2	7 7 4	0:58.19	14	-	-	+ 1	B/TT	5	跑馬地	2.72							
2020/3/4	1	第五班	1000米	(40-0)	好地	草地 - "B" 賽道	5	8	喜奔騰(B143)	薛恩	韋達	125	1065	12	2-1/2	1 1 5	0:58.38	20	-	-	+ 1	TT	5	跑馬地	2.72							
2020/3/4	1	第五班	1000米	(40-0)	好地	草地 - "B" 賽道	6	10	旅遊智者(V121)	田泰安	蘇偉賢	123	1129	11	2-3/4	9 9 6	0:58.41	28	-	-	* 1	B/TT	-	跑馬地	2.72							
2020/3/4	1	第五班	1000米	(40-0)	好地	草地 - "B" 賽道	7	12	金剛秀(T436)	利敬國	鄭俊偉	118	1115	1	2-3/4	10 10 7	0:58.42	5.2	2nd Hot	-	+ 1	B	7	跑馬地	2.72							
2020/3/4	1	第五班	1000米	(40-0)	好地	草地 - "B" 賽道	8	11	怡昌福星(B357)	黃俊	苗禮德	115	1083	2	3-1/4	8 6 8	0:58.49	10	-	-	+ 1	H-/B	5	跑馬地	2.72							
2020/3/4	1	第五班	1000米	(40-0)	好地	草地 - "B" 賽道	9	1	豹子膽(C389)	黃皓楠	徐雨石	129	1133	9	3-3/4	3 2 9	0:58.58	6.1	-	-	* 1	B1	3	跑馬地	2.72							
2020/3/4	1	第五班	1000米	(40-0)	好地	草地 - "B" 賽道	10	9	神火金剛(B004)	潘明輝	葉楚航	122	1083	3	4	11 11 10	0:58.59	14	-	-	* 1	B	6	跑馬地	2.72							
2020/3/4	1	第五班	1000米	(40-0)	好地	草地 - "B" 賽道	11	6	幸運大兄(A423)	陳嘉熙	蘇保羅	120	1051	5	5-1/2	6 8 11	0:58.83	3.9	1st Hot	-	+ 1	B/TT	5	跑馬地	2.72							
2020/3/4	1	第五班	1000米	(40-0)	好地	草地 - "B" 賽道		4	八進(B263)	潘頓	賀賢	128	---	---	---	---	---	---	-	-	-	-	5	跑馬地	2.72							
2020/3/4	2	第四班	1800米	(60-40)	好地	草地 - "B" 賽道	1	10	精彩千里(C331)	梁家俊	約翰摩亞	116	1137	2	-	2 2 2 2 1	1:49.71	13	-	-	* 1	CP	3	跑馬地	2.72	35.5			203.5	71.0	1215.0	
2020/3/4	2	第四班	1800米	(60-40)	好地	草地 - "B" 賽道	2	8	醉醒神(B436)	莫雷拉	呂健威	119	1060	5	1/2	4 5 5 5 2	1:49.79	2.9	1st Hot	-	1	XB-/H	4	跑馬地	2.72		13.5		203.5	71.0		317.0
2020/3/4	2	第四班	1800米	(60-40)	好地	草地 - "B" 賽道	3	1	藍海策略(A411)	潘明輝	葉楚航	131	1083	12	1-1/4	5 4 4 4 3	1:49.90	63	-	-	+ 1	B	6	跑馬地	2.72			163.0			1215.0	317.0
2020/3/4	2	第四班	1800米	(60-40)	好地	草地 - "B" 賽道	4	5	神州福星(B326)	何澤堯	羅富全	125	1029	4	1-1/4	7 6 6 6 4	1:49.93	8.6	-	-	1	CP/TT	6	跑馬地	2.72							
2020/3/4	2	第四班	1800米	(60-40)	好地	草地 - "B" 賽道	5	9	力王(A065)	史卓豐	霍利時	119	1065	6	1-3/4	8 8 8 7 5	1:49.98	20	-	-	* 1	B	7	跑馬地	2.72							
2020/3/4	2	第四班	1800米	(60-40)	好地	草地 - "B" 賽道	6	6	福善(C426)	郭能	高伯新	123	1051	11	2	12 11 11 11 6	1:50.02	17	-	-	+ 1	B/XB	4	跑馬地	2.72							
2020/3/4	2	第四班	1800米	(60-40)	好地	草地 - "B" 賽道	7	11	埼豐(A083)	黃皓楠	徐雨石	112	1026	8	2	3 3 3 3 7	1:50.05	44	-	-	1	 	7	跑馬地	2.72							
2020/3/4	2	第四班	1800米	(60-40)	好地	草地 - "B" 賽道	8	12	靈鋒(A245)	田泰安	苗禮德	114	1024	7	2-3/4	9 9 9 9 8	1:50.15	10	-	-	+ 1	B/XB	6	跑馬地	2.72							
2020/3/4	2	第四班	1800米	(60-40)	好地	草地 - "B" 賽道	9	7	牛精輝煌(A118)	楊明綸	鄭俊偉	119	1119	3	2-3/4	6 7 7 8 9	1:50.16	48	-	-	1	H	7	跑馬地	2.72							
2020/3/4	2	第四班	1800米	(60-40)	好地	草地 - "B" 賽道	10	2	金如意(A172)	潘頓	蘇保羅	132	1071	9	4-1/2	10 10 10 10 10	1:50.41	4.1	2nd Hot	-	1	 	7	跑馬地	2.72							
2020/3/4	2	第四班	1800米	(60-40)	好地	草地 - "B" 賽道	11	4	加州明雋(B363)	利敬國	告東尼	125	1136	1	7-1/4	1 1 1 1 11	1:50.86	6.4	-	-	+ 1	TT	5	跑馬地	2.72							
2020/3/4	2	第四班	1800米	(60-40)	好地	草地 - "B" 賽道	12	3	赤火神龍(A350)	薛恩	賀賢	132	1127	10	8-3/4	11 12 12 12 12	1:51.10	34	-	-	+ 1	B	6	跑馬地	2.72							
2020/3/4	3	第四班	1200米	(60-40)	好地	草地 - "B" 賽道	1	5	馬功臣(A296)	田泰安	蘇偉賢	125	1119	6	-	8 8 1	1:10.31	4.5	2nd Hot	-	+ 1	B/E/TT	6	跑馬地	2.72	14.0			175.5	59.5	68.0	
2020/3/4	3	第四班	1200米	(60-40)	好地	草地 - "B" 賽道	2	9	隨我來(B300)	利敬國	姚本輝	119	1029	5	3/4	9 6 2	1:10.45	10	-	-	+ 2	 	5	跑馬地	2.72		25.0		175.5	59.5		172.0
2020/3/4	3	第四班	1200米	(60-40)	好地	草地 - "B" 賽道	3	2	上海大師(A337)	何澤堯	呂健威	131	1172	12	1-1/4	12 12 3	1:10.52	14	-	-	* 2	 	6	跑馬地	2.72			34.5			68.0	172.0
2020/3/4	3	第四班	1200米	(60-40)	好地	草地 - "B" 賽道	4	3	心中有您(B283)	蔡明紹	何良	128	1077	7	2-1/2	10 10 4	1:10.69	7.8	-	-	* 2	H/V	5	跑馬地	2.72							
2020/3/4	3	第四班	1200米	(60-40)	好地	草地 - "B" 賽道	5	8	旺舖必星(C387)	潘明輝	丁冠豪	118	1121	1	3	6 7 5	1:10.80	19	-	-	1	B	4	跑馬地	2.72							
2020/3/4	3	第四班	1200米	(60-40)	好地	草地 - "B" 賽道	6	1	明欣賞(C327)	潘頓	賀賢	133	1062	4	3-1/2	5 5 6	1:10.87	2.4	1st Hot	-	1	B1	4	跑馬地	2.72							
2020/3/4	3	第四班	1200米	(60-40)	好地	草地 - "B" 賽道	7	12	開心計劃(C189)	楊明綸	容天鵬	114	1249	2	5	7 9 7	1:11.12	201	-	-	1	B-/TT1	4	跑馬地	2.72							
2020/3/4	3	第四班	1200米	(60-40)	好地	草地 - "B" 賽道	8	11	阿凡達(V123)	巫顯東	徐雨石	115	1078	8	5-3/4	1 1 8	1:11.23	21	-	-	* 2	B/TT	7	跑馬地	2.72							
2020/3/4	3	第四班	1200米	(60-40)	好地	草地 - "B" 賽道	9	7	菁年財駿(C435)	莫雷拉	沈集成	123	933	10	6	3 3 9	1:11.26	9.5	-	-	+ 1	TT	4	跑馬地	2.72							
2020/3/4	3	第四班	1200米	(60-40)	好地	草地 - "B" 賽道	10	6	多多寶驥(D243)	史卓豐	苗禮德	125	1171	3	6	4 4 10	1:11.27	78	-	-	1	 	3	跑馬地	2.72							
2020/3/4	3	第四班	1200米	(60-40)	好地	草地 - "B" 賽道	11	10	樂飛勝(B450)	梁家俊	鄭俊偉	118	1094	9	6-1/2	11 11 11	1:11.35	96	-	-	+ 1	H	5	跑馬地	2.72							
2020/3/4	3	第四班	1200米	(60-40)	好地	草地 - "B" 賽道	12	4	紅鬃烈馬(D087)	黃俊	葉楚航	120	1040	11	6-3/4	2 2 12	1:11.38	20	-	-	* 1	 	3	跑馬地	2.72							
2020/3/4	4	第四班	1650米	(60-40)	好地	草地 - "B" 賽道	1	8	好計(B432)	潘頓	方嘉柏	128	1063	2	-	9 8 9 1	1:40.58	2.9	1st Hot	-	+ 1	TT	5	跑馬地	2.72	10.5			100.5	35.0	132.5	
2020/3/4	4	第四班	1650米	(60-40)	好地	草地 - "B" 賽道	2	9	甲烷(C469)	史卓豐	霍利時	127	1061	10	頸位	8 9 8 2	1:40.63	5.9	-	-	+ 1	 	4	跑馬地	2.72		21.0		100.5	35.0		210.0
2020/3/4	4	第四班	1650米	(60-40)	好地	草地 - "B" 賽道	3	5	綠色勁駒(V184)	薛恩	沈集成	130	1193	5	1-1/4	12 11 12 3	1:40.77	29	-	-	* 1	TT	8	跑馬地	2.72			67.0			132.5	210.0
2020/3/4	4	第四班	1650米	(60-40)	好地	草地 - "B" 賽道	4	6	步履娛飛(C289)	莫雷拉	告東尼	129	1218	7	1-3/4	6 5 6 4	1:40.86	3.5	2nd Hot	-	+ 1	CP-/B1	5	跑馬地	2.72							
2020/3/4	4	第四班	1650米	(60-40)	好地	草地 - "B" 賽道	5	3	快利寶(A320)	利敬國	高伯新	131	1082	6	2-1/4	10 12 11 5	1:40.95	11	-	-	* 1	B/H/TT	6	跑馬地	2.72							
2020/3/4	4	第四班	1650米	(60-40)	好地	草地 - "B" 賽道	6	4	陽明高高(B132)	何澤堯	呂健威	133	1111	9	2-3/4	5 7 5 6	1:41.01	13	-	-	+ 1	 	5	跑馬地	2.72							
2020/3/4	4	第四班	1650米	(60-40)	好地	草地 - "B" 賽道	7	10	霹靂狂龍(D003)	潘明輝	賀賢	118	1026	12	2-3/4	11 10 10 7	1:41.01	46	-	-	* 1	H	4	跑馬地	2.72							
2020/3/4	4	第四班	1650米	(60-40)	好地	草地 - "B" 賽道	8	12	醉開心(B286)	黃皓楠	葉楚航	113	1120	1	3	7 6 7 8	1:41.04	65	-	-	* 1	E/TT	5	跑馬地	2.72							
2020/3/4	4	第四班	1650米	(60-40)	好地	草地 - "B" 賽道	9	1	火百合(B050)	梁家俊	羅富全	132	1229	8	3	3 3 3 9	1:41.06	15	-	-	+ 1	TT	6	跑馬地	2.72							
2020/3/4	4	第四班	1650米	(60-40)	好地	草地 - "B" 賽道	10	2	金元寶馬(C094)	楊明綸	容天鵬	132	1041	3	3-1/4	4 4 4 10	1:41.11	28	-	-	+ 1	 	5	跑馬地	2.72							
2020/3/4	4	第四班	1650米	(60-40)	好地	草地 - "B" 賽道	11	7	悅目星光(A137)	田泰安	徐雨石	128	1124	11	7	2 2 2 11	1:41.70	22	-	-	+ 1	 	7	跑馬地	2.72							
2020/3/4	4	第四班	1650米	(60-40)	好地	草地 - "B" 賽道	12	11	超霸無敵(C256)	黃俊	姚本輝	113	1039	4	8-1/4	1 1 1 12	1:41.92	26	-	-	* 1	SR-/XB1	4	跑馬地	2.72							
2020/3/4	4	第四班	1650米	(60-40)	好地	草地 - "B" 賽道			神州俊馬(A282)	郭能	蘇保羅	131	---	---	---	---	---	---	-	-	-	-	6	跑馬地	2.72							
2020/3/4	5	第四班	1200米	(60-40)	好地	草地 - "B" 賽道	1	1	喜勝駒(B167)	何澤堯	方嘉柏	133	1083	3	-	8 6 1	1:11.01	7.6	-	-	1	TT	5	跑馬地	2.72	24.0			384.5	88.5	33.5	
2020/3/4	5	第四班	1200米	(60-40)	好地	草地 - "B" 賽道	2	9	木火同明(C460)	蔡明紹	何良	121	1052	6	頸位	10 8 2	1:11.06	10	-	-	+ 1	CP/H	4	跑馬地	2.72		29.0		384.5	88.5		47.0
2020/3/4	5	第四班	1200米	(60-40)	好地	草地 - "B" 賽道	3	2	孖寶(C239)	潘頓	蘇保羅	131	1208	2	1/2	2 4 3	1:11.10	2.7	1st Hot	-	1	XB	4	跑馬地	2.72			13.5			33.5	47.0
2020/3/4	5	第四班	1200米	(60-40)	好地	草地 - "B" 賽道	4	5	非凡魅力(D102)	田泰安	呂健威	124	1097	1	1/2	5 3 4	1:11.11	6.2	-	-	1	H/B1	4	跑馬地	2.72							
2020/3/4	5	第四班	1200米	(60-40)	好地	草地 - "B" 賽道	5	3	清福(A364)	薛恩	文家良	128	1213	8	3-1/4	7 7 5	1:11.51	55	-	-	1	 	6	跑馬地	2.72							
2020/3/4	5	第四班	1200米	(60-40)	好地	草地 - "B" 賽道	6	7	華麗傳承(D080)	潘明輝	葉楚航	121	1186	11	3-3/4	12 12 6	1:11.62	198	-	-	* 2	 	4	跑馬地	2.72							
2020/3/4	5	第四班	1200米	(60-40)	好地	草地 - "B" 賽道	7	6	特駒聯盟(C472)	莫雷拉	蔡約翰	124	1038	12	4	1 1 7	1:11.63	4.7	2nd Hot	-	* 2	 	3	跑馬地	2.72							
2020/3/4	5	第四班	1200米	(60-40)	好地	草地 - "B" 賽道	8	10	明月昇輝(A324)	梁家俊	韋達	119	1095	9	5-1/2	4 2 8	1:11.89	33	-	-	* 1	H-/CP1	6	跑馬地	2.72							
2020/3/4	5	第四班	1200米	(60-40)	好地	草地 - "B" 賽道	9	12	君悅灣(P421)	黃皓楠	鄭俊偉	112	1254	10	6	3 5 9	1:11.96	191	-	-	* 2	H/TT	9	跑馬地	2.72							
2020/3/4	5	第四班	1200米	(60-40)	好地	草地 - "B" 賽道	10	8	齊勝利(C342)	利敬國	徐雨石	122	1001	7	6-1/4	9 10 10	1:12.00	7.9	-	-	+ 1	B	3	跑馬地	2.72							
2020/3/4	5	第四班	1200米	(60-40)	好地	草地 - "B" 賽道	11	11	鼓浪威風(C088)	黃俊	姚本輝	113	1227	4	6-1/4	6 9 11	1:12.02	16	-	-	+ 1	P-/XB/CP2/TT	4	跑馬地	2.72							
2020/3/4	5	第四班	1200米	(60-40)	好地	草地 - "B" 賽道	12	4	銳俊良駒(C513)	楊明綸	容天鵬	126	1097	5	10-1/2	11 11 12	1:12.69	408	-	-	* 2	P/TT1	3	跑馬地	2.72							
2020/3/4	5	第四班	1200米	(60-40)	好地	草地 - "B" 賽道			月追越風(A398)	田泰安	蘇偉賢	124	---	---	---	---	---	---	-	-	-	-	6	跑馬地	2.72							
2020/3/4	6	第三班	1650米	(80-60)	好地	草地 - "B" 賽道	1	3	太陽威威(C111)	郭能	羅富全	129	1047	1	-	4 4 4 1	1:39.80	4	2nd Hot	-	2	 	4	跑馬地	2.72	17.5			274.0	82.0	41.5	
2020/3/4	6	第三班	1650米	(80-60)	好地	草地 - "B" 賽道	2	5	超趣(C285)	田泰安	霍利時	123	1081	12	1	12 12 9 2	1:39.98	11	-	-	1	H-/B1	5	跑馬地	2.72		26.5		274.0	82.0		62.0
2020/3/4	6	第三班	1650米	(80-60)	好地	草地 - "B" 賽道	3	7	盈嘉輝(C080)	利敬國	徐雨石	122	1055	3	1-3/4	6 6 7 3	1:40.09	3.9	1st Hot	-	1	B/TT	5	跑馬地	2.72			15.0			41.5	62.0
2020/3/4	6	第三班	1650米	(80-60)	好地	草地 - "B" 賽道	4	2	盛大光輝(C121)	莫雷拉	何良	131	1132	2	2-1/4	3 3 2 4	1:40.15	6.7	-	-	* 2	 	5	跑馬地	2.72							
2020/3/4	6	第三班	1650米	(80-60)	好地	草地 - "B" 賽道	5	11	翡翠福星(V020)	潘明輝	文家良	113	1116	6	2-3/4	8 8 10 5	1:40.23	17	-	-	* 2	B	7	跑馬地	2.72							
2020/3/4	6	第三班	1650米	(80-60)	好地	草地 - "B" 賽道	6	8	勁駒(D138)	何澤堯	賀賢	120	1093	5	2-3/4	7 7 5 6	1:40.24	15	-	-	1	 	4	跑馬地	2.72							
2020/3/4	6	第三班	1650米	(80-60)	好地	草地 - "B" 賽道	7	4	美麗歡欣(D130)	梁家俊	約翰摩亞	126	1117	8	4-1/2	10 11 11 7	1:40.54	31	-	-	+ 1	CP-/B1	4	跑馬地	2.72							
2020/3/4	6	第三班	1650米	(80-60)	好地	草地 - "B" 賽道	8	6	加州銀晉(C042)	薛恩	告東尼	122	1133	4	7-1/4	5 5 3 8	1:40.95	26	-	-	1	H/TT	5	跑馬地	2.72							
2020/3/4	6	第三班	1650米	(80-60)	好地	草地 - "B" 賽道	9	1	星運明爵(C431)	潘頓	方嘉柏	133	1104	11	10-1/2	2 1 1 9	1:41.47	4.2	-	-	1	B-/XB-/V1/TT-	4	跑馬地	2.72							
2020/3/4	6	第三班	1650米	(80-60)	好地	草地 - "B" 賽道	10	10	天氣先生(D058)	陳嘉熙	韋達	112	1010	9	11-3/4	1 2 8 10	1:41.70	96	-	-	* 1	P-	4	跑馬地	2.72							
2020/3/4	6	第三班	1650米	(80-60)	好地	草地 - "B" 賽道	11	12	再享耆成(B227)	楊明綸	容天鵬	114	1080	10	14-1/4	11 10 6 11	1:42.09	34	-	-	1	B	5	跑馬地	2.72							
2020/3/4	6	第三班	1650米	(80-60)	好地	草地 - "B" 賽道	12	9	奪速(D001)	蔡明紹	蘇保羅	119	1087	7	14-3/4	9 9 12 12	1:42.14	159	-	-	2	B1	5	跑馬地	2.72							
2020/3/4	7	第三班	1650米	(80-60)	好地	草地 - "B" 賽道	1	10	一舖成名(B162)	莫雷拉	羅富全	115	1141	1	-	3 3 3 1	1:40.00	3.1	1st Hot	-	1	B/TT	5	跑馬地	2.72	14.5			252.0	97.5	84.0	
2020/3/4	7	第三班	1650米	(80-60)	好地	草地 - "B" 賽道	2	9	馬主星輝(B427)	巫顯東	沈集成	113	1072	3	1-1/2	7 7 9 2	1:40.26	16	-	-	1	B/TT	5	跑馬地	2.72		43.0		252.0	97.5		301.5
2020/3/4	7	第三班	1650米	(80-60)	好地	草地 - "B" 賽道	3	5	鑲白旗(B336)	田泰安	霍利時	126	1019	5	2-3/4	6 6 5 3	1:40.45	17	-	-	2	 	6	跑馬地	2.72			40.5			84.0	301.5
2020/3/4	7	第三班	1650米	(80-60)	好地	草地 - "B" 賽道	4	4	天外天(B435)	郭能	約翰摩亞	128	1083	7	3-1/4	9 9 7 4	1:40.53	4.5	2nd Hot	-	* 2	B/TT	4	跑馬地	2.72							
2020/3/4	7	第三班	1650米	(80-60)	好地	草地 - "B" 賽道	5	11	友誼之星(V379)	蔡明紹	蘇保羅	115	1169	11	4-1/2	11 11 10 5	1:40.73	99	-	-	1	B	7	跑馬地	2.72							
2020/3/4	7	第三班	1650米	(80-60)	好地	草地 - "B" 賽道	6	6	童話(B238)	潘明輝	徐雨石	119	1094	9	4-3/4	4 2 2 6	1:40.78	8.4	-	-	2	CP	6	跑馬地	2.72							
2020/3/4	7	第三班	1650米	(80-60)	好地	草地 - "B" 賽道	7	3	歡樂神駒(B103)	史卓豐	苗禮德	129	1180	10	6	8 8 8 7	1:40.98	23	-	-	1	XB	6	跑馬地	2.72							
2020/3/4	7	第三班	1650米	(80-60)	好地	草地 - "B" 賽道	8	2	勇敢傳說(A260)	梁家俊	告東尼	131	1187	6	6-3/4	10 10 11 8	1:41.10	66	-	-	* 2	B/TT	6	跑馬地	2.72							
2020/3/4	7	第三班	1650米	(80-60)	好地	草地 - "B" 賽道	9	7	龍船(V186)	利敬國	鄭俊偉	120	1100	4	7	5 5 6 9	1:41.13	11	-	-	1	TT	7	跑馬地	2.72							
2020/3/4	7	第三班	1650米	(80-60)	好地	草地 - "B" 賽道	10	1	元朗之星(C303)	何澤堯	文家良	133	1116	2	7-1/4	1 1 1 10	1:41.15	7	-	-	* 1	 	4	跑馬地	2.72							
2020/3/4	7	第三班	1650米	(80-60)	好地	草地 - "B" 賽道	11	8	爸巴閉(D235)	潘頓	何良	120	1093	8	10	2 4 4 11	1:41.59	7.4	-	-	1	 	3	跑馬地	2.72							
2020/3/4	8	第三班	1200米	(80-60)	好地	草地 - "B" 賽道	1	2	非凡品味(B420)	何澤堯	呂健威	130	1170	6	-	1 1 1	1:09.66	2.6	1st Hot	-	+ 1	CP/H	5	跑馬地	2.72	13.0			186.0	69.5	24.5	
2020/3/4	8	第三班	1200米	(80-60)	好地	草地 - "B" 賽道	2	6	綠色勇駿(D140)	莫雷拉	方嘉柏	122	1129	12	3/4	12 12 2	1:09.78	11	-	-	+ 1	B	4	跑馬地	2.72		33.5		186.0	69.5		93.5
2020/3/4	8	第三班	1200米	(80-60)	好地	草地 - "B" 賽道	3	9	美麗躍動(C318)	潘頓	羅富全	120	1135	4	1	8 5 3	1:09.83	3.8	2nd Hot	-	+ 1	B/TT	4	跑馬地	2.72			16.0			24.5	93.5
2020/3/4	8	第三班	1200米	(80-60)	好地	草地 - "B" 賽道	4	3	手到回來(C001)	楊明綸	容天鵬	128	1189	3	2-1/2	6 7 4	1:10.07	12	-	-	* 1	B/TT	5	跑馬地	2.72							
2020/3/4	8	第三班	1200米	(80-60)	好地	草地 - "B" 賽道	5	12	紅星(V273)	蔡明紹	葉楚航	115	1091	2	2-3/4	11 10 5	1:10.10	22	-	-	+ * 1	 	7	跑馬地	2.72							
2020/3/4	8	第三班	1200米	(80-60)	好地	草地 - "B" 賽道	6	4	金糠(D134)	薛恩	霍利時	127	1024	7	5-1/4	10 11 6	1:10.50	118	-	-	+ 1	SR	4	跑馬地	2.72							
2020/3/4	8	第三班	1200米	(80-60)	好地	草地 - "B" 賽道	7	8	順意寶(B164)	田泰安	韋達	121	1163	5	5-1/2	4 3 7	1:10.54	14	-	-	+ 1	B	5	跑馬地	2.72							
2020/3/4	8	第三班	1200米	(80-60)	好地	草地 - "B" 賽道	8	1	會長之星(C205)	郭能	約翰摩亞	120	1147	1	7-3/4	5 2 8	1:10.91	10	-	-	+ 1	TT	4	跑馬地	2.72							
2020/3/4	8	第三班	1200米	(80-60)	好地	草地 - "B" 賽道	9	7	平海歡星(C377)	潘明輝	蔡約翰	120	1086	9	8	9 9 9	1:10.95	15	-	-	+ 1	 	4	跑馬地	2.72							
2020/3/4	8	第三班	1200米	(80-60)	好地	草地 - "B" 賽道	10	10	極爽(C131)	利敬國	丁冠豪	117	1087	11	10-3/4	7 6 10	1:11.38	11	-	-	+ 1	H/V	5	跑馬地	2.72							
2020/3/4	8	第三班	1200米	(80-60)	好地	草地 - "B" 賽道	11	11	富萬家(V286)	巫顯東	何良	113	1085	8	20-3/4	3 4 11	1:12.97	132	-	-	+ 1	H/TT	7	跑馬地	2.72							
2020/3/4	8	第三班	1200米	(80-60)	好地	草地 - "B" 賽道	12	5	良才(A100)	陳嘉熙	文家良	118	1124	10	22-3/4	2 8 12	1:13.31	37	-	-	+ 1	P/TT	6	跑馬地	2.72							
2020/3/4	8	第三班	1200米	(80-60)	好地	草地 - "B" 賽道			邊個邊個(B412)	黃俊	鄭俊偉	128	---	---	---	---	---	---	-	-	-	-	5	跑馬地	2.72							
2020/3/8	1	第五班	1400米	(40-0)	好地	草地 - "C" 賽道	1	7	笑傲成功(C250)	黃俊	丁冠豪	125	1216	13	-	1 1 1 1	1:22.71	7.4	-	-	+ 1	B/TT	4	沙田	2.71	25.5			187.5	67.0	147.5	
2020/3/8	1	第五班	1400米	(40-0)	好地	草地 - "C" 賽道	2	1	生生勝勝(C110)	莫雷拉	姚本輝	133	989	10	1-1/4	6 4 2 2	1:22.88	3.6	2nd Hot	-	* 1	B	4	沙田	2.71		16.5		187.5	67.0		67.0
2020/3/8	1	第五班	1400米	(40-0)	好地	草地 - "C" 賽道	3	13	依斯堅(B028)	薛恩	賀賢	123	1148	2	3-3/4	9 8 8 3	1:23.28	13	-	-	+ 1	B/TT	5	沙田	2.71			28.5			147.5	67.0
2020/3/8	1	第五班	1400米	(40-0)	好地	草地 - "C" 賽道	4	10	盛勢(V243)	潘頓	葉楚航	127	1086	1	4	13 11 9 4	1:23.32	3	1st Hot	-	+ 1	TT1	7	沙田	2.71							
2020/3/8	1	第五班	1400米	(40-0)	好地	草地 - "C" 賽道	5	5	合進駒(A327)	楊明綸	容天鵬	130	1154	7	4	2 3 4 5	1:23.34	196	-	-	* 1	 	6	沙田	2.71							
2020/3/8	1	第五班	1400米	(40-0)	好地	草地 - "C" 賽道	6	12	金錢炮(T022)	何澤堯	呂健威	124	969	8	4-3/4	10 10 10 6	1:23.45	13	-	-	+ 1	B/H/XB	8	沙田	2.71							
2020/3/8	1	第五班	1400米	(40-0)	好地	草地 - "C" 賽道	7	11	快暢的(C316)	田泰安	蘇保羅	127	1176	3	4-3/4	5 6 6 7	1:23.47	95	-	-	+ 1	 	4	沙田	2.71							
2020/3/8	1	第五班	1400米	(40-0)	好地	草地 - "C" 賽道	8	14	晴朗拍檔(B071)	郭能	霍利時	133	1091	12	5	11 12 13 8	1:23.51	19	-	-	+ 1	SR	6	沙田	2.71							
2020/3/8	1	第五班	1400米	(40-0)	好地	草地 - "C" 賽道	9	4	驃騎飛(C456)	黎海榮	蘇偉賢	131	1107	4	5-1/4	12 13 12 9	1:23.53	84	-	-	+ 1	B1	4	沙田	2.71							
2020/3/8	1	第五班	1400米	(40-0)	好地	草地 - "C" 賽道	10	2	旺旺寶駒(C418)	梁家俊	何良	132	1044	5	5-3/4	8 9 11 10	1:23.64	9.9	-	-	+ 1	H-/P	4	沙田	2.71							
2020/3/8	1	第五班	1400米	(40-0)	好地	草地 - "C" 賽道	11	9	友瑩利(C310)	潘明輝	約翰摩亞	127	1232	6	6	7 7 7 11	1:23.66	36	-	-	* 1	CP1	4	沙田	2.71							
2020/3/8	1	第五班	1400米	(40-0)	好地	草地 - "C" 賽道	12	6	醉翁意(C016)	史卓豐	蔡約翰	130	1057	9	8-3/4	4 5 5 12	1:24.10	27	-	-	+ 1	P	4	沙田	2.71							
2020/3/8	1	第五班	1400米	(40-0)	好地	草地 - "C" 賽道	13	3	錶之精靈(C184)	陳嘉熙	文家良	124	1090	11	12	3 2 3 13	1:24.62	12	-	-	+ 1	B	4	沙田	2.71							
2020/3/8	1	第五班	1400米	(40-0)	好地	草地 - "C" 賽道	14	8	為善聚樂(A249)	黃皓楠	鄭俊偉	127	1012	14	20	14 14 14 14	1:25.92	136	-	-	+ 1	B	6	沙田	2.71							
2020/3/8	1	第五班	1400米	(40-0)	好地	草地 - "C" 賽道			洪荒駿駒(A031)	利敬國	徐雨石	121	---	---	---	---	---	---	-	-	-	-	6	沙田	2.71							
2020/3/8	2	第四班	1200米	(60-35)	好地	全天候跑道	1	3	好運(B376)	潘頓	約翰摩亞	133	1180	5	-	8 4 1	1:09.47	7.6	-	-	+ 1	CP	5	沙田	2.71	23.5			112.5	55.5	55.5	
2020/3/8	2	第四班	1200米	(60-35)	好地	全天候跑道	2	10	喜勁驥(C006)	莫雷拉	蔡約翰	122	1137	11	頸位	3 3 2	1:09.52	3.4	1st Hot	-	+ 1	H	4	沙田	2.71		14.0		112.5	55.5		34.5
2020/3/8	2	第四班	1200米	(60-35)	好地	全天候跑道	3	2	福喜多多(B128)	何澤堯	呂健威	133	1128	9	3/4	2 2 3	1:09.60	4.1	2nd Hot	-	* 1	B	5	沙田	2.71			18.5			55.5	34.5
2020/3/8	2	第四班	1200米	(60-35)	好地	全天候跑道	4	1	精英寶貝(B015)	潘明輝	丁冠豪	131	1048	10	1-3/4	1 1 4	1:09.75	14	-	-	* 1	B/TT	5	沙田	2.71							
2020/3/8	2	第四班	1200米	(60-35)	好地	全天候跑道	5	4	金地飛客(V161)	薛恩	文家良	131	1215	8	2-1/2	11 11 5	1:09.88	53	-	-	* 1	 	7	沙田	2.71							
2020/3/8	2	第四班	1200米	(60-35)	好地	全天候跑道	6	11	天賜寶(V401)	黃俊	徐雨石	116	1091	12	3	5 8 6	1:09.96	12	-	-	* 1	H	6	沙田	2.71							
2020/3/8	2	第四班	1200米	(60-35)	好地	全天候跑道	7	7	龍城猛將(V225)	利敬國	苗禮德	130	1158	3	3-1/4	9 9 7	1:09.99	6	-	-	+ 1	B/TT	6	沙田	2.71							
2020/3/8	2	第四班	1200米	(60-35)	好地	全天候跑道	8	8	美麗天使(C541)	巫顯東	告東尼	122	1006	2	6-1/4	10 10 8	1:10.47	62	-	-	* 1	TT	4	沙田	2.71							
2020/3/8	2	第四班	1200米	(60-35)	好地	全天候跑道	9	5	公証揚鳴(V078)	蔡明紹	鄭俊偉	131	1166	7	7-1/4	12 12 9	1:10.63	19	-	-	* 1	B	-	沙田	2.71							
2020/3/8	2	第四班	1200米	(60-35)	好地	全天候跑道	10	9	上捕先鋒(C300)	郭能	霍利時	124	1167	6	9-3/4	6 6 10	1:11.02	15	-	-	+ 1	SR-/B2	5	沙田	2.71							
2020/3/8	2	第四班	1200米	(60-35)	好地	全天候跑道	11	12	勁飛寶寶(A267)	楊明綸	容天鵬	115	1238	4	13-1/2	7 7 11	1:11.62	32	-	-	* 1	CP/TT1	6	沙田	2.71							
2020/3/8	2	第四班	1200米	(60-35)	好地	全天候跑道	12	6	太空戰士(C339)	梁家俊	姚本輝	131	1108	1	17-3/4	4 5 12	1:12.31	17	-	-	* 1	B-/P1/XB1	4	沙田	2.71							
2020/3/8	3	第四班	1400米	(60-40)	好地	草地 - "C" 賽道	1	10	前進(D162)	梁家俊	賀賢	124	1130	13	-	14 14 11 1	1:22.46	15	-	-	1	H-/B1	3	沙田	2.71	37.5			447.0	149.0	120.5	
2020/3/8	3	第四班	1400米	(60-40)	好地	草地 - "C" 賽道	2	11	追風驥足(D009)	莫雷拉	蔡約翰	122	982	3	短馬頭位	6 5 5 2	1:22.48	4.9	-	-	2	E/TT	4	沙田	2.71		19.0		447.0	149.0		46.5
2020/3/8	3	第四班	1400米	(60-40)	好地	草地 - "C" 賽道	3	1	皇帝賽(C249)	潘明輝	丁冠豪	131	1215	4	3/4	3 1 1 3	1:22.59	4.5	2nd Hot	-	1	B/TT	4	沙田	2.71			17.5			120.5	46.5
2020/3/8	3	第四班	1400米	(60-40)	好地	草地 - "C" 賽道	4	13	陽明秋秋(A057)	何澤堯	呂健威	121	1174	7	1-1/2	10 10 10 4	1:22.71	9.4	-	-	1	TT	7	沙田	2.71							
2020/3/8	3	第四班	1400米	(60-40)	好地	草地 - "C" 賽道	5	2	同盟力量(C036)	史卓豐	姚本輝	133	1242	10	1-3/4	5 6 6 5	1:22.76	19	-	-	+ 1	B-/CP2/TT1	4	沙田	2.71							
2020/3/8	3	第四班	1400米	(60-40)	好地	草地 - "C" 賽道	6	3	綫路勇駒(A041)	薛恩	告東尼	131	1187	1	1-3/4	4 3 3 6	1:22.76	3.1	1st Hot	-	1	B/H/TT	7	沙田	2.71							
2020/3/8	3	第四班	1400米	(60-40)	好地	草地 - "C" 賽道	7	12	皮具之星(C307)	郭能	容天鵬	122	1244	2	2-1/4	8 7 7 7	1:22.82	20	-	-	+ 2	CP-/XB-/TT	4	沙田	2.71							
2020/3/8	3	第四班	1400米	(60-40)	好地	草地 - "C" 賽道	8	5	帶榮來(B197)	潘頓	高伯新	129	1144	14	3-1/2	9 9 8 8	1:23.03	10	-	-	1	B	5	沙田	2.71							
2020/3/8	3	第四班	1400米	(60-40)	好地	草地 - "C" 賽道	9	9	多多利高(D204)	利敬國	徐雨石	125	1037	8	4-1/4	2 4 4 9	1:23.15	29	-	-	2	B1	3	沙田	2.71							
2020/3/8	3	第四班	1400米	(60-40)	好地	草地 - "C" 賽道	10	14	威力琦(C155)	黃皓楠	霍利時	112	1000	11	4-1/2	13 13 13 10	1:23.19	272	-	-	1	 	5	沙田	2.71							
2020/3/8	3	第四班	1400米	(60-40)	好地	草地 - "C" 賽道	11	6	嘉喜旺(C421)	楊明綸	何良	128	1048	6	5-1/4	7 8 9 11	1:23.32	35	-	-	1	H-	4	沙田	2.71							
2020/3/8	3	第四班	1400米	(60-40)	好地	草地 - "C" 賽道	12	8	傲龍駒(D164)	黃俊	苗禮德	120	1072	12	5-1/2	12 12 14 12	1:23.33	125	-	-	1	 	3	沙田	2.71							
2020/3/8	3	第四班	1400米	(60-40)	好地	草地 - "C" 賽道	13	4	育馬新星(C162)	田泰安	鄭俊偉	130	1053	9	6-3/4	1 2 2 13	1:23.56	44	-	-	1	B	5	沙田	2.71							
2020/3/8	3	第四班	1400米	(60-40)	好地	草地 - "C" 賽道	14	7	白鷺盛世(D163)	陳嘉熙	韋達	120	1065	5	11-1/2	11 11 12 14	1:24.30	297	-	-	+ 2	CP1/XB1	3	沙田	2.71							
2020/3/8	4	第一班	1200米	(100+)	好地	草地 - "C" 賽道	1	1	旺蝦王(A299)	莫雷拉	蔡約翰	133	1206	2	-	3 3 1	1:08.72	3.5	2nd Hot	-		 	5	沙田	2.71	12.0			69.5	22.0	81.5	
2020/3/8	4	第一班	1200米	(100+)	好地	草地 - "C" 賽道	2	4	常感恩(B312)	潘頓	約翰摩亞	127	1247	4	1/2	7 7 2	1:08.79	4.6	-	-		CP	4	沙田	2.71		11.5		69.5	22.0		97.0
2020/3/8	4	第一班	1200米	(100+)	好地	草地 - "C" 賽道	3	2	紅衣醒神(V153)	田泰安	羅富全	132	1102	6	1/2	4 4 3	1:08.81	30	-	-		 	7	沙田	2.71			50.0			81.5	97.0
2020/3/8	4	第一班	1200米	(100+)	好地	草地 - "C" 賽道	4	6	遨遊戰士(C247)	蔡明紹	姚本輝	113	1115	5	1/2	2 2 4	1:08.82	12	-	-		 	4	沙田	2.71							
2020/3/8	4	第一班	1200米	(100+)	好地	草地 - "C" 賽道	5	5	日日精彩(B461)	利敬國	羅富全	116	1237	3	1	5 5 5	1:08.89	1.9	1st Hot	-		 	4	沙田	2.71							
2020/3/8	4	第一班	1200米	(100+)	好地	草地 - "C" 賽道	6	3	美麗滿載(C003)	史卓豐	蔡約翰	131	1167	1	2	6 6 6	1:09.03	19	-	-		 	5	沙田	2.71							
2020/3/8	4	第一班	1200米	(100+)	好地	草地 - "C" 賽道	7	7	鄉村瑰寶(B396)	陳嘉熙	蔡約翰	108	1118	7	2-1/2	1 1 7	1:09.12	35	-	-		 	4	沙田	2.71							
2020/3/8	5	第四班	1200米	(60-40)	好地	草地 - "C" 賽道	1	6	眾歡笑(D038)	田泰安	鄭俊偉	129	1002	11	-	8 8 1	1:09.83	44	-	-	+ 1	 	4	沙田	2.71	98.5			739.0	208.0	1016.0	
2020/3/8	5	第四班	1200米	(60-40)	好地	草地 - "C" 賽道	2	5	翡翠鳳凰(D179)	莫雷拉	羅富全	129	1150	8	頸位	3 3 2	1:09.87	3.5	2nd Hot	-	+ 1	B1	3	沙田	2.71		14.0		739.0	208.0		113.5
2020/3/8	5	第四班	1200米	(60-40)	好地	草地 - "C" 賽道	3	2	醒目再臨(A314)	郭能	蘇偉賢	130	1155	3	1	6 5 3	1:10.00	17	-	-	+ 1	B/H2/TT	6	沙田	2.71			48.5			1016.0	113.5
2020/3/8	5	第四班	1200米	(60-40)	好地	草地 - "C" 賽道	4	7	寶成智勝(D228)	黎海榮	姚本輝	128	1157	1	1-1/4	4 4 4	1:10.02	19	-	-	+ 1	CP1	3	沙田	2.71							
2020/3/8	5	第四班	1200米	(60-40)	好地	草地 - "C" 賽道	5	4	八卦(C102)	潘頓	賀賢	129	1129	10	1-1/4	2 2 5	1:10.02	5.8	-	-	+ 1	B/XB/TT	4	沙田	2.71							
2020/3/8	5	第四班	1200米	(60-40)	好地	草地 - "C" 賽道	6	10	荷花福星(C311)	薛恩	蘇保羅	127	1123	7	1-1/2	11 9 6	1:10.08	2.7	1st Hot	-	+ 1	 	3	沙田	2.71							
2020/3/8	5	第四班	1200米	(60-40)	好地	草地 - "C" 賽道	7	12	太陽戰馬(C212)	黃皓楠	徐雨石	113	1171	2	1-1/2	1 1 7	1:10.08	14	-	-	1	B2	5	沙田	2.71							
2020/3/8	5	第四班	1200米	(60-40)	好地	草地 - "C" 賽道	8	11	春風得意(C309)	利敬國	何良	124	1039	9	2-1/2	5 6 8	1:10.22	12	-	-	+ 1	H-/CP	4	沙田	2.71							
2020/3/8	5	第四班	1200米	(60-40)	好地	草地 - "C" 賽道	9	3	合金之星(D053)	楊明綸	容天鵬	129	1049	5	4-1/4	7 7 9	1:10.53	21	-	-	* 1	 	4	沙田	2.71							
2020/3/8	5	第四班	1200米	(60-40)	好地	草地 - "C" 賽道	10	1	緣份(C535)	蔡明紹	韋達	133	1048	6	8-3/4	9 10 10	1:11.24	229	-	-	* 1	B/XB	4	沙田	2.71							
2020/3/8	5	第四班	1200米	(60-40)	好地	草地 - "C" 賽道	11	9	錢途燦爛(C005)	梁家俊	呂健威	127	1005	4	22	10 11 11	1:13.37	16	-	-	1	H/TT	5	沙田	2.71							
2020/3/8	5	第四班	1200米	(60-40)	好地	草地 - "C" 賽道	TNP	8	摯友鬥心(D089)	潘明輝	葉楚航	126	1109	12	---	---	---	239	-	-	+ 1	CP1	-	沙田	2.71							
2020/3/8	5	第四班	1200米	(60-40)	好地	草地 - "C" 賽道			至尊大師(A357)	何澤堯	告東尼	123	---	---	---	---	---	---	-	-	-	-	6	沙田	2.71							
2020/3/8	6	第四班	1400米	(60-40)	好地	草地 - "C" 賽道	1	3	爆騷(A207)	莫雷拉	徐雨石	129	1091	1	-	8 7 6 1	1:22.41	1.6	1st Hot	-	1	B	5	沙田	2.71	12.5			84.0	38.0	31.5	
2020/3/8	6	第四班	1400米	(60-40)	好地	草地 - "C" 賽道	2	12	打鐵趁熱(C133)	蔡明紹	葉楚航	117	1079	8	2-1/4	3 4 4 2	1:22.78	10	-	-	1	H	4	沙田	2.71		27.5		84.0	38.0		114.0
2020/3/8	6	第四班	1400米	(60-40)	好地	草地 - "C" 賽道	3	1	維港奔流(D042)	陳嘉熙	韋達	126	1094	2	2-3/4	2 2 2 3	1:22.87	7.8	2nd Hot	-	+ 1	B	4	沙田	2.71			21.0			31.5	114.0
2020/3/8	6	第四班	1400米	(60-40)	好地	草地 - "C" 賽道	4	8	天意(V417)	梁家俊	蘇保羅	124	1166	6	3-1/4	9 8 7 4	1:22.91	10	-	-	1	B	6	沙田	2.71							
2020/3/8	6	第四班	1400米	(60-40)	好地	草地 - "C" 賽道	5	4	美麗多多(D116)	利敬國	蔡約翰	127	1082	13	3-1/2	6 3 3 5	1:22.97	12	-	-	1	E/V	3	沙田	2.71							
2020/3/8	6	第四班	1400米	(60-40)	好地	草地 - "C" 賽道	6	7	明月千山(C403)	黎海榮	文家良	125	1165	10	3-3/4	1 1 1 6	1:23.02	19	-	-	1	B/TT	4	沙田	2.71							
2020/3/8	6	第四班	1400米	(60-40)	好地	草地 - "C" 賽道	7	10	都市神話(A086)	田泰安	容天鵬	120	1039	12	3-3/4	11 13 11 7	1:23.02	14	-	-	+ 1	B	6	沙田	2.71							
2020/3/8	6	第四班	1400米	(60-40)	好地	草地 - "C" 賽道	8	13	開心大師(B222)	黃皓楠	方嘉柏	114	1087	7	4	13 10 9 8	1:23.04	127	-	-	1	TT	5	沙田	2.71							
2020/3/8	6	第四班	1400米	(60-40)	好地	草地 - "C" 賽道	9	5	帝豪大師(D225)	郭能	沈集成	127	1032	5	5-1/2	4 6 8 9	1:23.30	128	-	-	1	TT	3	沙田	2.71							
2020/3/8	6	第四班	1400米	(60-40)	好地	草地 - "C" 賽道	10	9	全心全意(C254)	史卓豐	姚本輝	124	1101	4	5-3/4	5 5 5 10	1:23.32	21	-	-	* 2	B/TT-	4	沙田	2.71							
2020/3/8	6	第四班	1400米	(60-40)	好地	草地 - "C" 賽道	11	14	機緣巧俠(C358)	巫顯東	何良	112	1076	11	6-3/4	14 14 14 11	1:23.50	131	-	-	* 2	H/P	5	沙田	2.71							
2020/3/8	6	第四班	1400米	(60-40)	好地	草地 - "C" 賽道	12	2	家家勝意(C510)	潘明輝	鄭俊偉	130	1061	9	8	12 11 12 12	1:23.71	104	-	-	2	 	4	沙田	2.71							
2020/3/8	6	第四班	1400米	(60-40)	好地	草地 - "C" 賽道	13	11	橋津精彩(C468)	楊明綸	蘇偉賢	118	1074	3	9-1/2	7 9 10 13	1:23.93	478	-	-	1	 	4	沙田	2.71							
2020/3/8	6	第四班	1400米	(60-40)	好地	草地 - "C" 賽道	14	6	有錢開心(D135)	薛恩	苗禮德	127	1110	14	38	10 12 13 14	1:28.50	216	-	-	2	 	3	沙田	2.71							
2020/3/8	6	第四班	1400米	(60-40)	好地	草地 - "C" 賽道			勁跑王(C420)	潘頓	告東尼	131	---	---	---	---	---	---	-	-	-	-	4	沙田	2.71							
2020/3/8	7	第三班	1200米	(80-60)	好地	全天候跑道	1	6	超能力(D093)	田泰安	韋達	127	1179	5	-	8 5 1	1:09.03	1.9	1st Hot	-	1	XB	4	沙田	2.71	12.5			161.0	60.5	52.0	
2020/3/8	7	第三班	1200米	(80-60)	好地	全天候跑道	2	9	閃電精靈(D071)	陳嘉熙	告東尼	115	1175	11	1-1/2	1 1 2	1:09.26	14	-	-	* 1	TT	3	沙田	2.71		43.0		161.0	60.5		203.5
2020/3/8	7	第三班	1200米	(80-60)	好地	全天候跑道	3	10	軍力勁(B192)	郭能	約翰摩亞	122	1214	10	1-3/4	2 2 3	1:09.29	12	-	-	* 1	CP-/V1	5	沙田	2.71			27.0			52.0	203.5
2020/3/8	7	第三班	1200米	(80-60)	好地	全天候跑道	4	5	勝利威龍(C292)	何澤堯	呂健威	127	1068	9	4-1/2	11 8 4	1:09.74	42	-	-	+ 1	 	4	沙田	2.71							
2020/3/8	7	第三班	1200米	(80-60)	好地	全天候跑道	5	11	飛天劍(C463)	黎海榮	徐雨石	120	1042	7	4-3/4	5 4 5	1:09.79	32	-	-	* 1	CP	4	沙田	2.71							
2020/3/8	7	第三班	1200米	(80-60)	好地	全天候跑道	6	3	天地人(B403)	潘明輝	何良	129	1137	8	6-1/4	4 3 6	1:10.02	67	-	-	1	CP	4	沙田	2.71							
2020/3/8	7	第三班	1200米	(80-60)	好地	全天候跑道	7	12	理想回報(A305)	利敬國	沈集成	116	1088	12	6-1/4	12 9 7	1:10.04	18	-	-	+ 1	P/TT	7	沙田	2.71							
2020/3/8	7	第三班	1200米	(80-60)	好地	全天候跑道	8	7	酷比哥(C192)	史卓豐	羅富全	126	1046	3	10	9 11 8	1:10.63	20	-	-	+ 1	B-/PC1/TT	4	沙田	2.71							
2020/3/8	7	第三班	1200米	(80-60)	好地	全天候跑道	9	1	錶之寶寶(B303)	薛恩	丁冠豪	133	1169	1	10-1/4	7 10 9	1:10.66	33	-	-	+ 1	B-/XB/H1/TT	5	沙田	2.71							
2020/3/8	7	第三班	1200米	(80-60)	好地	全天候跑道	10	4	公証福將(A148)	莫雷拉	鄭俊偉	129	1179	6	11	10 12 10	1:10.78	5.8	2nd Hot	-	* 1	XB/TT	7	沙田	2.71							
2020/3/8	7	第三班	1200米	(80-60)	好地	全天候跑道	11	8	有視力(D251)	黃俊	姚本輝	117	1123	4	11	3 7 11	1:10.80	35	-	-	1	 	4	沙田	2.71							
2020/3/8	7	第三班	1200米	(80-60)	好地	全天候跑道	12	2	發財先生(B265)	潘頓	文家良	132	1164	2	37-3/4	6 6 12	1:15.07	6.8	-	-	1	H/P	6	沙田	2.71							
2020/3/8	8	第三班	1600米	(80-60)	好地	草地 - "C" 賽道	1	5	翠湖飛鷹(B391)	田泰安	蘇偉賢	125	1045	4	-	7 6 7 1	1:34.97	4.3	2nd Hot	-	1	 	5	沙田	2.71	17.5			252.5	80.0	35.5	
2020/3/8	8	第三班	1600米	(80-60)	好地	草地 - "C" 賽道	2	8	錶之皇者(B398)	史卓豐	文家良	123	1231	14	頸位	12 12 14 2	1:35.02	14	-	-	+ 1	B	5	沙田	2.71		39.0		252.5	80.0		73.0
2020/3/8	8	第三班	1600米	(80-60)	好地	草地 - "C" 賽道	3	14	精彩有你(C394)	莫雷拉	姚本輝	115	1040	10	3/4	6 5 1 3	1:35.10	3.5	1st Hot	-	1	B/XB	4	沙田	2.71			16.0			35.5	73.0
2020/3/8	8	第三班	1600米	(80-60)	好地	草地 - "C" 賽道	4	4	吉金寶(C298)	利敬國	苗禮德	126	1067	8	1-1/4	5 8 5 4	1:35.18	10	-	-	+ 1	XB-/B	5	沙田	2.71							
2020/3/8	8	第三班	1600米	(80-60)	好地	草地 - "C" 賽道	5	2	快益善(B478)	蔡明紹	沈集成	130	1065	13	2-3/4	14 14 8 5	1:35.39	24	-	-	1	SR	5	沙田	2.71							
2020/3/8	8	第三班	1600米	(80-60)	好地	草地 - "C" 賽道	6	1	電玩時代(D269)	薛恩	韋達	133	1148	2	3	4 4 4 6	1:35.43	83	-	-	1	XB	4	沙田	2.71							
2020/3/8	8	第三班	1600米	(80-60)	好地	草地 - "C" 賽道	7	9	馭風行(C433)	楊明綸	蘇保羅	122	1151	12	3	13 13 11 7	1:35.45	365	-	-	1	B/TT1	4	沙田	2.71							
2020/3/8	8	第三班	1600米	(80-60)	好地	草地 - "C" 賽道	8	3	專一(D191)	潘頓	徐雨石	129	1039	6	3-1/4	10 10 13 8	1:35.48	9.4	-	-	+ 1	 	4	沙田	2.71							
2020/3/8	8	第三班	1600米	(80-60)	好地	草地 - "C" 賽道	9	6	嘜誰嘜誰(C323)	何澤堯	告東尼	124	1174	3	3-1/4	8 7 10 9	1:35.48	5.3	-	-	1	B/TT	4	沙田	2.71							
2020/3/8	8	第三班	1600米	(80-60)	好地	草地 - "C" 賽道	10	7	超班福星(C183)	梁家俊	丁冠豪	124	1076	5	5	11 11 12 10	1:35.76	9.3	-	W P	1	B/TT	5	沙田	2.71							
2020/3/8	8	第三班	1600米	(80-60)	好地	草地 - "C" 賽道	11	10	樂盈盈(C369)	郭能	告東尼	121	1036	11	7-1/2	9 9 9 11	1:36.18	341	-	-	2	B/TT	4	沙田	2.71							
2020/3/8	8	第三班	1600米	(80-60)	好地	草地 - "C" 賽道	12	13	睡眠攻略(C493)	潘明輝	霍利時	112	1121	7	10-3/4	1 1 2 12	1:36.68	22	-	-	1	SR	4	沙田	2.71							
2020/3/8	8	第三班	1600米	(80-60)	好地	草地 - "C" 賽道	13	11	酷比爸(D212)	黃皓楠	呂健威	117	1137	1	14-1/4	3 3 6 13	1:37.24	295	-	-	1	H	4	沙田	2.71							
2020/3/8	8	第三班	1600米	(80-60)	好地	草地 - "C" 賽道	14	12	水火風(C211)	陳嘉熙	約翰摩亞	110	1065	9	18-3/4	2 2 3 14	1:37.98	42	-	-	1	CP/XB/TT	5	沙田	2.71							
2020/3/8	9	第二班	1800米	(105-80)	好地	草地 - "C" 賽道	1	7	喜蓮騏星(C165)	何澤堯	告東尼	120	1046	3	-	9 8 9 10 1	1:47.52	6.5	-	-	1	XB/TT	5	沙田	2.71	22.5			326.5	105.0	89.5	
2020/3/8	9	第二班	1800米	(105-80)	好地	草地 - "C" 賽道	2	12	傑彩繽紛(B457)	潘明輝	蔡約翰	112	1058	4	頸位	3 5 4 7 2	1:47.57	11	-	-	3	B	5	沙田	2.71		39.0		326.5	105.0		152.5
2020/3/8	9	第二班	1800米	(105-80)	好地	草地 - "C" 賽道	3	9	轉數高(C007)	利敬國	賀賢	117	1182	10	3/4	11 12 12 9 3	1:47.65	9.5	-	-	1	B/XB	5	沙田	2.71			29.0			89.5	152.5
2020/3/8	9	第二班	1800米	(105-80)	好地	草地 - "C" 賽道	4	4	喜蓮彩星(A129)	薛恩	約翰摩亞	128	1092	1	2	6 7 7 8 4	1:47.85	27	-	-	2	B/TT	7	沙田	2.71							
2020/3/8	9	第二班	1800米	(105-80)	好地	草地 - "C" 賽道	5	5	志同道合(B287)	史卓豐	蔡約翰	124	1134	11	2-1/4	4 2 1 1 5	1:47.87	16	-	-	2	SR	5	沙田	2.71							
2020/3/8	9	第二班	1800米	(105-80)	好地	草地 - "C" 賽道	6	8	精神威(C345)	田泰安	羅富全	119	1112	8	2-1/4	2 3 3 2 6	1:47.88	7.5	-	-	1	 	4	沙田	2.71							
2020/3/8	9	第二班	1800米	(105-80)	好地	草地 - "C" 賽道	7	3	任我行(C297)	潘頓	約翰摩亞	128	1031	6	2-1/2	1 1 2 3 7	1:47.92	4.5	2nd Hot	-	1	CP	5	沙田	2.71							
2020/3/8	9	第二班	1800米	(105-80)	好地	草地 - "C" 賽道	8	11	喜勝勁駒(C325)	蔡明紹	方嘉柏	115	1079	5	2-1/2	10 10 10 11 8	1:47.94	10	-	-	1	TT	4	沙田	2.71							
2020/3/8	9	第二班	1800米	(105-80)	好地	草地 - "C" 賽道	9	6	合拍威龍(B099)	郭能	約翰摩亞	123	1150	7	5-1/4	7 6 8 6 9	1:48.36	48	-	-	3	H	6	沙田	2.71							
2020/3/8	9	第二班	1800米	(105-80)	好地	草地 - "C" 賽道	10	2	逍遙自在(B210)	梁家俊	羅富全	130	1121	12	5-3/4	12 11 11 12 10	1:48.42	245	-	-	2	 	6	沙田	2.71							
2020/3/8	9	第二班	1800米	(105-80)	好地	草地 - "C" 賽道	11	1	美麗非凡(D023)	莫雷拉	蔡約翰	133	1181	2	10-1/2	5 4 5 4 11	1:49.19	3.4	1st Hot	-	1	H/TT	4	沙田	2.71							
2020/3/8	9	第二班	1800米	(105-80)	好地	草地 - "C" 賽道	12	10	天池怪俠(B350)	黎海榮	蘇偉賢	117	1141	9	13	8 9 6 5 12	1:49.60	157	-	-	1	 	5	沙田	2.71							
2020/3/8	10	第二班	1000米	(100-80)	好地	草地 - "C" 賽道	1	10	錶之智能(D139)	蔡明紹	約翰摩亞	122	1127	11	-	6 5 1	0:55.11	7.4	-	-	2	H-/XB	3	沙田	2.71	21.0			173.5	56.5	52.5	
2020/3/8	10	第二班	1000米	(100-80)	好地	草地 - "C" 賽道	2	12	跳出世界(C333)	莫雷拉	蔡約翰	120	1239	7	頭位	7 3 2	0:55.13	4.7	-	-	1	B	4	沙田	2.71		16.5		173.5	56.5		30.5
2020/3/8	10	第二班	1000米	(100-80)	好地	草地 - "C" 賽道	3	3	韋小寶(C188)	田泰安	蘇保羅	128	1114	5	頸位	10 8 3	0:55.17	3.2	1st Hot	-	1	B	4	沙田	2.71			14.0			52.5	30.5
2020/3/8	10	第二班	1000米	(100-80)	好地	草地 - "C" 賽道	4	5	大金庫(C146)	潘明輝	高伯新	124	1094	3	頸位	12 13 4	0:55.18	37	-	-	+ 1	CP/TT	5	沙田	2.71							
2020/3/8	10	第二班	1000米	(100-80)	好地	草地 - "C" 賽道	5	11	萬事叻(C022)	利敬國	告東尼	122	1147	14	1-3/4	2 1 5	0:55.39	13	-	-	1	B/TT	5	沙田	2.71							
2020/3/8	10	第二班	1000米	(100-80)	好地	草地 - "C" 賽道	6	2	當家猴王(D142)	潘頓	約翰摩亞	130	1075	1	2-1/4	11 10 6	0:55.47	3.5	2nd Hot	-	1	CP	3	沙田	2.71							
2020/3/8	10	第二班	1000米	(100-80)	好地	草地 - "C" 賽道	7	4	百勝龍(V356)	何澤堯	呂健威	128	1198	13	2-1/4	13 11 7	0:55.47	29	-	-	1	B/H/TT	7	沙田	2.71							
2020/3/8	10	第二班	1000米	(100-80)	好地	草地 - "C" 賽道	8	7	亮先生(B179)	薛恩	賀賢	125	1108	9	3-1/4	1 2 8	0:55.65	40	-	-	1	 	6	沙田	2.71							
2020/3/8	10	第二班	1000米	(100-80)	好地	草地 - "C" 賽道	9	6	黃金甲(C071)	梁家俊	羅富全	125	1150	4	4	8 12 9	0:55.74	271	-	-	1	CP	5	沙田	2.71							
2020/3/8	10	第二班	1000米	(100-80)	好地	草地 - "C" 賽道	10	13	明駿之星(C229)	黎海榮	蔡約翰	120	1162	10	4-1/4	9 9 10	0:55.78	52	-	-	3	B	4	沙田	2.71							
2020/3/8	10	第二班	1000米	(100-80)	好地	草地 - "C" 賽道	11	9	新強勇駿(B065)	史卓豐	苗禮德	123	1049	12	5-1/4	5 4 11	0:55.95	23	-	-	1	B/XB	5	沙田	2.71							
2020/3/8	10	第二班	1000米	(100-80)	好地	草地 - "C" 賽道	12	8	紅運大師(C287)	黃皓楠	蔡約翰	122	1056	8	6	3 6 12	0:56.08	127	-	-	2	 	4	沙田	2.71							
2020/3/8	10	第二班	1000米	(100-80)	好地	草地 - "C" 賽道	13	1	樂滿家(A293)	陳嘉熙	鄭俊偉	124	1115	6	6-3/4	4 7 13	0:56.19	30	-	-	1	B/H	6	沙田	2.71							
2020/3/8	10	第二班	1000米	(100-80)	好地	草地 - "C" 賽道	14	14	錶之銳(C193)	楊明綸	呂健威	118	1136	2	7-1/4	14 14 14	0:56.25	173	-	-	2	B/H/TT	5	沙田	2.71							
2020/3/8	11	第三班	1200米	(80-60)	好地	草地 - "C" 賽道	1	1	小太陽(D035)	潘頓	沈集成	133	1112	1	-	2 2 1	1:09.21	2	1st Hot	-	+ 1	 	3	沙田	2.71	12.5			57.0	27.5	51.5	
2020/3/8	11	第三班	1200米	(80-60)	好地	草地 - "C" 賽道	2	6	高耀智星(C067)	莫雷拉	苗禮德	126	1114	5	短馬頭位	8 8 2	1:09.23	6.1	-	-	1	 	4	沙田	2.71		15.0		57.0	27.5		63.5
2020/3/8	11	第三班	1200米	(80-60)	好地	草地 - "C" 賽道	3	5	莫浪求(D200)	田泰安	告東尼	129	1197	3	1	7 7 3	1:09.38	11	-	-	+ 1	XB/H1/TT	3	沙田	2.71			31.0			51.5	63.5
2020/3/8	11	第三班	1200米	(80-60)	好地	草地 - "C" 賽道	4	12	平海掌星(D123)	利敬國	蔡約翰	116	1284	4	1-1/4	6 6 4	1:09.40	3.7	2nd Hot	-	1	 	3	沙田	2.71							
2020/3/8	11	第三班	1200米	(80-60)	好地	草地 - "C" 賽道	5	3	英之星(C058)	何澤堯	姚本輝	132	1145	12	2	12 11 5	1:09.55	29	-	-	* 1	CP	4	沙田	2.71							
2020/3/8	11	第三班	1200米	(80-60)	好地	草地 - "C" 賽道	6	11	智愛(A010)	蔡明紹	蘇保羅	114	1204	10	3	11 9 6	1:09.69	24	-	-	1	B	6	沙田	2.71							
2020/3/8	11	第三班	1200米	(80-60)	好地	草地 - "C" 賽道	7	8	發財寶(B220)	陳嘉熙	韋達	115	1056	7	3-1/4	3 3 7	1:09.75	13	-	-	1	B/XB	5	沙田	2.71							
2020/3/8	11	第三班	1200米	(80-60)	好地	草地 - "C" 賽道	8	4	美麗友盈(C124)	梁家俊	約翰摩亞	130	1072	8	3-3/4	1 1 8	1:09.81	76	-	-	+ 1	CP-/B1	5	沙田	2.71							
2020/3/8	11	第三班	1200米	(80-60)	好地	草地 - "C" 賽道	9	9	大醇威(D150)	郭能	方嘉柏	122	1140	6	8-1/4	4 5 9	1:10.54	106	-	-	+ 1	B1/TT	3	沙田	2.71							
2020/3/8	11	第三班	1200米	(80-60)	好地	草地 - "C" 賽道	10	2	團結精神(B230)	史卓豐	蘇偉賢	133	1207	2	9-3/4	5 4 10	1:10.78	34	-	-	1	B/TT	5	沙田	2.71							
2020/3/8	11	第三班	1200米	(80-60)	好地	草地 - "C" 賽道	11	10	喜悅天空(C195)	黃皓楠	丁冠豪	115	1094	11	10-1/2	9 10 11	1:10.90	394	-	-	1	TT	5	沙田	2.71							
2020/3/8	11	第三班	1200米	(80-60)	好地	草地 - "C" 賽道	12	7	競駿披星(C490)	楊明綸	容天鵬	124	1082	9	10-3/4	10 12 12	1:10.93	185	-	-	1	CP1	4	沙田	2.71							
2020/3/8	11	第三班	1200米	(80-60)	好地	草地 - "C" 賽道			傳盛(B416)	薛恩	呂健威	126	---	---	---	---	---	---	-	-	-	-	4	沙田	2.71							
2020/3/11	1	第五班	1650米	(40-0)	好地	草地 - "C" 賽道	1	5	創紀錄(C168)	莫雷拉	沈集成	127	1078	1	-	5 5 6 1	1:41.63	4.5	2nd Hot	-	* 1	CP/TT	4	跑馬地	2.7	16.5			2322.5	681.5	36.5	
2020/3/11	1	第五班	1650米	(40-0)	好地	草地 - "C" 賽道	2	11	好友祥勝(C220)	楊明綸	文家良	121	1052	9	短馬頭位	3 4 4 2	1:41.66	95	-	-	+ 1	B	4	跑馬地	2.7		163.5		2322.5	681.5		503.0
2020/3/11	1	第五班	1650米	(40-0)	好地	草地 - "C" 賽道	3	2	星河戰駒(C245)	潘頓	方嘉柏	132	1099	7	3/4	8 8 8 3	1:41.77	2.9	1st Hot	-	+ 1	B	4	跑馬地	2.7			15.5			36.5	503.0
2020/3/11	1	第五班	1650米	(40-0)	好地	草地 - "C" 賽道	4	9	神馬飛揚(V368)	薛恩	鄭俊偉	124	1060	3	1-3/4	2 3 3 4	1:41.93	8.7	-	-	+ 1	H/TT	7	跑馬地	2.7							
2020/3/11	1	第五班	1650米	(40-0)	好地	草地 - "C" 賽道	5	4	天皇巨星(V367)	梁家俊	蘇保羅	129	1205	11	2-1/4	9 9 9 5	1:41.97	24	-	-	+ 1	B	6	跑馬地	2.7							
2020/3/11	1	第五班	1650米	(40-0)	好地	草地 - "C" 賽道	6	8	黃金元帥(A346)	黃皓楠	丁冠豪	123	1170	10	3	11 11 10 6	1:42.11	164	-	-	+ 1	CP	6	跑馬地	2.7							
2020/3/11	1	第五班	1650米	(40-0)	好地	草地 - "C" 賽道	7	3	馬驕雄(B455)	郭能	蘇偉賢	131	955	4	3	7 7 7 7	1:42.12	12	-	-	+ 1	 	5	跑馬地	2.7							
2020/3/11	1	第五班	1650米	(40-0)	好地	草地 - "C" 賽道	8	12	不忘初心(B231)	巫顯東	徐雨石	110	1059	8	3-1/2	1 1 1 8	1:42.20	22	-	-	+ 1	CP-/SR1	5	跑馬地	2.7							
2020/3/11	1	第五班	1650米	(40-0)	好地	草地 - "C" 賽道	9	10	志聰明(C319)	黎海榮	何良	124	1181	6	4-1/4	10 10 11 9	1:42.33	43	-	-	+ 1	B-	4	跑馬地	2.7							
2020/3/11	1	第五班	1650米	(40-0)	好地	草地 - "C" 賽道	10	6	精選直前(V329)	史卓豐	何良	127	1148	2	5-1/2	6 6 5 10	1:42.50	14	-	-	2	B/H	7	跑馬地	2.7							
2020/3/11	1	第五班	1650米	(40-0)	好地	草地 - "C" 賽道	11	7	得意(C174)	潘明輝	葉楚航	125	1193	12	6-1/4	12 12 12 11	1:42.62	11	-	-	* 1	B/XB/TT	4	跑馬地	2.7							
2020/3/11	1	第五班	1650米	(40-0)	好地	草地 - "C" 賽道	12	1	嘉應風采(B115)	陳嘉熙	容天鵬	126	1172	5	9-1/4	4 2 2 12	1:43.12	5.5	-	-	+ 1	H/P/XB	5	跑馬地	2.7							
2020/3/11	2	第四班	1200米	(60-40)	好地	草地 - "C" 賽道	1	1	索先生(T330)	潘頓	賀賢	133	1143	10	-	1 1 1	1:10.56	6.3	-	-	+ 1	B	-	跑馬地	2.7	19.5			167.5	51.5	47.0	
2020/3/11	2	第四班	1200米	(60-40)	好地	草地 - "C" 賽道	2	9	首飾傳奇(D032)	利敬國	蔡約翰	117	1152	4	1-1/2	6 7 2	1:10.80	4.3	2nd Hot	-	+ * 1	V	4	跑馬地	2.7		15.5		167.5	51.5		32.5
2020/3/11	2	第四班	1200米	(60-40)	好地	草地 - "C" 賽道	3	11	東龍陣(B394)	莫雷拉	容天鵬	115	1100	6	2	2 3 3	1:10.88	3.7	1st Hot	-	+ 1	TT	4	跑馬地	2.7			14.5			47.0	32.5
2020/3/11	2	第四班	1200米	(60-40)	好地	草地 - "C" 賽道	4	12	得賞(B288)	潘明輝	葉楚航	112	1042	3	2	8 9 4	1:10.89	4.8	-	-	* 2	 	5	跑馬地	2.7							
2020/3/11	2	第四班	1200米	(60-40)	好地	草地 - "C" 賽道	5	7	寶都(C072)	何澤堯	呂健威	122	1019	7	2-1/4	3 2 5	1:10.90	10	-	-	+ 1	H	5	跑馬地	2.7							
2020/3/11	2	第四班	1200米	(60-40)	好地	草地 - "C" 賽道	6	8	威風駿馬(B437)	黃皓楠	蘇保羅	117	1105	1	2-3/4	5 6 6	1:11.02	6.6	-	-	* 1	BO	5	跑馬地	2.7							
2020/3/11	2	第四班	1200米	(60-40)	好地	草地 - "C" 賽道	7	2	夢幻仙子(V222)	黎海榮	蘇偉賢	127	1160	2	4	4 5 7	1:11.22	24	-	-	+ 1	TT	7	跑馬地	2.7							
2020/3/11	2	第四班	1200米	(60-40)	好地	草地 - "C" 賽道	8	6	中華威威(D075)	薛恩	韋達	123	1203	9	4-3/4	10 8 8	1:11.31	82	-	-	* 2	XB	4	跑馬地	2.7							
2020/3/11	2	第四班	1200米	(60-40)	好地	草地 - "C" 賽道	9	4	赤電神駒(D166)	梁家俊	告東尼	125	1112	12	4-3/4	11 11 9	1:11.34	85	-	-	+ 1	B/TT	3	跑馬地	2.7							
2020/3/11	2	第四班	1200米	(60-40)	好地	草地 - "C" 賽道	10	10	成功星駒(D065)	蔡明紹	霍利時	117	961	8	5-1/4	7 4 10	1:11.40	166	-	-	* 1	 	4	跑馬地	2.7							
2020/3/11	2	第四班	1200米	(60-40)	好地	草地 - "C" 賽道	11	3	相中飛揚(D028)	巫顯東	徐雨石	122	1039	11	5-3/4	12 12 11	1:11.48	253	-	-	* 2	H-/B1	3	跑馬地	2.7							
2020/3/11	2	第四班	1200米	(60-40)	好地	草地 - "C" 賽道	12	5	紅寶舍(D211)	楊明綸	文家良	125	1071	5	8-1/2	9 10 12	1:11.91	36	-	-	* 2	TT1	3	跑馬地	2.7							
2020/3/11	3	第四班	1650米	(60-40)	好地	草地 - "C" 賽道	1	3	永益善(B003)	利敬國	沈集成	129	1098	8	-	7 7 7 1	1:41.23	8.5	-	-	+ 1	B	6	跑馬地	2.7	20.5			674.0	177.0	105.0	
2020/3/11	3	第四班	1650米	(60-40)	好地	草地 - "C" 賽道	2	2	連利之星(S093)	薛恩	蘇保羅	130	1139	7	1	6 2 1 2	1:41.40	19	-	-	1	B	9	跑馬地	2.7		46.0		674.0	177.0		329.0
2020/3/11	3	第四班	1650米	(60-40)	好地	草地 - "C" 賽道	3	12	喜悅明駒(A044)	梁家俊	丁冠豪	116	1035	4	2-1/2	5 6 2 3	1:41.64	13	-	-	* 2	H/TT	7	跑馬地	2.7			39.0			105.0	329.0
2020/3/11	3	第四班	1650米	(60-40)	好地	草地 - "C" 賽道	4	4	陽光(A371)	蔡明紹	呂健威	129	1125	11	2-3/4	10 10 4 4	1:41.65	13	-	-	1	 	6	跑馬地	2.7							
2020/3/11	3	第四班	1650米	(60-40)	好地	草地 - "C" 賽道	5	7	雙節棍(C357)	何澤堯	方嘉柏	123	1034	6	2-3/4	3 4 6 5	1:41.65	11	-	-	* 2	XB1/TT	5	跑馬地	2.7							
2020/3/11	3	第四班	1650米	(60-40)	好地	草地 - "C" 賽道	6	1	多多(C109)	莫雷拉	蔡約翰	133	1022	3	3-1/4	9 9 11 6	1:41.75	2.4	1st Hot	-	+ 1	H	4	跑馬地	2.7							
2020/3/11	3	第四班	1650米	(60-40)	好地	草地 - "C" 賽道	7	6	踏雪飛翔(D094)	黎海榮	姚本輝	125	1028	2	3-1/4	2 3 5 7	1:41.76	21	-	-	* 2	B-/TT	4	跑馬地	2.7							
2020/3/11	3	第四班	1650米	(60-40)	好地	草地 - "C" 賽道	8	5	韻妙星(A363)	潘頓	霍利時	126	1276	1	4-1/4	4 5 8 8	1:41.92	3.9	2nd Hot	-	+ 2	B	6	跑馬地	2.7							
2020/3/11	3	第四班	1650米	(60-40)	好地	草地 - "C" 賽道	9	9	皇圖(C123)	史卓豐	葉楚航	121	1146	9	6	8 8 9 9	1:42.20	54	-	-	+ 1	B	5	跑馬地	2.7							
2020/3/11	3	第四班	1650米	(60-40)	好地	草地 - "C" 賽道	10	11	任意駒(C047)	黃皓楠	徐雨石	116	1081	10	7-1/2	11 11 10 10	1:42.42	123	-	-	1	CP1	4	跑馬地	2.7							
2020/3/11	3	第四班	1650米	(60-40)	好地	草地 - "C" 賽道	11	10	遨遊之星(C098)	潘明輝	容天鵬	118	1212	5	9-1/4	1 1 3 11	1:42.71	16	-	-	1	B-/V2/TT	4	跑馬地	2.7							
2020/3/11	3	第四班	1650米	(60-40)	好地	草地 - "C" 賽道		8	鵲橋飛渡(A247)	郭能	高伯新	122	---	---	---	---	---	---	-	-	-	-	6	跑馬地	2.7							
2020/3/11	4	第四班	1200米	(60-40)	好地	草地 - "C" 賽道	1	1	電子大師(A254)	何澤堯	方嘉柏	132	1133	1	-	7 9 1	1:10.46	7.5	-	-	* 2	XB	6	跑馬地	2.7	28.0			221.5	84.0	296.5	
2020/3/11	4	第四班	1200米	(60-40)	好地	草地 - "C" 賽道	2	9	勝利紅星(D031)	莫雷拉	蔡約翰	122	1199	8	頸位	11 11 2	1:10.54	5.1	2nd Hot	-	* 2	PC	3	跑馬地	2.7		20.5		221.5	84.0		215.5
2020/3/11	4	第四班	1200米	(60-40)	好地	草地 - "C" 賽道	3	2	人和家盛(C531)	黎海榮	沈集成	132	1002	7	1/2	12 12 3	1:10.55	23	-	-	* 1	 	4	跑馬地	2.7			71.5			296.5	215.5
2020/3/11	4	第四班	1200米	(60-40)	好地	草地 - "C" 賽道	4	5	常勝心(D044)	郭能	羅富全	128	1221	5	1/2	3 4 4	1:10.56	5.5	-	-	+ 1	CP-	4	跑馬地	2.7							
2020/3/11	4	第四班	1200米	(60-40)	好地	草地 - "C" 賽道	5	4	善傳千里(A121)	潘頓	文家良	128	1107	10	1	5 6 5	1:10.63	6.6	-	-	+ 1	 	6	跑馬地	2.7							
2020/3/11	4	第四班	1200米	(60-40)	好地	草地 - "C" 賽道	6	7	福滿寶(D118)	潘明輝	賀賢	125	1042	6	1-1/4	10 10 6	1:10.66	10	-	-	+ * 2	XB/H1/P1	4	跑馬地	2.7							
2020/3/11	4	第四班	1200米	(60-40)	好地	草地 - "C" 賽道	7	6	天天向上(D261)	薛恩	韋達	127	1102	11	2	2 2 7	1:10.78	18	-	-	* 1	 	3	跑馬地	2.7							
2020/3/11	4	第四班	1200米	(60-40)	好地	草地 - "C" 賽道	8	12	寶貝兒(B365)	梁家俊	蘇偉賢	117	995	3	3	8 8 8	1:10.93	33	-	-	* 2	XB/TT	5	跑馬地	2.7							
2020/3/11	4	第四班	1200米	(60-40)	好地	草地 - "C" 賽道	9	3	金碧輝煌(T076)	利敬國	丁冠豪	131	1081	2	3	4 3 9	1:10.94	4.3	1st Hot	-	1	B/TT	9	跑馬地	2.7							
2020/3/11	4	第四班	1200米	(60-40)	好地	草地 - "C" 賽道	10	10	天地僑福(C438)	史卓豐	葉楚航	120	1061	12	3-3/4	9 5 10	1:11.06	14	-	-	+ 1	B1	4	跑馬地	2.7							
2020/3/11	4	第四班	1200米	(60-40)	好地	草地 - "C" 賽道	11	8	有苗頭(D097)	巫顯東	徐雨石	124	996	4	5	6 7 11	1:11.28	257	-	-	+ 1	H-	3	跑馬地	2.7							
2020/3/11	4	第四班	1200米	(60-40)	好地	草地 - "C" 賽道	12	11	爪皇轟天(A291)	蔡明紹	霍利時	119	1127	9	13	1 1 12	1:12.55	56	-	-	* 2	B/TT	6	跑馬地	2.7							
2020/3/11	5	第三班	1200米	(80-60)	好地	草地 - "C" 賽道	1	1	極速駿馬(B211)	黃俊	羅富全	128	1193	2	-	1 1 1	1:09.58	3	1st Hot	-	* 2	B/TT	5	跑馬地	2.7	13.5				81.5	32.0	39.0	24.0			
2020/3/11	5	第三班	1200米	(80-60)	好地	草地 - "C" 賽道	2	9	超能量(B294)	利敬國	韋達	120	1120	10	1/2	8 8 2	1:09.66	5.2	2nd Hot	-	+ 2	B/XB	5	跑馬地	2.7		17.5			81.5	32.0			45.0	22.0	
2020/3/11	5	第三班	1200米	(80-60)	好地	草地 - "C" 賽道	3 平頭馬	5	疾風勁草(D197)	莫雷拉	蔡約翰	127	1095	4	1/2	10 9 3	1:09.67	16	-	-	* 1	 	4	跑馬地	2.7			23.5				39.0		45.0		56.5
2020/3/11	5	第三班	1200米	(80-60)	好地	草地 - "C" 賽道	3 平頭馬	11	壽臣(C326)	潘頓	約翰摩亞	120	1116	9	1/2	6 7 3	1:09.67	6.6	-	-	+ 1	B	4	跑馬地	2.7				11.0				24.0		22.0	56.5
2020/3/11	5	第三班	1200米	(80-60)	好地	草地 - "C" 賽道	5	8	加州多寶(C077)	郭能	告東尼	122	1127	6	1/2	7 5 5	1:09.69	10	-	-	2	B/TT	5	跑馬地	2.7											
2020/3/11	5	第三班	1200米	(80-60)	好地	草地 - "C" 賽道	6	6	最驫(A022)	梁家俊	沈集成	125	1176	1	1-1/2	4 4 6	1:09.81	11	-	-	+ 1	B/TT	7	跑馬地	2.7											
2020/3/11	5	第三班	1200米	(80-60)	好地	草地 - "C" 賽道	7	10	雪戰神駒(B371)	蔡明紹	高伯新	119	1095	11	2	12 12 7	1:09.89	16	-	-	1	B	5	跑馬地	2.7											
2020/3/11	5	第三班	1200米	(80-60)	好地	草地 - "C" 賽道	8	4	同進(V315)	何澤堯	方嘉柏	127	1152	3	2-1/4	9 10 8	1:09.95	9	-	-	* 2	V1	7	跑馬地	2.7											
2020/3/11	5	第三班	1200米	(80-60)	好地	草地 - "C" 賽道	9	12	旋里多彩(B469)	黃皓楠	徐雨石	113	1075	7	2-3/4	2 2 9	1:10.02	12	-	-	1	B	4	跑馬地	2.7											
2020/3/11	5	第三班	1200米	(80-60)	好地	草地 - "C" 賽道	10	7	桃花盛(D234)	潘明輝	賀賢	121	1197	8	3	11 11 10	1:10.06	97	-	-	1	 	3	跑馬地	2.7											
2020/3/11	5	第三班	1200米	(80-60)	好地	草地 - "C" 賽道	11	2	電訊驫馬(C181)	史卓豐	丁冠豪	131	1131	12	3	3 3 11	1:10.07	33	-	-	1	TT	5	跑馬地	2.7											
2020/3/11	5	第三班	1200米	(80-60)	好地	草地 - "C" 賽道	12	3	更跑得(C400)	薛恩	霍利時	128	1080	5	10-1/2	5 6 12	1:11.27	227	-	-	2	SR	4	跑馬地	2.7											
2020/3/11	6	第四班	1650米	(60-40)	好地	草地 - "C" 賽道	1	4	芙蓉莊(B339)	潘頓	姚本輝	126	1019	2	-	6 6 4 1	1:39.76	4.1	2nd Hot	-	+ 1	B	5	跑馬地	2.7	15.0			54.5	25.0	53.0	
2020/3/11	6	第四班	1650米	(60-40)	好地	草地 - "C" 賽道	2	9	大眾勁駒(B074)	莫雷拉	文家良	119	1161	5	1	7 7 7 2	1:39.94	2.5	1st Hot	-	1	B	5	跑馬地	2.7		13.0		54.5	25.0		39.5
2020/3/11	6	第四班	1650米	(60-40)	好地	草地 - "C" 賽道	3	2	紅粉彩影(C284)	利敬國	韋達	131	1056	8	1-1/2	9 10 10 3	1:40.01	6.8	-	-	* 1	XB	5	跑馬地	2.7			22.0			53.0	39.5
2020/3/11	6	第四班	1650米	(60-40)	好地	草地 - "C" 賽道	4	11	金津輝煌(V400)	梁家俊	苗禮德	116	1176	12	5	12 12 12 4	1:40.57	57	-	-	+ 1	B	6	跑馬地	2.7							
2020/3/11	6	第四班	1650米	(60-40)	好地	草地 - "C" 賽道	5	10	鑽石達人(V341)	蔡明紹	告東尼	117	1154	6	5-1/2	2 4 3 5	1:40.65	29	-	-	1	V/TT	7	跑馬地	2.7							
2020/3/11	6	第四班	1650米	(60-40)	好地	草地 - "C" 賽道	6	6	齊齊發(B356)	薛恩	鄭俊偉	123	1186	1	5-3/4	8 9 6 6	1:40.69	10	-	-	+ 1	B/TT	5	跑馬地	2.7							
2020/3/11	6	第四班	1650米	(60-40)	好地	草地 - "C" 賽道	7	1	歡喜心(A224)	陳嘉熙	蔡約翰	126	1123	4	6	5 5 5 7	1:40.74	17	-	-	* 2	 	6	跑馬地	2.7							
2020/3/11	6	第四班	1650米	(60-40)	好地	草地 - "C" 賽道	8	7	千金不換(D091)	郭能	高伯新	122	1286	11	7-1/2	10 8 9 8	1:40.96	95	-	-	+ 2	B	3	跑馬地	2.7							
2020/3/11	6	第四班	1650米	(60-40)	好地	草地 - "C" 賽道	9	12	爪皇烈焰(T353)	潘明輝	霍利時	112	1181	3	8-1/4	11 11 11 9	1:41.09	15	-	-	+ 1	B/TT	8	跑馬地	2.7							
2020/3/11	6	第四班	1650米	(60-40)	好地	草地 - "C" 賽道	10	8	塑料喜(T326)	黃俊	丁冠豪	115	1095	9	8-3/4	1 1 1 10	1:41.16	24	-	-	* 1	B	7	跑馬地	2.7							
2020/3/11	6	第四班	1650米	(60-40)	好地	草地 - "C" 賽道	11	5	精彩飛動(B095)	何澤堯	方嘉柏	124	1034	10	9-1/4	4 2 2 11	1:41.24	12	-	-	1	TT	6	跑馬地	2.7							
2020/3/11	6	第四班	1650米	(60-40)	好地	草地 - "C" 賽道	12	3	正時機(C161)	史卓豐	葉楚航	127	1271	7	28-1/4	3 3 8 12	1:44.29	55	-	-	* 2	B	5	跑馬地	2.7							
2020/3/11	7	第三班	1200米	(80-60)	好地	草地 - "C" 賽道	1	1	大紅包(B246)	何澤堯	呂健威	133	1051	1	-	6 5 1	1:09.87	2.7	1st Hot	-	1	XB	6	跑馬地	2.7	13.5			89.5	36.5	43.0	
2020/3/11	7	第三班	1200米	(80-60)	好地	草地 - "C" 賽道	2	9	閃耀榮光(B372)	莫雷拉	容天鵬	120	1184	11	3/4	2 2 2	1:09.98	6.5	-	-	1	V-/CP2/TT	5	跑馬地	2.7		21.0		89.5	36.5		74.0
2020/3/11	7	第三班	1200米	(80-60)	好地	草地 - "C" 賽道	3	6	醒目勇駒(B456)	薛恩	告東尼	124	1142	2	3/4	7 7 3	1:09.99	7.9	-	-	1	B/TT	5	跑馬地	2.7			21.5			43.0	74.0
2020/3/11	7	第三班	1200米	(80-60)	好地	草地 - "C" 賽道	4	2	精彩輝煌(B411)	郭能	方嘉柏	130	1109	3	3/4	8 8 4	1:10.01	11	-	-	+ 1	B1	5	跑馬地	2.7							
2020/3/11	7	第三班	1200米	(80-60)	好地	草地 - "C" 賽道	5	4	以戰養戰(D024)	潘頓	羅富全	129	1138	5	1-1/2	3 4 5	1:10.13	5.7	2nd Hot	-	+ 1	B	4	跑馬地	2.7							
2020/3/11	7	第三班	1200米	(80-60)	好地	草地 - "C" 賽道	6	3	知道必勝(C383)	巫顯東	沈集成	127	1217	6	1-3/4	10 10 6	1:10.17	8.3	-	-	* 2	B-/TT	3	跑馬地	2.7							
2020/3/11	7	第三班	1200米	(80-60)	好地	草地 - "C" 賽道	7	7	奇妙星(D068)	利敬國	韋達	123	1149	9	2-3/4	4 3 7	1:10.29	17	-	-	+ 1	XB/B1	4	跑馬地	2.7							
2020/3/11	7	第三班	1200米	(80-60)	好地	草地 - "C" 賽道	8	11	老實人(B200)	史卓豐	霍利時	119	1241	4	3-1/2	5 6 8	1:10.41	13	-	-	1	B	5	跑馬地	2.7							
2020/3/11	7	第三班	1200米	(80-60)	好地	草地 - "C" 賽道	9	10	嶺寶峯(B333)	黃皓楠	徐雨石	115	1046	7	4-1/4	9 9 9	1:10.53	175	-	-	2	 	6	跑馬地	2.7							
2020/3/11	7	第三班	1200米	(80-60)	好地	草地 - "C" 賽道	10	5	一舖縱橫(B385)	潘明輝	丁冠豪	125	1065	8	7-3/4	11 11 10	1:11.11	50	-	-	* 2	H/TT	5	跑馬地	2.7							
2020/3/11	7	第三班	1200米	(80-60)	好地	草地 - "C" 賽道	11	8	會長之星(C205)	梁家俊	約翰摩亞	121	1138	10	8	1 1 11	1:11.14	43	-	-	2	TT	4	跑馬地	2.7							
2020/3/11	8	第三班	1800米	(80-60)	好地	草地 - "C" 賽道	1	11	水箭龜(C450)	莫雷拉	霍利時	115	1036	8	-	2 4 4 3 1	1:49.78	6	-	-	1	SR	4	跑馬地	2.7	19.5			146.0	51.0	247.5	
2020/3/11	8	第三班	1800米	(80-60)	好地	草地 - "C" 賽道	2	4	好鬥心(C443)	潘頓	呂健威	127	1084	1	短馬頭位	7 7 8 7 2	1:49.79	5.1	2nd Hot	-	+ 1	H-/B/TT	5	跑馬地	2.7		20.0		146.0	51.0		257.5
2020/3/11	8	第三班	1800米	(80-60)	好地	草地 - "C" 賽道	3	7	明月光(T369)	蔡明紹	蘇保羅	119	1032	7	頸位	6 3 3 4 3	1:49.84	32	-	-	+ 1	B	8	跑馬地	2.7			62.5			247.5	257.5
2020/3/11	8	第三班	1800米	(80-60)	好地	草地 - "C" 賽道	4	1	全民佳知(C288)	黃俊	姚本輝	128	1111	12	3/4	1 1 1 1 4	1:49.90	7.3	-	-	+ 1	B/XB	4	跑馬地	2.7							
2020/3/11	8	第三班	1800米	(80-60)	好地	草地 - "C" 賽道	5	6	肥仔威威(B366)	何澤堯	方嘉柏	122	1041	2	1-1/4	10 9 10 10 5	1:49.99	3.2	1st Hot	-	1	V/TT	5	跑馬地	2.7							
2020/3/11	8	第三班	1800米	(80-60)	好地	草地 - "C" 賽道	6	3	興惑(B351)	史卓豐	告東尼	128	1018	11	1-1/2	11 12 11 11 6	1:50.01	31	-	-	+ 1	B/TT	6	跑馬地	2.7							
2020/3/11	8	第三班	1800米	(80-60)	好地	草地 - "C" 賽道	7	12	藍海策略(A411)	潘明輝	葉楚航	112	1080	5	1-3/4	9 10 9 9 7	1:50.07	19	-	-	1	B	6	跑馬地	2.7							
2020/3/11	8	第三班	1800米	(80-60)	好地	草地 - "C" 賽道	8	8	我𢥧意(C038)	楊明綸	蘇偉賢	116	1110	4	2	5 5 6 5 8	1:50.09	30	-	-	* 1	B/TT	5	跑馬地	2.7							
2020/3/11	8	第三班	1800米	(80-60)	好地	草地 - "C" 賽道	9	10	共創歡樂(C210)	巫顯東	何良	112	1034	6	2-1/4	4 6 5 6 9	1:50.14	16	-	-	+ 1	TT1	5	跑馬地	2.7							
2020/3/11	8	第三班	1800米	(80-60)	好地	草地 - "C" 賽道	10	5	全才(B213)	利敬國	韋達	127	1061	10	3-1/4	12 11 12 12 10	1:50.28	19	-	-	1	B-/V1/XB1/TT-	6	跑馬地	2.7							
2020/3/11	8	第三班	1800米	(80-60)	好地	草地 - "C" 賽道	11	2	軍民歡(B208)	薛恩	韋達	128	1054	3	3-1/2	8 8 7 8 11	1:50.33	13	-	-	2	B-/V2	6	跑馬地	2.7							
2020/3/11	8	第三班	1800米	(80-60)	好地	草地 - "C" 賽道	12	9	機臣(D041)	梁家俊	約翰摩亞	116	1115	9	4-3/4	3 2 2 2 12	1:50.54	13	-	-	+ 1	B/XB	4	跑馬地	2.7							
2020/3/14	1	第五班	1200米	(40-0)	好地	草地 - "C+3" 賽道	1	7	萬事欣(T129)	黃俊	何良	125	1190	8	-	1 1 1	1:10.17	26	-	-	+ 1	B	8	沙田	2.71	61.5			634.5	174.5	627.5	
2020/3/14	1	第五班	1200米	(40-0)	好地	草地 - "C+3" 賽道	2	3	太陽戰馬(C212)	潘頓	徐雨石	133	1159	3	短馬頭位	2 2 2	1:10.20	4.7	-	-	+ 1	B	5	沙田	2.71		16.5		634.5	174.5		141.5
2020/3/14	1	第五班	1200米	(40-0)	好地	草地 - "C+3" 賽道	3	9	獵狐章者(B187)	黃皓楠	呂健威	121	1014	1	3/4	6 6 3	1:10.28	25	-	-	* 1	B/TT	5	沙田	2.71			50.5			627.5	141.5
2020/3/14	1	第五班	1200米	(40-0)	好地	草地 - "C+3" 賽道	4	8	紅磚勇士(C304)	何澤堯	賀賢	127	1063	6	1-1/4	7 5 4	1:10.37	2.6	1st Hot	-	+ 1	B	4	沙田	2.71							
2020/3/14	1	第五班	1200米	(40-0)	好地	草地 - "C+3" 賽道	5	10	漸信龍駒(C017)	潘明輝	葉楚航	121	1035	11	2-1/4	10 10 5	1:10.54	28	-	-	+ 1	B/XB/TT	5	沙田	2.71							
2020/3/14	1	第五班	1200米	(40-0)	好地	草地 - "C+3" 賽道	6	6	勁飛聖(T361)	梁家俊	容天鵬	131	1087	2	2-1/2	3 3 6	1:10.57	60	-	-	* 1	TT	7	沙田	2.71							
2020/3/14	1	第五班	1200米	(40-0)	好地	草地 - "C+3" 賽道	7	5	友盈有款(B182)	史卓豐	蘇偉賢	132	1069	4	2-3/4	5 8 7	1:10.59	4.2	2nd Hot	-	+ 1	 	5	沙田	2.71							
2020/3/14	1	第五班	1200米	(40-0)	好地	草地 - "C+3" 賽道	8	2	勁瀟灑(C252)	莫雷拉	羅富全	133	1092	10	3-3/4	11 12 8	1:10.76	11	-	-	+ 1	B/XB	4	沙田	2.71							
2020/3/14	1	第五班	1200米	(40-0)	好地	草地 - "C+3" 賽道	9	4	喜多樂(C224)	楊明綸	丁冠豪	133	1184	12	5-1/2	12 9 9	1:11.03	23	-	-	+ 1	CP1/TT	4	沙田	2.71							
2020/3/14	1	第五班	1200米	(40-0)	好地	草地 - "C+3" 賽道	10	11	雷霆導彈(A281)	蔡明紹	文家良	123	1192	5	5-1/2	9 11 10	1:11.05	45	-	-	+ 1	B/TT	6	沙田	2.71							
2020/3/14	1	第五班	1200米	(40-0)	好地	草地 - "C+3" 賽道	11	12	玩斗財星(C243)	波健士	苗禮德	115	1113	9	6	8 7 11	1:11.13	44	-	-	* 1	V-/B2	4	沙田	2.71							
2020/3/14	1	第五班	1200米	(40-0)	好地	草地 - "C+3" 賽道	12	1	餘皇(B155)	利敬國	韋達	133	1076	7	28-1/4	4 4 12	1:14.67	13	-	-	* 1	B	6	沙田	2.71							
2020/3/14	2	第四班	1200米	(60-40)	好地	草地 - "C+3" 賽道	1	5	北極光(D105)	潘頓	賀賢	125	1108	5	-	5 3 1	1:09.50	1.7	1st Hot	-	1	 	3	沙田	2.71	12.0			104.0	44.5	20.5	
2020/3/14	2	第四班	1200米	(60-40)	好地	草地 - "C+3" 賽道	2	8	上校(D090)	利敬國	姚本輝	124	1142	12	1/2	1 1 2	1:09.59	14	-	-	+ 1	B-	3	沙田	2.71		26.0		104.0	44.5		94.0
2020/3/14	2	第四班	1200米	(60-40)	好地	草地 - "C+3" 賽道	3	7	幸運傳奇(D047)	莫雷拉	羅富全	125	1233	6	1-3/4	6 4 3	1:09.79	4.7	2nd Hot	-	+ 1	 	3	沙田	2.71			14.0			20.5	94.0
2020/3/14	2	第四班	1200米	(60-40)	好地	草地 - "C+3" 賽道	4	10	英明勇將(T348)	何澤堯	呂健威	123	1062	1	2-1/2	7 7 4	1:09.91	5.3	-	-	+ 1	B/H	8	沙田	2.71							
2020/3/14	2	第四班	1200米	(60-40)	好地	草地 - "C+3" 賽道	5	3	歡樂好友(C533)	史卓豐	丁冠豪	130	1074	3	3	4 6 5	1:09.97	43	-	-	+ 1	 	4	沙田	2.71							
2020/3/14	2	第四班	1200米	(60-40)	好地	草地 - "C+3" 賽道	6	1	紅星(V273)	黃俊	葉楚航	128	1088	10	4-1/2	12 11 6	1:10.22	20	-	-	1	 	7	沙田	2.71							
2020/3/14	2	第四班	1200米	(60-40)	好地	草地 - "C+3" 賽道	7	4	度身訂做(C522)	薛恩	鄭俊偉	130	1034	4	4-1/2	10 9 7	1:10.22	93	-	-	+ 1	 	4	沙田	2.71							
2020/3/14	2	第四班	1200米	(60-40)	好地	草地 - "C+3" 賽道	8	12	埼豐(A083)	巫顯東	徐雨石	110	1034	2	4-3/4	9 12 8	1:10.26	41	-	-	1	 	7	沙田	2.71							
2020/3/14	2	第四班	1200米	(60-40)	好地	草地 - "C+3" 賽道	9	9	兩全其美(D205)	蔡明紹	方嘉柏	123	1163	7	7-1/4	11 10 9	1:10.66	222	-	-	1	 	3	沙田	2.71							
2020/3/14	2	第四班	1200米	(60-40)	好地	草地 - "C+3" 賽道	10	2	英之友(A373)	郭能	容天鵬	131	1123	11	8	3 2 10	1:10.77	43	-	-	+ 1	 	6	沙田	2.71							
2020/3/14	2	第四班	1200米	(60-40)	好地	草地 - "C+3" 賽道	11	11	勇敢神駒(C066)	潘明輝	告東尼	118	1062	9	8-3/4	2 5 11	1:10.90	33	-	-	1	B/TT	5	沙田	2.71							
2020/3/14	2	第四班	1200米	(60-40)	好地	草地 - "C+3" 賽道	12	6	趣怡(D242)	梁家俊	約翰摩亞	125	1029	8	9-1/4	8 8 12	1:10.98	223	-	-	1	B1	3	沙田	2.71							
2020/3/14	3	第四班	1000米	(60-40)	好地	草地 - "C+3" 賽道	1	11	佳景福星(C454)	潘頓	葉楚航	124	1130	1	-	3 2 1	0:56.88	4.6	-	-	+ 1	XB	3	沙田	2.71	18.5			142.0	54.0	48.5	
2020/3/14	3	第四班	1000米	(60-40)	好地	草地 - "C+3" 賽道	2	13	戰熊三千(C457)	利敬國	霍利時	118	1155	14	1-1/4	7 7 2	0:57.04	5.2	-	W P	+ 1	B	3	沙田	2.71		17.0		142.0	54.0		48.5
2020/3/14	3	第四班	1000米	(60-40)	好地	草地 - "C+3" 賽道	3	6	都柏名駒(C436)	莫雷拉	文家良	126	1220	6	1-1/2	13 10 3	0:57.08	4.5	2nd Hot	-	+ 1	B	3	沙田	2.71			17.5			48.5	48.5
2020/3/14	3	第四班	1000米	(60-40)	好地	草地 - "C+3" 賽道	4	5	揚名聲(C395)	史卓豐	苗禮德	126	1218	8	2	1 1 4	0:57.20	23	-	-	+ 1	 	3	沙田	2.71							
2020/3/14	3	第四班	1000米	(60-40)	好地	草地 - "C+3" 賽道	5	2	自在人生(B169)	波健士	羅富全	128	1163	5	2-3/4	10 8 5	0:57.33	48	-	-	1	XB/TT	6	沙田	2.71							
2020/3/14	3	第四班	1000米	(60-40)	好地	草地 - "C+3" 賽道	6	1	精算八方(A221)	陳嘉熙	蔡約翰	126	1130	13	3-1/4	2 5 6	0:57.40	4.2	1st Hot	-	1	PC/XB	6	沙田	2.71							
2020/3/14	3	第四班	1000米	(60-40)	好地	草地 - "C+3" 賽道	7	4	勁得手(C030)	梁家俊	容天鵬	126	1288	4	3-1/4	5 4 7	0:57.41	145	-	-	1	B/TT	4	沙田	2.71							
2020/3/14	3	第四班	1000米	(60-40)	好地	草地 - "C+3" 賽道	8	3	富高八斗(B473)	何澤堯	姚本輝	128	1127	2	4-1/2	8 3 8	0:57.58	8.7	-	-	+ 1	TT1	4	沙田	2.71							
2020/3/14	3	第四班	1000米	(60-40)	好地	草地 - "C+3" 賽道	9	10	陽光大地(A130)	黃俊	高伯新	120	1082	11	4-3/4	4 9 9	0:57.64	14	-	-	+ 1	B	6	沙田	2.71							
2020/3/14	3	第四班	1000米	(60-40)	好地	草地 - "C+3" 賽道	10	9	愛凡達(C187)	巫顯東	徐雨石	123	1139	12	5-1/4	12 13 10	0:57.71	73	-	-	1	 	4	沙田	2.71							
2020/3/14	3	第四班	1000米	(60-40)	好地	草地 - "C+3" 賽道	11	8	富存英雄(D245)	蔡明紹	賀賢	126	1146	3	6	9 6 11	0:57.84	14	-	-	+ 1	 	3	沙田	2.71							
2020/3/14	3	第四班	1000米	(60-40)	好地	草地 - "C+3" 賽道	12	14	西夏之王(C295)	黎海榮	蘇偉賢	115	1049	7	7-1/2	11 12 12	0:58.09	317	-	-	* 1	H/TT	4	沙田	2.71							
2020/3/14	3	第四班	1000米	(60-40)	好地	草地 - "C+3" 賽道	13	7	財神再到(D030)	潘明輝	丁冠豪	124	1077	9	14-1/2	6 11 13	0:59.21	148	-	-	1	H1	3	沙田	2.71							
2020/3/14	3	第四班	1000米	(60-40)	好地	草地 - "C+3" 賽道		12	南區寶(D149)	郭能	約翰摩亞	122	---	---	---	---	---	---	-	-	-	-	3	沙田	2.71							
2020/3/14	4	第四班	1400米	(60-40)	好地	草地 - "C+3" 賽道	1	4	至尊高陞(D052)	莫雷拉	蔡約翰	130	1279	2	-	7 5 5 1	1:21.78	1.5	1st Hot	-	+ 1	 	4	沙田	2.71	10.1			97.5	41.0	20.5	
2020/3/14	4	第四班	1400米	(60-40)	好地	草地 - "C+3" 賽道	2	8	嘉應精彩(C526)	薛恩	告東尼	127	1061	12	鼻位	3 3 3 2	1:21.79	15	-	-	+ 1	CP/TT	4	沙田	2.71		27.0		97.5	41.0		119.0
2020/3/14	4	第四班	1400米	(60-40)	好地	草地 - "C+3" 賽道	3	6	勁力威龍(C437)	何澤堯	文家良	129	1068	5	3/4	10 10 8 3	1:21.93	7.4	2nd Hot	-	1	B	3	沙田	2.71			17.0			20.5	119.0
2020/3/14	4	第四班	1400米	(60-40)	好地	草地 - "C+3" 賽道	4	7	泰益善(B358)	潘明輝	沈集成	126	1071	4	1-1/2	9 8 7 4	1:22.02	37	-	-	1	B/TT	5	沙田	2.71							
2020/3/14	4	第四班	1400米	(60-40)	好地	草地 - "C+3" 賽道	5	1	閃耀鑽皇(S347)	梁家俊	容天鵬	132	1147	11	1-1/2	13 13 10 5	1:22.04	76	-	-	+ 1	V-/B2/TT	8	沙田	2.71							
2020/3/14	4	第四班	1400米	(60-40)	好地	草地 - "C+3" 賽道	6	10	保羅承傳(C517)	楊明綸	羅富全	125	1054	6	2-1/2	2 2 1 6	1:22.18	48	-	-	* 1	H-/B	3	沙田	2.71							
2020/3/14	4	第四班	1400米	(60-40)	好地	草地 - "C+3" 賽道	7	13	百寶袋(D008)	黎海榮	姚本輝	119	1055	10	3-1/4	4 4 4 7	1:22.31	36	-	-	1	CP	4	沙田	2.71							
2020/3/14	4	第四班	1400米	(60-40)	好地	草地 - "C+3" 賽道	8	12	好友利(C223)	利敬國	徐雨石	121	1006	8	3-1/4	8 9 12 8	1:22.32	9.4	-	-	+ 1	B	4	沙田	2.71							
2020/3/14	4	第四班	1400米	(60-40)	好地	草地 - "C+3" 賽道	9	3	關鍵時機(C159)	蔡明紹	方嘉柏	131	1145	1	4-1/2	11 11 9 9	1:22.49	8.8	-	-	+ 1	 	5	沙田	2.71							
2020/3/14	4	第四班	1400米	(60-40)	好地	草地 - "C+3" 賽道	10	5	真精采(C270)	郭能	呂健威	129	1141	7	5-1/2	6 7 6 10	1:22.65	46	-	-	* 1	H/TT	4	沙田	2.71							
2020/3/14	4	第四班	1400米	(60-40)	好地	草地 - "C+3" 賽道	11	14	醫生雄星(C335)	蘇狄雄	賀賢	113	1056	3	5-1/2	12 12 11 11	1:22.67	320	-	-	* 1	B	4	沙田	2.71							
2020/3/14	4	第四班	1400米	(60-40)	好地	草地 - "C+3" 賽道	12	9	怪獸都市(A190)	巫顯東	何良	124	1154	9	12-1/4	1 1 2 12	1:23.73	39	-	-	* 1	V	6	沙田	2.71							
2020/3/14	4	第四班	1400米	(60-40)	好地	草地 - "C+3" 賽道	13	2	牽旺羣星(D062)	波健士	蘇保羅	132	1069	13	23	14 14 14 13	1:25.48	397	-	-	* 1	 	4	沙田	2.71							
2020/3/14	4	第四班	1400米	(60-40)	好地	草地 - "C+3" 賽道	14	11	幸運勝駒(C514)	黃俊	丁冠豪	119	1148	14	25	5 6 13 14	1:25.80	374	-	-	1	TT	3	沙田	2.71							
2020/3/14	5	第四班	1800米	(60-35)	好地	全天候跑道	1	10	精彩千里(C331)	梁家俊	約翰摩亞	122	1139	9	-	1 1 1 1 1	1:47.73	10	-	-	+ 1	CP	3	沙田	2.71	23.5			140.5	56.5	82.0	
2020/3/14	5	第四班	1800米	(60-35)	好地	全天候跑道	2	2	為食格格(C312)	莫雷拉	蘇偉賢	132	1261	7	頸位	4 3 4 4 2	1:47.80	2.4	1st Hot	-	+ 1	TT	4	沙田	2.71		14.0		140.5	56.5		29.5
2020/3/14	5	第四班	1800米	(60-35)	好地	全天候跑道	3	4	榮冠大道(V378)	潘頓	葉楚航	131	1168	1	2-1/4	8 6 7 7 3	1:48.09	5	-	-	1	V	7	沙田	2.71			15.5			82.0	29.5
2020/3/14	5	第四班	1800米	(60-35)	好地	全天候跑道	4	8	威利熱流(T281)	薛恩	蘇保羅	126	1132	6	4-1/4	10 9 10 6 4	1:48.43	54	-	-	+ 1	B	8	沙田	2.71							
2020/3/14	5	第四班	1800米	(60-35)	好地	全天候跑道	5	7	南莊瑞寶(B428)	何澤堯	呂健威	127	1156	2	6-1/4	6 8 8 9 5	1:48.73	3.5	2nd Hot	-	1	B	5	沙田	2.71							
2020/3/14	5	第四班	1800米	(60-35)	好地	全天候跑道	6	13	如沐春風(B150)	利敬國	鄭俊偉	115	1072	8	6-3/4	13 12 12 12 6	1:48.83	24	-	-	2	B	6	沙田	2.71							
2020/3/14	5	第四班	1800米	(60-35)	好地	全天候跑道	7	5	榮惑(C370)	史卓豐	告東尼	127	1013	4	6-3/4	11 11 11 11 7	1:48.83	144	-	-	1	B/TT	4	沙田	2.71							
2020/3/14	5	第四班	1800米	(60-35)	好地	全天候跑道	8	14	喜盈運(V337)	巫顯東	何良	110	1123	13	7-1/4	12 14 14 14 8	1:48.89	66	-	-	1	 	7	沙田	2.71							
2020/3/14	5	第四班	1800米	(60-35)	好地	全天候跑道	9	3	王者再現(V156)	蔡明紹	姚本輝	132	1133	14	8	9 5 3 3 9	1:49.02	68	-	-	1	V	7	沙田	2.71							
2020/3/14	5	第四班	1800米	(60-35)	好地	全天候跑道	10	12	好腳頭(S131)	黃皓楠	羅富全	114	1198	5	9-1/4	14 13 13 13 10	1:49.20	67	-	-	1	PC/TT	9	沙田	2.71							
2020/3/14	5	第四班	1800米	(60-35)	好地	全天候跑道	11	9	御風超影(C268)	楊明綸	丁冠豪	125	1041	10	9-3/4	3 4 5 8 11	1:49.29	118	-	-	* 1	 	4	沙田	2.71							
2020/3/14	5	第四班	1800米	(60-35)	好地	全天候跑道	12	6	悅目星光(A137)	黃俊	徐雨石	122	1106	11	11-1/2	2 2 2 2 12	1:49.58	69	-	-	1	 	7	沙田	2.71							
2020/3/14	5	第四班	1800米	(60-35)	好地	全天候跑道	13	1	上浦福滿(A193)	波健士	霍利時	133	1044	3	14	7 7 6 5 13	1:49.99	25	-	-	1	B	6	沙田	2.71							
2020/3/14	5	第四班	1800米	(60-35)	好地	全天候跑道	14	11	劍聶風(A201)	潘明輝	鄭俊偉	119	1069	12	14-3/4	5 10 9 10 14	1:50.10	22	-	-	+ 1	B	6	沙田	2.71							
2020/3/14	6	第三班	1400米	(80-60)	好地	草地 - "C+3" 賽道	1	7	行雲流水(D233)	梁家俊	沈集成	122	1145	4	-	1 1 1 1	1:21.59	14	-	-	2	TT	4	沙田	2.71	48.0			323.5	91.0	137.5	
2020/3/14	6	第三班	1400米	(80-60)	好地	草地 - "C+3" 賽道	2	9	高明駿將(C511)	何澤堯	呂健威	119	1011	2	短馬頭位	7 5 4 2	1:21.61	6.1	2nd Hot	-	1	H-/B	4	沙田	2.71		19.5		323.5	91.0		38.0
2020/3/14	6	第三班	1400米	(80-60)	好地	草地 - "C+3" 賽道	3	10	大眾歡呼(C225)	莫雷拉	羅富全	118	1142	7	1/2	4 6 7 3	1:21.67	4.1	1st Hot	-	1	CP/XB/TT	4	沙田	2.71			18.0			137.5	38.0
2020/3/14	6	第三班	1400米	(80-60)	好地	草地 - "C+3" 賽道	4	8	歡樂小子(S235)	潘頓	文家良	120	1279	14	1/2	10 12 10 4	1:21.70	12	-	-	1	V	9	沙田	2.71							
2020/3/14	6	第三班	1400米	(80-60)	好地	草地 - "C+3" 賽道	5	6	玩具達人(D203)	蔡明紹	姚本輝	124	1039	5	3/4	12 8 8 5	1:21.74	44	-	-	* 2	XB	4	沙田	2.71							
2020/3/14	6	第三班	1400米	(80-60)	好地	草地 - "C+3" 賽道	6	13	獨角寶寶(C203)	潘明輝	高伯新	114	1138	1	1	9 7 6 6	1:21.75	9.3	-	-	1	B/TT	5	沙田	2.71							
2020/3/14	6	第三班	1400米	(80-60)	好地	草地 - "C+3" 賽道	7	1	凱旋駿驥(B430)	黃皓楠	丁冠豪	112	1113	13	1-3/4	8 13 13 7	1:21.86	39	-	-	1	B/TT1	5	沙田	2.71							
2020/3/14	6	第三班	1400米	(80-60)	好地	草地 - "C+3" 賽道	8	2	美麗精神(B409)	薛恩	告東尼	130	1277	11	2	2 3 3 8	1:21.92	6.4	-	-	2	CP/TT	5	沙田	2.71							
2020/3/14	6	第三班	1400米	(80-60)	好地	草地 - "C+3" 賽道	9	12	湛江最醒(B406)	楊明綸	蘇偉賢	117	1064	12	2	14 11 9 9	1:21.92	29	-	-	2	TT	5	沙田	2.71							
2020/3/14	6	第三班	1400米	(80-60)	好地	草地 - "C+3" 賽道	10	4	心多多(B264)	黃俊	蘇保羅	124	1030	8	2-1/2	11 9 12 10	1:21.98	6.8	-	-	1	B	6	沙田	2.71							
2020/3/14	6	第三班	1400米	(80-60)	好地	草地 - "C+3" 賽道	11	14	好友益(T265)	巫顯東	徐雨石	111	1048	10	2-3/4	13 14 14 11	1:22.03	112	-	-	3	B	7	沙田	2.71							
2020/3/14	6	第三班	1400米	(80-60)	好地	草地 - "C+3" 賽道	12	3	請跟我來(B440)	陳嘉熙	蔡約翰	123	1125	9	4-3/4	5 10 11 12	1:22.35	13	-	-	2	TT	4	沙田	2.71							
2020/3/14	6	第三班	1400米	(80-60)	好地	草地 - "C+3" 賽道	13	11	家家成功(D069)	波健士	徐雨石	118	1183	3	8	3 4 5 13	1:22.86	208	-	-	1	B	4	沙田	2.71							
2020/3/14	6	第三班	1400米	(80-60)	好地	草地 - "C+3" 賽道	14	5	銀紙(B025)	史卓豐	苗禮德	127	1116	6	8-1/4	6 2 2 14	1:22.93	13	-	-	+ 1	B	5	沙田	2.71							
2020/3/14	6	第三班	1400米	(80-60)	好地	草地 - "C+3" 賽道			協進神駒(D263)	利敬國	韋達	133	---	---	---	---	---	---	-	-	-	-	4	沙田	2.71							
2020/3/14	7	第三班	1650米	(85-60)	好地	全天候跑道	1	2	精算閃擊(B147)	史卓豐	蔡約翰	132	1139	4	-	3 3 2 1	1:38.30	7.3	-	-	+ 1	H	6	沙田	2.71	19.5			784.0	224.0	211.0	
2020/3/14	7	第三班	1650米	(85-60)	好地	全天候跑道	2	5	蒙古王(A098)	波健士	徐雨石	129	1122	3	1-1/2	7 7 6 2	1:38.52	16	-	-	1	B	7	沙田	2.71		37.0		784.0	224.0		937.5
2020/3/14	7	第三班	1650米	(85-60)	好地	全天候跑道	3	11	加州銀晉(C042)	巫顯東	告東尼	113	1130	8	1-1/2	1 1 1 3	1:38.54	22	-	-	1	H/TT	5	沙田	2.71			51.5			211.0	937.5
2020/3/14	7	第三班	1650米	(85-60)	好地	全天候跑道	4	8	八太子(A426)	利敬國	沈集成	118	1065	6	1-1/2	4 4 4 4	1:38.55	11	-	-	1	B/TT	6	沙田	2.71							
2020/3/14	7	第三班	1650米	(85-60)	好地	全天候跑道	5	9	紅麗舍(A005)	潘頓	文家良	120	1157	2	1-3/4	8 8 7 5	1:38.58	4.8	2nd Hot	-	1	B	7	沙田	2.71							
2020/3/14	7	第三班	1650米	(85-60)	好地	全天候跑道	6	3	繽紛遊戲(C013)	陳嘉熙	羅富全	124	1072	11	2	6 6 8 6	1:38.61	24	-	-	1	B	5	沙田	2.71							
2020/3/14	7	第三班	1650米	(85-60)	好地	全天候跑道	7	12	安賦(B353)	黃俊	方嘉柏	110	1098	9	2-1/2	13 13 14 7	1:38.71	22	-	-	+ 1	V	6	沙田	2.71							
2020/3/14	7	第三班	1650米	(85-60)	好地	全天候跑道	8	1	鑽飛鷹(B309)	梁家俊	姚本輝	132	1177	10	2-3/4	2 2 3 8	1:38.75	24	-	-	* 1	TT	-	沙田	2.71							
2020/3/14	7	第三班	1650米	(85-60)	好地	全天候跑道	9	14	進力之城(D113)	蔡明紹	韋達	113	1045	5	3-1/4	10 10 9 9	1:38.82	30	-	-	1	CP-/SR-/P2	4	沙田	2.71							
2020/3/14	7	第三班	1650米	(85-60)	好地	全天候跑道	10	6	福威勝(B223)	何澤堯	呂健威	124	1137	12	3-1/4	12 12 12 10	1:38.82	10	-	-	1	 	6	沙田	2.71							
2020/3/14	7	第三班	1650米	(85-60)	好地	全天候跑道	11	4	滿冠熊(C143)	莫雷拉	霍利時	130	1006	7	4-1/4	11 11 10 11	1:38.97	2.6	1st Hot	-	1	 	5	沙田	2.71							
2020/3/14	7	第三班	1650米	(85-60)	好地	全天候跑道	12	13	旅遊首席(T098)	蘇狄雄	鄭俊偉	111	1212	14	5	9 9 11 12	1:39.08	110	-	-	1	B2/TT	9	沙田	2.71							
2020/3/14	7	第三班	1650米	(85-60)	好地	全天候跑道	13	7	和平路(B161)	黃皓楠	容天鵬	116	1140	13	5	14 14 13 13	1:39.11	50	-	-	1	H/XB/TT	6	沙田	2.71							
2020/3/14	7	第三班	1650米	(85-60)	好地	全天候跑道	14	10	老撾之光(C291)	潘明輝	約翰摩亞	115	989	1	7-3/4	5 5 5 14	1:39.52	78	-	-	1	CP/TT	4	沙田	2.71							
2020/3/14	8	第一班	1600米	(95+)	好地	草地 - "C+3" 賽道	1	4	精明才子(B090)	梁家俊	羅富全	121	1127	2	-	7 6 6 1	1:33.67	17	-	-		XB	6	沙田	2.71	39.5			1048.5	258.5	361.5	
2020/3/14	8	第一班	1600米	(95+)	好地	草地 - "C+3" 賽道	2	3	協霸神駒(B405)	薛恩	沈集成	122	1081	8	頭位	11 11 8 2	1:33.70	19	-	-		SR/TT	5	沙田	2.71		40.0		1048.5	258.5		261.0
2020/3/14	8	第一班	1600米	(95+)	好地	草地 - "C+3" 賽道	3	5	安騏(B109)	陳嘉熙	約翰摩亞	113	1058	11	頸位	1 1 1 3	1:33.72	12	-	-		B/TT	6	沙田	2.71			35.5			361.5	261.0
2020/3/14	8	第一班	1600米	(95+)	好地	草地 - "C+3" 賽道	4	6	載譽歸來(C215)	史卓豐	羅富全	120	1169	1	頸位	6 7 7 4	1:33.72	16	-	-		B	5	沙田	2.71							
2020/3/14	8	第一班	1600米	(95+)	好地	草地 - "C+3" 賽道	5	11	友誼至好(C050)	何澤堯	姚本輝	114	1010	3	1/2	8 9 9 5	1:33.74	2.9	2nd Hot	-		XB	5	沙田	2.71							
2020/3/14	8	第一班	1600米	(95+)	好地	草地 - "C+3" 賽道	6	7	百步穿雲(A165)	蔡明紹	賀賢	118	1144	6	1	9 8 10 6	1:33.82	14	-	-		H	7	沙田	2.71							
2020/3/14	8	第一班	1600米	(95+)	好地	草地 - "C+3" 賽道	7	9	志趣相投(A367)	莫雷拉	蔡約翰	115	1102	5	1-1/4	5 4 4 7	1:33.85	13	-	-		B	6	沙田	2.71							
2020/3/14	8	第一班	1600米	(95+)	好地	草地 - "C+3" 賽道	8	1	嘉應之星(C198)	潘頓	告東尼	133	1126	10	1-1/2	2 2 2 8	1:33.91	2.8	1st Hot	-		B-/V1/TT	5	沙田	2.71							
2020/3/14	8	第一班	1600米	(95+)	好地	草地 - "C+3" 賽道	9	10	奔雷(B328)	利敬國	羅富全	115	1058	7	1-3/4	10 10 11 9	1:33.96	13	-	-		XB	5	沙田	2.71							
2020/3/14	8	第一班	1600米	(95+)	好地	草地 - "C+3" 賽道	10	8	信心保證(B105)	潘明輝	約翰摩亞	111	1265	4	5	4 5 5 10	1:34.45	38	-	-		B/XB	6	沙田	2.71							
2020/3/14	8	第一班	1600米	(95+)	好地	草地 - "C+3" 賽道	11	2	達龍駒(C075)	波健士	羅富全	124	1130	9	9-3/4	3 3 3 11	1:35.23	44	-	-		B/TT	5	沙田	2.71							
2020/3/14	9	第三班	1200米	(80-60)	好地	草地 - "C+3" 賽道	1	2	場場精綵(D126)	潘頓	告東尼	133	1070	12	-	9 9 1	1:08.94	7.9	-	-	+ 1	TT1	4	沙田	2.71	24.0			107.0	43.0	77.5	
2020/3/14	9	第三班	1200米	(80-60)	好地	草地 - "C+3" 賽道	2	10	行星夢(D100)	利敬國	沈集成	116	1309	8	頸位	6 8 2	1:09.00	2.5	1st Hot	-	+ 1	B/TT	4	沙田	2.71		13.0		107.0	43.0		23.5
2020/3/14	9	第三班	1200米	(80-60)	好地	草地 - "C+3" 賽道	3	1	極速王(C231)	史卓豐	丁冠豪	133	1098	6	頸位	7 6 3	1:09.00	4.9	-	-	1	 	5	沙田	2.71			14.5			77.5	23.5
2020/3/14	9	第三班	1200米	(80-60)	好地	草地 - "C+3" 賽道	4	12	鎮山寶(C141)	梁家俊	姚本輝	115	1110	2	3/4	4 5 4	1:09.07	14	-	-	1	P	5	沙田	2.71							
2020/3/14	9	第三班	1200米	(80-60)	好地	草地 - "C+3" 賽道	5	6	嘉應傳奇(B234)	楊明綸	容天鵬	120	1117	10	1-1/4	3 2 5	1:09.16	25	-	-	1	TT	5	沙田	2.71							
2020/3/14	9	第三班	1200米	(80-60)	好地	草地 - "C+3" 賽道	6	3	健康美麗(B384)	陳嘉熙	約翰摩亞	125	1044	5	1-1/2	8 7 6	1:09.19	15	-	-	1	CP/TT	5	沙田	2.71							
2020/3/14	9	第三班	1200米	(80-60)	好地	草地 - "C+3" 賽道	7	4	傳盛(B416)	薛恩	呂健威	126	1206	1	2	2 3 7	1:09.25	3.4	2nd Hot	-	+ 1	 	4	沙田	2.71							
2020/3/14	9	第三班	1200米	(80-60)	好地	草地 - "C+3" 賽道	8	8	運來福星(C473)	波健士	徐雨石	117	1029	3	4-1/4	5 4 8	1:09.60	114	-	-	* 1	B	4	沙田	2.71							
2020/3/14	9	第三班	1200米	(80-60)	好地	草地 - "C+3" 賽道	9	11	霸勝(A270)	潘明輝	葉楚航	112	1295	11	7-1/4	1 1 9	1:10.10	151	-	-	1	B/TT	6	沙田	2.71							
2020/3/14	9	第三班	1200米	(80-60)	好地	草地 - "C+3" 賽道	10	5	豪情勁駿(D325)	巫顯東	何良	121	1047	4	7-3/4	10 10 10	1:10.17	156	-	-	+ 1	B1	3	沙田	2.71							
2020/3/14	9	第三班	1200米	(80-60)	好地	草地 - "C+3" 賽道	11	7	陽明酷酷(C259)	何澤堯	方嘉柏	118	1067	9	7-3/4	11 11 11	1:10.18	227	-	-	1	H/TT	4	沙田	2.71							
2020/3/14	9	第三班	1200米	(80-60)	好地	草地 - "C+3" 賽道		9	星叻(C257)	莫雷拉	羅富全	117	---	---	---	---	---	---	-	-	-	-	4	沙田	2.71							
2020/3/14	10	第三班	1400米	(80-60)	好地	草地 - "C+3" 賽道	1	3	高大威猛(C470)	潘頓	姚本輝	123	1213	3	-	1 1 1 1	1:21.43	1.4	1st Hot	-	1	B	4	沙田	2.71	11.0			55.5	26.0	32.0	
2020/3/14	10	第三班	1400米	(80-60)	好地	草地 - "C+3" 賽道	2	4	利害了(C367)	利敬國	韋達	123	1079	1	1-3/4	3 3 3 2	1:21.70	10	-	-	+ 2	CP/XB	4	沙田	2.71		22.0		55.5	26.0		109.5
2020/3/14	10	第三班	1400米	(80-60)	好地	草地 - "C+3" 賽道	3	11	美麗標緻(C057)	何澤堯	告東尼	117	1077	2	2-1/2	6 5 5 3	1:21.83	14	-	-	1	B/TT	4	沙田	2.71			27.5			32.0	109.5
2020/3/14	10	第三班	1400米	(80-60)	好地	草地 - "C+3" 賽道	4	8	智力寶(B311)	莫雷拉	蔡約翰	119	1183	12	2-1/2	5 6 6 4	1:21.85	16	-	-	1	 	5	沙田	2.71							
2020/3/14	10	第三班	1400米	(80-60)	好地	草地 - "C+3" 賽道	5	2	紀利雄星(C041)	薛恩	沈集成	125	1269	4	4	2 2 2 5	1:22.09	11	-	-	+ 1	B	4	沙田	2.71							
2020/3/14	10	第三班	1400米	(80-60)	好地	草地 - "C+3" 賽道	6	1	美麗甜心(B410)	梁家俊	約翰摩亞	129	1153	13	4-1/4	4 4 4 6	1:22.10	29	-	-	1	B/TT	4	沙田	2.71							
2020/3/14	10	第三班	1400米	(80-60)	好地	草地 - "C+3" 賽道	7	7	財富超影(C392)	蘇狄雄	蘇保羅	117	1099	7	5-3/4	11 11 10 7	1:22.36	45	-	-	2	B/XB1	4	沙田	2.71							
2020/3/14	10	第三班	1400米	(80-60)	好地	草地 - "C+3" 賽道	8	9	超跑王(C479)	楊明綸	容天鵬	119	1138	6	6-1/4	7 8 8 8	1:22.45	239	-	-	1	TT	4	沙田	2.71							
2020/3/14	10	第三班	1400米	(80-60)	好地	草地 - "C+3" 賽道	9	13	真妙星(C059)	黃俊	苗禮德	110	1175	10	6-1/2	13 13 12 9	1:22.49	9.5	2nd Hot	-	2	B	5	沙田	2.71							
2020/3/14	10	第三班	1400米	(80-60)	好地	草地 - "C+3" 賽道	10	10	蒙古傳奇(B317)	波健士	徐雨石	118	1143	14	6-3/4	14 14 13 10	1:22.50	69	-	-	* 2	P-	6	沙田	2.71							
2020/3/14	10	第三班	1400米	(80-60)	好地	草地 - "C+3" 賽道	11	6	奇真(T093)	黃皓楠	霍利時	118	1127	5	7-1/4	9 7 7 11	1:22.60	221	-	-	2	 	9	沙田	2.71							
2020/3/14	10	第三班	1400米	(80-60)	好地	草地 - "C+3" 賽道	12	12	恆駿寶駒(T262)	黎海榮	蘇偉賢	116	1091	11	8-3/4	12 12 14 12	1:22.85	90	-	-	1	B/H	8	沙田	2.71							
2020/3/14	10	第三班	1400米	(80-60)	好地	草地 - "C+3" 賽道	13	14	路路富貴(C442)	潘明輝	何良	113	1015	8	10-1/4	8 9 11 13	1:23.07	314	-	-	1	H-/TT	4	沙田	2.71							
2020/3/14	10	第三班	1400米	(80-60)	好地	草地 - "C+3" 賽道	14	5	成才(B085)	蔡明紹	方嘉柏	121	1185	9	11	10 10 9 14	1:23.18	287	-	-	1	B	6	沙田	2.71							
2020/3/18	1	第五班	2200米	(40-0)	好地	草地 - "C+3" 賽道	1	2	蒜頭爺爺(V039)	潘頓	葉楚航	131	1045	7	-	7 7 6 6 1 1	2:16.43	6.8	-	-	1	V	7	跑馬地	2.7	22.0			384.5	121.5	68.5	
2020/3/18	1	第五班	2200米	(40-0)	好地	草地 - "C+3" 賽道	2	10	競駿飛鷹(B292)	利敬國	霍利時	117	1210	2	頸位	6 6 7 5 3 2	2:16.50	8.7	-	-	1	B	5	跑馬地	2.7		27.5		384.5	121.5		94.5
2020/3/18	1	第五班	2200米	(40-0)	好地	草地 - "C+3" 賽道	3	3	活力得勝(C091)	莫雷拉	蘇保羅	131	1115	12	3/4	8 8 8 10 7 3	2:16.54	6.1	2nd Hot	-	1	B	4	跑馬地	2.7			22.0			68.5	94.5
2020/3/18	1	第五班	2200米	(40-0)	好地	草地 - "C+3" 賽道	4	5	天賦威力(B335)	潘明輝	賀賢	128	1032	1	1-1/4	2 1 1 2 4 4	2:16.62	6.5	-	-	1	B/TT	5	跑馬地	2.7							
2020/3/18	1	第五班	2200米	(40-0)	好地	草地 - "C+3" 賽道	5	6	賞心星(C251)	何澤堯	方嘉柏	128	1171	5	2	9 9 9 8 8 5	2:16.74	3.7	1st Hot	-	1	P/TT	4	跑馬地	2.7							
2020/3/18	1	第五班	2200米	(40-0)	好地	草地 - "C+3" 賽道	6	1	靈鋒(A245)	史卓豐	苗禮德	132	1024	4	3-3/4	10 10 10 9 6 6	2:17.03	8.7	-	-	+ 1	B/XB	6	跑馬地	2.7							
2020/3/18	1	第五班	2200米	(40-0)	好地	草地 - "C+3" 賽道	7	11	醒目快駒(B107)	楊明綸	鄭俊偉	115	1096	11	3-3/4	12 12 12 12 10 7	2:17.04	25	-	-	1	B-/H/TT	6	跑馬地	2.7							
2020/3/18	1	第五班	2200米	(40-0)	好地	草地 - "C+3" 賽道	8	7	得意(C174)	蔡明紹	葉楚航	125	1192	8	5-1/2	11 11 11 11 9 8	2:17.31	35	-	-	2	B/XB/TT	4	跑馬地	2.7							
2020/3/18	1	第五班	2200米	(40-0)	好地	草地 - "C+3" 賽道	9	9	靚籐王(B425)	郭能	高伯新	122	1156	10	6-1/2	4 3 4 3 5 9	2:17.46	21	-	-	1	B	4	跑馬地	2.7							
2020/3/18	1	第五班	2200米	(40-0)	好地	草地 - "C+3" 賽道	10	8	神馬飛揚(V368)	薛恩	鄭俊偉	123	1058	6	6-1/2	5 5 5 1 2 10	2:17.47	9.1	-	-	2	H/TT	7	跑馬地	2.7							
2020/3/18	1	第五班	2200米	(40-0)	好地	草地 - "C+3" 賽道	11	4	駿協精英(V207)	黃俊	何良	125	1173	9	10	1 2 2 4 11 11	2:18.02	49	-	-	1	H/SR	7	跑馬地	2.7							
2020/3/18	1	第五班	2200米	(40-0)	好地	草地 - "C+3" 賽道	12	12	中華主將(B298)	波健士	霍利時	113	1150	3	10-1/4	3 4 3 7 12 12	2:18.07	110	-	-	2	B2	-	跑馬地	2.7							
2020/3/18	2	第四班	1200米	(60-40)	好地	草地 - "C+3" 賽道	1	12	友享友賞(A142)	田泰安	蘇偉賢	118	1202	1	-	3 2 1	1:09.39	3	2nd Hot	-	+ 1	B	6	跑馬地	2.7	12.5			158.0	49.0	23.5	
2020/3/18	2	第四班	1200米	(60-40)	好地	草地 - "C+3" 賽道	2	2	紅褲日(C272)	黃俊	鄭俊偉	127	1143	6	1/2	1 1 2	1:09.50	9.9	-	-	+ 1	B/TT	5	跑馬地	2.7		21.0		158.0	49.0		41.5
2020/3/18	2	第四班	1200米	(60-40)	好地	草地 - "C+3" 賽道	3	9	木火同明(C460)	莫雷拉	何良	123	1045	4	1-3/4	5 4 3	1:09.67	2.9	1st Hot	-	1	CP-/H/V1	4	跑馬地	2.7			13.5			23.5	41.5
2020/3/18	2	第四班	1200米	(60-40)	好地	草地 - "C+3" 賽道	4	3	活力勇士(A313)	郭能	約翰摩亞	132	1095	5	2-1/4	4 5 4	1:09.74	7.8	-	-	* 1	CP	6	跑馬地	2.7							
2020/3/18	2	第四班	1200米	(60-40)	好地	草地 - "C+3" 賽道	5	11	陽明亮亮(A359)	何澤堯	呂健威	120	1007	9	4	9 8 5	1:10.02	10	-	-	1	B1	6	跑馬地	2.7							
2020/3/18	2	第四班	1200米	(60-40)	好地	草地 - "C+3" 賽道	6	10	隨我來(B300)	利敬國	姚本輝	121	1027	7	4-1/4	7 6 6	1:10.07	11	-	-	* 2	 	5	跑馬地	2.7							
2020/3/18	2	第四班	1200米	(60-40)	好地	草地 - "C+3" 賽道	7	6	進優(D011)	波健士	徐雨石	126	1094	11	7-3/4	11 10 7	1:10.62	344	-	-	1	H	4	跑馬地	2.7							
2020/3/18	2	第四班	1200米	(60-40)	好地	草地 - "C+3" 賽道	8	1	翹軍(B424)	楊明綸	容天鵬	133	1103	12	8-1/4	12 12 8	1:10.69	171	-	-	+ 1	 	6	跑馬地	2.7							
2020/3/18	2	第四班	1200米	(60-40)	好地	草地 - "C+3" 賽道	9	5	創高峰(D136)	史卓豐	苗禮德	126	1156	3	8-1/2	8 9 9	1:10.77	149	-	-	1	 	3	跑馬地	2.7							
2020/3/18	2	第四班	1200米	(60-40)	好地	草地 - "C+3" 賽道	10	7	慣勝積極(A345)	黃皓楠	丁冠豪	122	1092	8	9	6 7 10	1:10.84	19	-	-	1	 	6	跑馬地	2.7							
2020/3/18	2	第四班	1200米	(60-40)	好地	草地 - "C+3" 賽道	11	4	智理共想(D060)	薛恩	高伯新	128	1063	2	10-1/2	10 11 11	1:11.09	362	-	-	+ 2	B/XB	4	跑馬地	2.7							
2020/3/18	2	第四班	1200米	(60-40)	好地	草地 - "C+3" 賽道	12	8	旗袍老細(D207)	潘明輝	賀賢	122	1065	10	12-1/4	2 3 12	1:11.35	18	-	-	1	 	3	跑馬地	2.7							
2020/3/18	3	第三班	1000米	(80-60)	好地	草地 - "C+3" 賽道	1	11	好甜橙(A300)	波健士	徐雨石	118	1134	1	-	1 1 1	0:56.83	6.7	-	-	+ 1	V	5	跑馬地	2.7	21.5			275.0	90.0	313.5	
2020/3/18	3	第三班	1000米	(80-60)	好地	草地 - "C+3" 賽道	2	9	奇妙星(D068)	田泰安	韋達	120	1136	4	1/2	3 3 2	0:56.92	8.4	-	-	+ 1	B/XB	4	跑馬地	2.7		22.0		275.0	90.0		516.5
2020/3/18	3	第三班	1000米	(80-60)	好地	草地 - "C+3" 賽道	3	3	帖木兒(B001)	薛恩	方嘉柏	129	1181	3	1-1/4	7 7 3	0:57.02	30	-	-	* 1	TT-	5	跑馬地	2.7			81.0			313.5	516.5
2020/3/18	3	第三班	1000米	(80-60)	好地	草地 - "C+3" 賽道	4	2	大武士(B216)	潘明輝	沈集成	128	1145	11	2-1/2	10 10 4	0:57.23	60	-	-	+ 1	TT	6	跑馬地	2.7							
2020/3/18	3	第三班	1000米	(80-60)	好地	草地 - "C+3" 賽道	5	1	小鳥敖翔(B069)	潘頓	姚本輝	133	1206	2	2-1/2	4 5 5	0:57.24	3.5	1st Hot	-	* 1	V2/TT2	6	跑馬地	2.7							
2020/3/18	3	第三班	1000米	(80-60)	好地	草地 - "C+3" 賽道	6	4	風雨駒(C376)	何澤堯	告東尼	128	1133	5	2-3/4	6 6 6	0:57.26	10	-	-	+ 1	TT1	4	跑馬地	2.7							
2020/3/18	3	第三班	1000米	(80-60)	好地	草地 - "C+3" 賽道	7	5	金匯昇(C010)	莫雷拉	蔡約翰	128	1098	12	2-3/4	8 9 7	0:57.27	24	-	-	+ 1	 	4	跑馬地	2.7							
2020/3/18	3	第三班	1000米	(80-60)	好地	草地 - "C+3" 賽道	8	12	銀河飛馬(C275)	梁家俊	丁冠豪	116	1004	6	3-1/4	11 11 8	0:57.35	14	-	-	+ 1	H/P	4	跑馬地	2.7							
2020/3/18	3	第三班	1000米	(80-60)	好地	草地 - "C+3" 賽道	9	6	好好彩彩(B188)	楊明綸	蘇偉賢	119	1230	9	3-3/4	9 8 9	0:57.45	39	-	-	1	 	5	跑馬地	2.7							
2020/3/18	3	第三班	1000米	(80-60)	好地	草地 - "C+3" 賽道	10	10	萬眾之力(C329)	利敬國	約翰摩亞	119	1014	10	4-1/2	5 4 10	0:57.56	5.1	2nd Hot	-	+ 1	 	3	跑馬地	2.7							
2020/3/18	3	第三班	1000米	(80-60)	好地	草地 - "C+3" 賽道	11	8	衝亞(C218)	黃俊	羅富全	118	1043	7	5-1/4	2 2 11	0:57.66	5.6	-	-	+ 1	B	4	跑馬地	2.7							
2020/3/18	3	第三班	1000米	(80-60)	好地	草地 - "C+3" 賽道	12	7	極速前進(V390)	黃皓楠	容天鵬	123	1247	8	10-3/4	12 12 12	0:58.57	185	-	-	* 1	V/TT	6	跑馬地	2.7							
2020/3/18	3	第三班	1000米	(80-60)	好地	草地 - "C+3" 賽道			豪情勇駿(C508)	楊明綸	何良	126	---	---	---	---	---	---	-	-	-	-	4	跑馬地	2.7							
2020/3/18	4	第四班	1650米	(60-40)	好地	草地 - "C+3" 賽道	1	1	精算齊同(B102)	何澤堯	呂健威	133	1187	2	-	5 5 5 1	1:39.19	3.5	1st Hot	-	+ 1	CP	6	跑馬地	2.7	15.0			204.0	85.0	36.0	
2020/3/18	4	第四班	1650米	(60-40)	好地	草地 - "C+3" 賽道	2	9	飛雲騅(B274)	黃俊	方嘉柏	116	1106	9	1-1/4	1 1 1 2	1:39.41	9.5	-	-	+ 1	TT	5	跑馬地	2.7		30.0		204.0	85.0		97.5
2020/3/18	4	第四班	1650米	(60-40)	好地	草地 - "C+3" 賽道	3	4	放眼量(A140)	潘頓	何良	130	1048	5	1-1/2	6 6 6 3	1:39.42	4.9	2nd Hot	-	+ 1	CP	6	跑馬地	2.7			17.5			36.0	97.5
2020/3/18	4	第四班	1650米	(60-40)	好地	草地 - "C+3" 賽道	4	3	歡喜心(A224)	利敬國	蔡約翰	131	1122	6	2-3/4	7 7 7 4	1:39.65	16	-	-	1	 	6	跑馬地	2.7							
2020/3/18	4	第四班	1650米	(60-40)	好地	草地 - "C+3" 賽道	5	7	三圓䮭路(C149)	田泰安	蘇保羅	123	1091	7	3	8 8 8 5	1:39.66	9.5	-	-	+ 1	 	6	跑馬地	2.7							
2020/3/18	4	第四班	1650米	(60-40)	好地	草地 - "C+3" 賽道	6	2	凱旋駿驥(B430)	莫雷拉	丁冠豪	133	1106	11	3	9 10 9 6	1:39.67	5.9	-	-	* 1	B/TT	5	跑馬地	2.7							
2020/3/18	4	第四班	1650米	(60-40)	好地	草地 - "C+3" 賽道	7	8	燈胆精英(A183)	史卓豐	葉楚航	122	1193	3	4-1/4	3 3 3 7	1:39.89	9.7	-	-	+ 1	 	6	跑馬地	2.7							
2020/3/18	4	第四班	1650米	(60-40)	好地	草地 - "C+3" 賽道	8	11	威震天(V119)	蔡明紹	姚本輝	118	1123	10	5-1/2	4 4 4 8	1:40.09	35	-	-	+ 1	B/TT	8	跑馬地	2.7							
2020/3/18	4	第四班	1650米	(60-40)	好地	草地 - "C+3" 賽道	9	12	快閃的(A189)	梁家俊	霍利時	117	1033	12	6-1/4	11 11 11 9	1:40.18	77	-	-	+ 1	B/TT	6	跑馬地	2.7							
2020/3/18	4	第四班	1650米	(60-40)	好地	草地 - "C+3" 賽道	10	10	及時行樂(A125)	波健士	徐雨石	119	1111	8	8-1/4	10 9 10 10	1:40.53	30	-	-	* 1	B	6	跑馬地	2.7							
2020/3/18	4	第四班	1650米	(60-40)	好地	草地 - "C+3" 賽道	11	6	加州明雋(B363)	郭能	告東尼	125	1140	1	9	2 2 2 11	1:40.64	10	-	-	1	TT	5	跑馬地	2.7							
2020/3/18	4	第四班	1650米	(60-40)	好地	草地 - "C+3" 賽道	12	5	千金一諾(V149)	楊明綸	容天鵬	127	1159	4	17-1/2	12 12 12 12	1:41.97	181	-	-	* 1	 	8	跑馬地	2.7							
2020/3/18	5	第四班	1200米	(60-40)	好地	草地 - "C+3" 賽道	1	6	開心好友(B466)	何澤堯	姚本輝	127	1132	1	-	5 4 1	1:10.06	8.2	-	-	+ 1	B-/V1	4	跑馬地	2.7	23.0			162.0	55.0	72.5	
2020/3/18	5	第四班	1200米	(60-40)	好地	草地 - "C+3" 賽道	2	1	多姿多財(D125)	潘頓	羅富全	133	1022	6	1-1/4	9 10 2	1:10.25	4	1st Hot	-	1	 	3	跑馬地	2.7		15.5		162.0	55.0		39.5
2020/3/18	5	第四班	1200米	(60-40)	好地	草地 - "C+3" 賽道	3	3	如真如假(C222)	薛恩	方嘉柏	133	1126	2	1-1/4	1 1 3	1:10.26	5.1	-	-	1	TT	4	跑馬地	2.7			18.0			72.5	39.5
2020/3/18	5	第四班	1200米	(60-40)	好地	草地 - "C+3" 賽道	4	4	美妙星(A202)	利敬國	容天鵬	130	1106	12	1-1/2	11 11 4	1:10.29	35	-	-	* 2	TT	6	跑馬地	2.7							
2020/3/18	5	第四班	1200米	(60-40)	好地	草地 - "C+3" 賽道	5	9	帝豪精彩(D010)	蔡明紹	文家良	125	1208	3	1-1/2	7 6 5	1:10.30	15	-	-	+ 1	XB/B1	4	跑馬地	2.7							
2020/3/18	5	第四班	1200米	(60-40)	好地	草地 - "C+3" 賽道	6	11	大運舞台(T256)	潘明輝	鄭俊偉	120	1102	7	2-1/2	10 8 6	1:10.47	18	-	-	+ 2	B	9	跑馬地	2.7							
2020/3/18	5	第四班	1200米	(60-40)	好地	草地 - "C+3" 賽道	7	12	坪山新星(C242)	蘇狄雄	蘇保羅	117	979	11	3-1/4	12 12 7	1:10.59	209	-	-	1	TT	4	跑馬地	2.7							
2020/3/18	5	第四班	1200米	(60-40)	好地	草地 - "C+3" 賽道	8	10	勝利紅星(D031)	莫雷拉	蔡約翰	124	1188	9	3-3/4	8 9 8	1:10.65	4.3	2nd Hot	-	1	PC	3	跑馬地	2.7							
2020/3/18	5	第四班	1200米	(60-40)	好地	草地 - "C+3" 賽道	9	8	宜春之星(C026)	梁家俊	丁冠豪	126	1164	5	5-3/4	3 2 9	1:10.99	13	-	-	* 2	B/XB2	5	跑馬地	2.7							
2020/3/18	5	第四班	1200米	(60-40)	好地	草地 - "C+3" 賽道	10	5	赤水神駒(V364)	黃俊	葉楚航	123	1204	8	7	4 5 10	1:11.20	32	-	-	1	 	6	跑馬地	2.7							
2020/3/18	5	第四班	1200米	(60-40)	好地	草地 - "C+3" 賽道	11	2	精進百樂(C177)	史卓豐	高伯新	133	1236	4	9	6 7 11	1:11.49	15	-	-	+ 1	B	4	跑馬地	2.7							
2020/3/18	5	第四班	1200米	(60-40)	好地	草地 - "C+3" 賽道	12	7	醒旺財(D208)	田泰安	韋達	127	1084	10	10-1/2	2 3 12	1:11.74	10	-	-	+ 1	XB/B1/H1	3	跑馬地	2.7							
2020/3/18	6	第三班	1650米	(80-60)	好地	草地 - "C+3" 賽道	1	9	熱血鬥士(C360)	史卓豐	告東尼	123	1120	1	-	3 4 4 1	1:39.96	10	-	-	1	CP/TT	5	跑馬地	2.7	28.0			202.0	82.0	82.5	
2020/3/18	6	第三班	1650米	(80-60)	好地	草地 - "C+3" 賽道	2	8	鴻圖巨星(C163)	莫雷拉	羅富全	123	1071	10	3/4	2 2 2 2	1:40.10	3.6	1st Hot	-	1	B	5	跑馬地	2.7		15.5		202.0	82.0		45.0
2020/3/18	6	第三班	1650米	(80-60)	好地	草地 - "C+3" 賽道	3	4	勞動創造(C138)	利敬國	沈集成	127	1049	2	1-3/4	4 5 5 3	1:40.24	4.4	2nd Hot	-	+ 1	B	4	跑馬地	2.7			20.5			82.5	45.0
2020/3/18	6	第三班	1650米	(80-60)	好地	草地 - "C+3" 賽道	4	5	超趣(C285)	田泰安	霍利時	127	1078	12	2	9 9 8 4	1:40.28	9.3	-	-	1	B	5	跑馬地	2.7							
2020/3/18	6	第三班	1650米	(80-60)	好地	草地 - "C+3" 賽道	5	12	友誼之星(V379)	蔡明紹	蘇保羅	117	1169	9	2-1/4	11 11 11 5	1:40.31	56	-	-	1	B	7	跑馬地	2.7							
2020/3/18	6	第三班	1650米	(80-60)	好地	草地 - "C+3" 賽道	6	1	盛大光輝(C121)	波健士	何良	133	1128	6	2-1/2	5 3 3 6	1:40.36	10	-	-	1	 	5	跑馬地	2.7							
2020/3/18	6	第三班	1650米	(80-60)	好地	草地 - "C+3" 賽道	7	11	勁駒(D138)	何澤堯	賀賢	121	1094	7	3-1/4	7 7 7 7	1:40.47	16	-	-	+ 1	 	4	跑馬地	2.7							
2020/3/18	6	第三班	1650米	(80-60)	好地	草地 - "C+3" 賽道	8	7	雷公鑿(V279)	黃俊	徐雨石	119	1202	5	3-3/4	1 1 1 8	1:40.55	6.7	-	-	+ 1	 	7	跑馬地	2.7							
2020/3/18	6	第三班	1650米	(80-60)	好地	草地 - "C+3" 賽道	9	3	美麗歡欣(D130)	潘頓	約翰摩亞	127	1116	11	4	10 10 10 9	1:40.61	19	-	-	+ 1	B	4	跑馬地	2.7							
2020/3/18	6	第三班	1650米	(80-60)	好地	草地 - "C+3" 賽道	10	10	晉神(C476)	潘明輝	葉楚航	119	1025	4	5	6 8 9 10	1:40.77	17	-	-	1	XB1	4	跑馬地	2.7							
2020/3/18	6	第三班	1650米	(80-60)	好地	草地 - "C+3" 賽道	11	6	魅影揚飛(A354)	郭能	姚本輝	125	1214	8	5-1/2	8 6 6 11	1:40.84	14	-	-	1	B	5	跑馬地	2.7							
2020/3/18	6	第三班	1650米	(80-60)	好地	草地 - "C+3" 賽道	12	2	包裝喜悅(D057)	薛恩	高伯新	129	1058	3	10	12 12 12 12	1:41.54	285	-	-	1	B/SR/TT	4	跑馬地	2.7							
2020/3/18	7	第三班	1200米	(80-60)	好地	草地 - "C+3" 賽道	1	5	同進(V315)	郭能	方嘉柏	123	1148	6	-	7 7 1	1:09.58	16	-	-	+ 1	V-/B2	7	跑馬地	2.7	31.0			724.5	166.5	204.0	
2020/3/18	7	第三班	1200米	(80-60)	好地	草地 - "C+3" 賽道	2	6	鼓浪順風(D040)	黎海榮	姚本輝	119	1167	2	1-1/4	6 5 2	1:09.79	12	-	-	1	B1	4	跑馬地	2.7		27.5		724.5	166.5		157.0
2020/3/18	7	第三班	1200米	(80-60)	好地	草地 - "C+3" 賽道	3	12	獎金大王(B433)	蘇狄雄	葉楚航	113	1174	4	1-1/2	3 3 3	1:09.82	13	-	-	1	 	5	跑馬地	2.7			28.0			204.0	157.0
2020/3/18	7	第三班	1200米	(80-60)	好地	草地 - "C+3" 賽道	4	11	勝利在手(C103)	田泰安	呂健威	116	1077	5	1-3/4	1 1 4	1:09.87	1.5	1st Hot	-	+ 1	TT	4	跑馬地	2.7							
2020/3/18	7	第三班	1200米	(80-60)	好地	草地 - "C+3" 賽道	5	3	寶山鷹(C248)	潘頓	丁冠豪	126	1089	12	3	2 2 5	1:10.04	12	-	-	+ 1	 	4	跑馬地	2.7							
2020/3/18	7	第三班	1200米	(80-60)	好地	草地 - "C+3" 賽道	6	4	金糠(D134)	薛恩	霍利時	125	1012	11	3-1/2	12 12 6	1:10.14	80	-	-	+ 1	SR	4	跑馬地	2.7							
2020/3/18	7	第三班	1200米	(80-60)	好地	草地 - "C+3" 賽道	7	7	索先生(T330)	黃俊	賀賢	114	1137	9	4	10 11 7	1:10.20	22	-	-	+ 1	B	-	跑馬地	2.7							
2020/3/18	7	第三班	1200米	(80-60)	好地	草地 - "C+3" 賽道	8	1	元朗之星(C303)	何澤堯	文家良	133	1103	7	5-1/2	5 4 8	1:10.46	8.7	2nd Hot	-	+ 1	 	4	跑馬地	2.7							
2020/3/18	7	第三班	1200米	(80-60)	好地	草地 - "C+3" 賽道	9	10	駿皇星(D144)	蔡明紹	約翰摩亞	117	1099	8	7	11 10 9	1:10.68	21	-	-	1	XB/TT	4	跑馬地	2.7							
2020/3/18	7	第三班	1200米	(80-60)	好地	草地 - "C+3" 賽道	10	2	家有喜事(C116)	利敬國	何良	122	1057	1	9-1/4	9 9 10	1:11.04	27	-	-	1	H/B1/TT-	5	跑馬地	2.7							
2020/3/18	7	第三班	1200米	(80-60)	好地	草地 - "C+3" 賽道	11	9	飛龍降臨(D182)	潘明輝	沈集成	115	1131	3	9-1/2	4 6 11	1:11.08	126	-	-	1	CP/TT	3	跑馬地	2.7							
2020/3/18	7	第三班	1200米	(80-60)	好地	草地 - "C+3" 賽道	12	8	勁進(D195)	梁家俊	韋達	118	1149	10	10	8 8 12	1:11.17	139	-	-	1	B/XB	3	跑馬地	2.7							
2020/3/18	7	第三班	1200米	(80-60)	好地	草地 - "C+3" 賽道			加州得迅(D276)	莫雷拉	告東尼	132	---	---	---	---	---	---	-	-	-	-	3	跑馬地	2.7							
2020/3/18	8	第二班	1200米	(100-80)	好地	草地 - "C+3" 賽道	1	2	君達星(B019)	潘頓	丁冠豪	127	1164	11	-	2 2 1	1:09.09	2.8	1st Hot	-	1	 	5	跑馬地	2.7	15.5			135.0	52.0	197.0	
2020/3/18	8	第二班	1200米	(100-80)	好地	草地 - "C+3" 賽道	2	4	禾道駒(B253)	田泰安	告東尼	126	1092	2	3/4	8 9 2	1:09.23	6	-	W P	1	B/TT	5	跑馬地	2.7		18.5		135.0	52.0		367.0
2020/3/18	8	第二班	1200米	(100-80)	好地	草地 - "C+3" 賽道	3	6	鞍歌(A177)	利敬國	姚本輝	123	1145	12	1-1/4	11 11 3	1:09.28	44	-	-	1	B	6	跑馬地	2.7			83.5			197.0	367.0
2020/3/18	8	第二班	1200米	(100-80)	好地	草地 - "C+3" 賽道	4	8	好吉利(A418)	郭能	約翰摩亞	122	1091	5	1-1/4	9 8 4	1:09.29	17	-	-	1	PC-/CP2	6	跑馬地	2.7							
2020/3/18	8	第二班	1200米	(100-80)	好地	草地 - "C+3" 賽道	5	11	飛霸龍(B033)	史卓豐	苗禮德	118	1135	6	1-1/2	4 4 5	1:09.34	5.7	2nd Hot	-	+ 1	TT	5	跑馬地	2.7							
2020/3/18	8	第二班	1200米	(100-80)	好地	草地 - "C+3" 賽道	6	10	永同歡欣(C232)	潘明輝	容天鵬	117	1074	3	1-3/4	10 10 6	1:09.37	11	-	-	+ 1	 	5	跑馬地	2.7							
2020/3/18	8	第二班	1200米	(100-80)	好地	草地 - "C+3" 賽道	7	12	悅跑得(C502)	蔡明紹	葉楚航	113	1155	10	1-3/4	7 6 7	1:09.37	42	-	-	+ 1	XB/TT	4	跑馬地	2.7							
2020/3/18	8	第二班	1200米	(100-80)	好地	草地 - "C+3" 賽道	8	1	鄉村瑰寶(B396)	莫雷拉	蔡約翰	133	1115	7	3-1/2	3 3 8	1:09.64	6.7	-	-	+ 1	 	4	跑馬地	2.7							
2020/3/18	8	第二班	1200米	(100-80)	好地	草地 - "C+3" 賽道	9	7	聰明導彈(C037)	何澤堯	蘇偉賢	123	1092	8	3-3/4	12 12 9	1:09.69	9.5	-	-	+ 1	B/TT	4	跑馬地	2.7							
2020/3/18	8	第二班	1200米	(100-80)	好地	草地 - "C+3" 賽道	10	3	實力飛駒(V138)	黃俊	蘇保羅	121	1091	1	4	1 1 10	1:09.74	24	-	-	+ 1	B	7	跑馬地	2.7							
2020/3/18	8	第二班	1200米	(100-80)	好地	草地 - "C+3" 賽道	11	9	亮先生(B179)	蘇狄雄	賀賢	118	1111	9	5-1/4	5 5 11	1:09.92	113	-	-	1	 	6	跑馬地	2.7							
2020/3/18	8	第二班	1200米	(100-80)	好地	草地 - "C+3" 賽道	12	5	薈力之城(B280)	薛恩	羅富全	124	1178	4	5-3/4	6 7 12	1:10.01	55	-	-	+ 1	B/TT	4	跑馬地	2.7							
2020/3/22	1	第四班	1200米	(60-40)	好地	草地 - "A" 賽道	1	12	春風得意(C309)	利敬國	何良	123	1041	7	-	2 2 1	1:09.47	5.5	-	-	1	CP	4	沙田	2.72	18.0			92.5	36.0	153.5	
2020/3/22	1	第四班	1200米	(60-40)	好地	草地 - "A" 賽道	2	4	雷電勇士(D178)	莫雷拉	韋達	127	1199	12	短馬頭位	1 1 2	1:09.48	3.2	1st Hot	-	2	 	3	沙田	2.72		15.5		92.5	36.0		132.5
2020/3/22	1	第四班	1200米	(60-40)	好地	草地 - "A" 賽道	3	6	無心睡眠(D082)	郭能	約翰摩亞	127	1095	5	3/4	5 4 3	1:09.62	20	-	-	* 1	TT	4	沙田	2.72			45.5			153.5	132.5
2020/3/22	1	第四班	1200米	(60-40)	好地	草地 - "A" 賽道	4	2	騰龍超影(T372)	薛恩	蘇保羅	131	1163	8	1-1/4	7 6 4	1:09.67	23	-	-	* 2	CP-/B2/TT	8	沙田	2.72							
2020/3/22	1	第四班	1200米	(60-40)	好地	草地 - "A" 賽道	5	13	連連行運(C441)	史卓豐	蔡約翰	122	1107	1	1-3/4	9 7 5	1:09.76	11	-	-	1	B	4	沙田	2.72							
2020/3/22	1	第四班	1200米	(60-40)	好地	草地 - "A" 賽道	6	5	青心星(D099)	潘頓	丁冠豪	127	1220	4	2	6 5 6	1:09.80	4.7	2nd Hot	-	1	 	3	沙田	2.72							
2020/3/22	1	第四班	1200米	(60-40)	好地	草地 - "A" 賽道	7	7	好友無敵(A217)	黎海榮	文家良	125	1072	3	2-1/4	4 3 7	1:09.82	6	-	-	+ 1	B	6	沙田	2.72							
2020/3/22	1	第四班	1200米	(60-40)	好地	草地 - "A" 賽道	8	14	燦若明霞(B474)	黃皓楠	蘇偉賢	113	1141	6	2-1/2	13 8 8	1:09.85	229	-	-	+ 1	TT	4	沙田	2.72							
2020/3/22	1	第四班	1200米	(60-40)	好地	草地 - "A" 賽道	9	8	熱鬥車神(D152)	梁家俊	姚本輝	125	1117	11	4-1/4	14 13 9	1:10.14	11	-	-	+ 2	 	3	沙田	2.72							
2020/3/22	1	第四班	1200米	(60-40)	好地	草地 - "A" 賽道	10	3	百勝愛駒(D254)	田泰安	沈集成	127	1191	13	5-1/4	12 11 10	1:10.31	166	-	-	* 1	H1/TT1	3	沙田	2.72							
2020/3/22	1	第四班	1200米	(60-40)	好地	草地 - "A" 賽道	11	9	連利之友(C471)	蘇狄雄	葉楚航	123	1007	2	8-3/4	10 12 11	1:10.87	354	-	-	1	XB/TT	4	沙田	2.72							
2020/3/22	1	第四班	1200米	(60-40)	好地	草地 - "A" 賽道	12	1	清新動力(B067)	黃俊	徐雨石	128	995	14	8-3/4	8 9 12	1:10.88	27	-	-	1	B/TT	6	沙田	2.72							
2020/3/22	1	第四班	1200米	(60-40)	好地	草地 - "A" 賽道	13	10	卡比獸(C349)	波健士	霍利時	125	1066	10	13	11 14 13	1:11.53	218	-	-	* 2	 	5	沙田	2.72							
2020/3/22	1	第四班	1200米	(60-40)	好地	草地 - "A" 賽道	14	11	祥勝寶駒(D154)	潘明輝	鄭俊偉	122	1015	9	19	3 10 14	1:12.53	54	-	-	1	CP-/B1/H1	3	沙田	2.72							
2020/3/22	2	第四班	1600米	(60-40)	好地	草地 - "A" 賽道	1	7	福善(C426)	利敬國	高伯新	122	1066	7	-	4 5 3 1	1:34.80	6.9	2nd Hot	-	+ 1	B/XB	4	沙田	2.72	23.5			329.5	112.0	39.0	
2020/3/22	2	第四班	1600米	(60-40)	好地	草地 - "A" 賽道	2	13	自然君子(C089)	莫雷拉	方嘉柏	117	1181	14	短馬頭位	1 2 1 2	1:34.81	8.2	-	-	+ 1	H-/B	5	沙田	2.72		26.5		329.5	112.0		54.0
2020/3/22	2	第四班	1600米	(60-40)	好地	草地 - "A" 賽道	3	11	天天精彩(C414)	潘頓	告東尼	120	1103	9	2-1/4	12 12 11 3	1:35.16	2.4	1st Hot	-	1	CP-/H/TT	4	沙田	2.72			12.5			39.0	54.0
2020/3/22	2	第四班	1600米	(60-40)	好地	草地 - "A" 賽道	4	1	睡眠攻略(C493)	郭能	霍利時	133	1115	4	3	7 6 5 4	1:35.30	8.8	-	-	+ 1	SR	4	沙田	2.72							
2020/3/22	2	第四班	1600米	(60-40)	好地	草地 - "A" 賽道	5	5	博愛友威(C152)	田泰安	葉楚航	127	1069	5	3-1/2	8 9 7 5	1:35.36	12	-	-	+ 1	H	4	沙田	2.72							
2020/3/22	2	第四班	1600米	(60-40)	好地	草地 - "A" 賽道	6	14	至叻仔(D013)	梁家俊	蘇偉賢	117	1168	12	3-1/2	14 13 12 6	1:35.38	21	-	-	1	B	4	沙田	2.72							
2020/3/22	2	第四班	1600米	(60-40)	好地	草地 - "A" 賽道	7	8	快活一番(D037)	蔡明紹	韋達	122	1270	3	4	10 10 10 7	1:35.44	174	-	-	1	P-	3	沙田	2.72							
2020/3/22	2	第四班	1600米	(60-40)	好地	草地 - "A" 賽道	8	3	尖子(C266)	薛恩	徐雨石	130	1066	10	4-1/4	9 8 9 8	1:35.49	91	-	-	+ 1	SR	5	沙田	2.72							
2020/3/22	2	第四班	1600米	(60-40)	好地	草地 - "A" 賽道	9	12	東方雷(C500)	波健士	何良	118	1035	1	5-3/4	3 4 4 9	1:35.72	26	-	-	+ 1	H/TT	4	沙田	2.72							
2020/3/22	2	第四班	1600米	(60-40)	好地	草地 - "A" 賽道	10	10	機智之星(D021)	潘明輝	姚本輝	120	936	13	5-3/4	13 14 14 10	1:35.74	15	-	-	1	H	4	沙田	2.72							
2020/3/22	2	第四班	1600米	(60-40)	好地	草地 - "A" 賽道	11	4	陽光(A371)	何澤堯	呂健威	128	1129	6	6-3/4	11 11 13 11	1:35.89	9.6	-	-	+ 1	 	6	沙田	2.72							
2020/3/22	2	第四班	1600米	(60-40)	好地	草地 - "A" 賽道	12	6	新界之星(A081)	黎海榮	鄭俊偉	124	1045	2	7	6 7 8 12	1:35.94	57	-	-	+ 1	TT	6	沙田	2.72							
2020/3/22	2	第四班	1600米	(60-40)	好地	草地 - "A" 賽道	13	2	一見傾心(B401)	史卓豐	蘇保羅	132	1188	8	11-3/4	2 1 2 13	1:36.67	21	-	-	+ 1	B	5	沙田	2.72							
2020/3/22	2	第四班	1600米	(60-40)	好地	草地 - "A" 賽道	14	9	時尚傳奇(D012)	楊明綸	容天鵬	122	1136	11	19	5 3 6 14	1:37.83	425	-	-	+ 1	CP-/B1/TT	4	沙田	2.72							
2020/3/22	3	第四班	1200米	(60-40)	好地	草地 - "A" 賽道	1	4	寶成智勝(D228)	潘頓	姚本輝	125	1148	2	-	2 1 1	1:08.84	2.5	2nd Hot	-	+ 1	CP	3	沙田	2.72	13.0			32.0	17.0	50.0	
2020/3/22	3	第四班	1200米	(60-40)	好地	草地 - "A" 賽道	2	10	怡昌飛駒(B064)	史卓豐	苗禮德	122	1064	4	1	7 3 2	1:09.00	2.4	1st Hot	-	1	XB/TT	5	沙田	2.72		11.0		32.0	17.0		43.0
2020/3/22	3	第四班	1200米	(60-40)	好地	草地 - "A" 賽道	3	7	善傳萬里(D167)	蔡明紹	文家良	123	1113	8	2-3/4	8 9 3	1:09.29	11	-	-	* 2	 	3	沙田	2.72			28.0			50.0	43.0
2020/3/22	3	第四班	1200米	(60-40)	好地	草地 - "A" 賽道	4	1	嫡愛摯寶(C062)	田泰安	蔡約翰	133	1213	6	3-1/4	9 11 4	1:09.37	18	-	-	* 2	B	4	沙田	2.72							
2020/3/22	3	第四班	1200米	(60-40)	好地	草地 - "A" 賽道	5	3	有得精彩(D238)	莫雷拉	韋達	125	1191	5	4-3/4	10 7 5	1:09.59	9.3	-	-	+ 1	XB1	3	沙田	2.72							
2020/3/22	3	第四班	1200米	(60-40)	好地	草地 - "A" 賽道	6	12	箭意(D106)	薛恩	蘇保羅	121	1184	7	5	6 6 6	1:09.64	13	-	-	1	 	4	沙田	2.72							
2020/3/22	3	第四班	1200米	(60-40)	好地	草地 - "A" 賽道	7	6	電訊飛彈(D209)	蘇狄雄	葉楚航	123	1213	14	5-3/4	14 12 7	1:09.74	225	-	-	* 2	 	3	沙田	2.72							
2020/3/22	3	第四班	1200米	(60-40)	好地	草地 - "A" 賽道	8	8	辣得驕(D159)	梁家俊	呂健威	123	1012	12	6-1/2	12 10 8	1:09.89	192	-	-	1	 	3	沙田	2.72							
2020/3/22	3	第四班	1200米	(60-40)	好地	草地 - "A" 賽道	9	5	甜酒杯(D247)	何澤堯	方嘉柏	125	1182	13	7	13 13 9	1:09.95	51	-	-	1	TT	3	沙田	2.72							
2020/3/22	3	第四班	1200米	(60-40)	好地	草地 - "A" 賽道	10	11	美麗天使(C541)	黃俊	告東尼	116	998	1	7-1/4	5 5 10	1:09.98	48	-	-	1	TT	4	沙田	2.72							
2020/3/22	3	第四班	1200米	(60-40)	好地	草地 - "A" 賽道	11	2	自由喜(B359)	黃皓楠	蘇偉賢	124	1178	3	13-1/4	3 4 11	1:10.96	30	-	-	* 2	TT	5	沙田	2.72							
2020/3/22	3	第四班	1200米	(60-40)	好地	草地 - "A" 賽道	12	14	箭神寶(C384)	黎海榮	徐雨石	114	1173	9	15-1/4	1 2 12	1:11.27	389	-	-	2	 	4	沙田	2.72							
2020/3/22	3	第四班	1200米	(60-40)	好地	草地 - "A" 賽道	13	13	盛唐文心(C390)	波健士	霍利時	115	1020	10	18-1/4	4 8 13	1:11.75	247	-	-	1	B1/TT	3	沙田	2.72							
2020/3/22	3	第四班	1200米	(60-40)	好地	草地 - "A" 賽道	14	9	銳俊良駒(C513)	楊明綸	容天鵬	122	1082	11	25-1/2	11 14 14	1:12.93	572	-	-	1	P-/B1/TT	3	沙田	2.72							
2020/3/22	4	第四班	1400米	(60-40)	好地	草地 - "A" 賽道	1	10	普仁(D006)	潘頓	容天鵬	126	1039	11	-	9 9 11 1	1:21.76	7.4	2nd Hot	-	+ 1	P	4	沙田	2.72	30.5			447.5	130.0	42.0	
2020/3/22	4	第四班	1400米	(60-40)	好地	草地 - "A" 賽道	2	1	三生好運(C359)	郭能	羅富全	133	1058	1	3/4	4 4 3 2	1:21.87	13	-	-	+ 1	 	5	沙田	2.72		37.0		447.5	130.0		77.0
2020/3/22	4	第四班	1400米	(60-40)	好地	草地 - "A" 賽道	3	11	美麗多多(D116)	莫雷拉	蔡約翰	125	1076	9	1	14 14 12 3	1:21.91	3.1	1st Hot	-	+ 1	E/V	3	沙田	2.72			14.5			42.0	77.0
2020/3/22	4	第四班	1400米	(60-40)	好地	草地 - "A" 賽道	4	14	鐵胆威龍(C015)	田泰安	蘇偉賢	118	1154	13	1-3/4	7 7 8 4	1:22.02	10	-	-	+ 1	B/TT	5	沙田	2.72							
2020/3/22	4	第四班	1400米	(60-40)	好地	草地 - "A" 賽道	5	3	綫路勇駒(A041)	蔡明紹	告東尼	129	1172	6	2	8 10 10 5	1:22.06	7.6	-	-	+ 1	B/H/TT	7	沙田	2.72							
2020/3/22	4	第四班	1400米	(60-40)	好地	草地 - "A" 賽道	6	9	叻叻精彩(D217)	利敬國	韋達	126	1140	12	2	5 1 1 6	1:22.07	8	-	-	* 1	XB	3	沙田	2.72							
2020/3/22	4	第四班	1400米	(60-40)	好地	草地 - "A" 賽道	7	7	心中有您(B283)	潘明輝	何良	125	1079	4	2	10 8 6 7	1:22.08	13	-	-	+ 1	H/V	5	沙田	2.72							
2020/3/22	4	第四班	1400米	(60-40)	好地	草地 - "A" 賽道	8	12	紅衣震撼(C366)	楊明綸	蘇保羅	124	1029	7	3-1/2	11 12 13 8	1:22.31	280	-	-	+ 1	 	4	沙田	2.72							
2020/3/22	4	第四班	1400米	(60-40)	好地	草地 - "A" 賽道	9	2	明欣賞(C327)	梁家俊	賀賢	132	1048	2	4-1/4	3 5 5 9	1:22.45	15	-	-	+ 1	B	4	沙田	2.72							
2020/3/22	4	第四班	1400米	(60-40)	好地	草地 - "A" 賽道	10	4	度身訂做(C522)	薛恩	鄭俊偉	129	1034	5	6	12 11 9 10	1:22.70	93	-	-	+ 1	 	4	沙田	2.72							
2020/3/22	4	第四班	1400米	(60-40)	好地	草地 - "A" 賽道	11	8	相見歡(D215)	波健士	姚本輝	126	1166	14	8-3/4	6 6 7 11	1:23.16	142	-	-	* 1	 	3	沙田	2.72							
2020/3/22	4	第四班	1400米	(60-40)	好地	草地 - "A" 賽道	12	13	明月千山(C403)	黎海榮	文家良	122	1159	3	10-1/2	1 2 2 12	1:23.43	15	-	-	+ 1	B/TT	4	沙田	2.72							
2020/3/22	4	第四班	1400米	(60-40)	好地	草地 - "A" 賽道	13	6	雙天至尊(C293)	何澤堯	呂健威	128	1193	8	11	13 13 14 13	1:23.53	26	-	-	* 1	B1/TT	5	沙田	2.72							
2020/3/22	4	第四班	1400米	(60-40)	好地	草地 - "A" 賽道	14	5	軒轅齊飛(V250)	黃俊	葉楚航	123	1233	10	18	2 3 4 14	1:24.62	13	-	-	+ 1	B/TT	7	沙田	2.72							
2020/3/22	5	第三班	1200米	(80-60)	好地	草地 - "A" 賽道	1	12	平海掌星(D123)	莫雷拉	蔡約翰	115	1286	4	-	5 3 1	1:09.21	1.6	1st Hot	-	1	 	3	沙田	2.72	11.0			332.0	108.5	19.5	
2020/3/22	5	第三班	1200米	(80-60)	好地	草地 - "A" 賽道	2	13	快樂歡騰(B272)	蔡明紹	蘇偉賢	114	1145	10	1-1/2	10 11 2	1:09.44	54	-	-	1	TT	6	沙田	2.72		84.0		332.0	108.5		262.5
2020/3/22	5	第三班	1200米	(80-60)	好地	草地 - "A" 賽道	3	8	連利福將(B475)	利敬國	葉楚航	117	1122	2	1-1/2	4 5 3	1:09.46	6	2nd Hot	-	1	 	4	沙田	2.72			15.5			19.5	262.5
2020/3/22	5	第三班	1200米	(80-60)	好地	草地 - "A" 賽道	4	3	美麗友盈(C124)	梁家俊	約翰摩亞	128	1075	3	1-3/4	2 1 4	1:09.50	28	-	-	2	B	5	沙田	2.72							
2020/3/22	5	第三班	1200米	(80-60)	好地	草地 - "A" 賽道	5	5	勝賢(D169)	潘明輝	賀賢	122	1060	5	2-1/4	8 8 5	1:09.57	17	-	-	1	 	4	沙田	2.72							
2020/3/22	5	第三班	1200米	(80-60)	好地	草地 - "A" 賽道	6	9	開心人生(C065)	何澤堯	呂健威	117	1236	8	2-1/2	13 12 6	1:09.60	6.9	-	-	2	H/XB/TT	4	沙田	2.72							
2020/3/22	5	第三班	1200米	(80-60)	好地	草地 - "A" 賽道	7	10	鑽飛龍(D111)	楊明綸	容天鵬	117	1210	9	2-1/2	11 7 7	1:09.62	403	-	-	1	TT	4	沙田	2.72							
2020/3/22	5	第三班	1200米	(80-60)	好地	草地 - "A" 賽道	8	2	曈曨光彩(D188)	郭能	告東尼	129	1034	12	4-3/4	12 13 8	1:09.96	253	-	-	3	CP/TT	4	沙田	2.72							
2020/3/22	5	第三班	1200米	(80-60)	好地	草地 - "A" 賽道	9	11	天氣先生(D058)	黃皓楠	韋達	113	1007	6	5-1/2	6 9 9	1:10.10	332	-	-	* 1	 	4	沙田	2.72							
2020/3/22	5	第三班	1200米	(80-60)	好地	草地 - "A" 賽道	10	7	印水紙(D043)	波健士	高伯新	117	1145	1	6	1 2 10	1:10.16	49	-	-	* 2	B/H	4	沙田	2.72							
2020/3/22	5	第三班	1200米	(80-60)	好地	草地 - "A" 賽道	11	6	大俠士(C373)	薛恩	沈集成	123	1120	7	6	7 4 11	1:10.17	9.3	-	-	+ 2	TT	5	沙田	2.72							
2020/3/22	5	第三班	1200米	(80-60)	好地	草地 - "A" 賽道	12	4	忠心美麗(B383)	黃俊	告東尼	120	1102	13	8	9 10 12	1:10.50	68	-	-	1	B/TT	5	沙田	2.72							
2020/3/22	5	第三班	1200米	(80-60)	好地	草地 - "A" 賽道	13	1	金鷹翱翔(C446)	蘇狄雄	何良	131	1268	11	10	3 6 13	1:10.83	252	-	-	1	H1	5	沙田	2.72							
2020/3/22	6	第三班	2000米	(85-60)	好地至快地	草地 - "A" 賽道	1	13	福多寶(B026)	蔡明紹	賀賢	113	1108	1	-	3 5 4 4 1	2:00.43	8	-	-	1	B	5	沙田	2.72	26.0			286.5	90.5	78.5	
2020/3/22	6	第三班	2000米	(85-60)	好地至快地	草地 - "A" 賽道	2	2	傑彩繽紛(B457)	史卓豐	蔡約翰	131	1067	4	3/4	7 7 6 5 2	2:00.56	7	-	-	+ 1	B	5	沙田	2.72		25.5		286.5	90.5		60.5
2020/3/22	6	第三班	2000米	(85-60)	好地至快地	草地 - "A" 賽道	3	5	喜勝勁駒(C325)	潘頓	方嘉柏	130	1069	3	1-1/2	9 9 9 9 3	2:00.67	4.2	2nd Hot	-	+ 1	TT	4	沙田	2.72			16.0			78.5	60.5
2020/3/22	6	第三班	2000米	(85-60)	好地至快地	草地 - "A" 賽道	4	11	軍威振(D141)	莫雷拉	韋達	116	1061	10	2-1/4	8 8 8 8 4	2:00.81	3.6	1st Hot	-	1	B/SR	4	沙田	2.72							
2020/3/22	6	第三班	2000米	(85-60)	好地至快地	草地 - "A" 賽道	5	8	天外天(B435)	波健士	約翰摩亞	123	1098	9	4	11 11 10 10 5	2:01.09	17	-	-	2	B/TT	4	沙田	2.72							
2020/3/22	6	第三班	2000米	(85-60)	好地至快地	草地 - "A" 賽道	6	10	興惑(B351)	田泰安	告東尼	122	1023	12	4-1/4	13 13 13 14 6	2:01.11	15	-	-	1	B/TT	6	沙田	2.72							
2020/3/22	6	第三班	2000米	(85-60)	好地至快地	草地 - "A" 賽道	7	1	轉數高(C007)	利敬國	賀賢	133	1182	8	4-1/2	5 6 7 7 7	2:01.17	9.7	-	-	2	B/XB	5	沙田	2.72							
2020/3/22	6	第三班	2000米	(85-60)	好地至快地	草地 - "A" 賽道	8	7	扎西德勒(C084)	郭能	約翰摩亞	124	1135	13	5-1/4	6 3 3 1 8	2:01.28	9.6	-	-	1	CP-/B2/TT	5	沙田	2.72							
2020/3/22	6	第三班	2000米	(85-60)	好地至快地	草地 - "A" 賽道	9	3	真益善(D268)	梁家俊	沈集成	131	1069	7	5-1/2	10 10 11 13 9	2:01.32	277	-	-	1	B/TT	4	沙田	2.72							
2020/3/22	6	第三班	2000米	(85-60)	好地至快地	草地 - "A" 賽道	10	4	天池怪俠(B350)	楊明綸	蘇偉賢	130	1136	14	6-1/2	14 14 14 11 10	2:01.48	203	-	-	1	 	5	沙田	2.72							
2020/3/22	6	第三班	2000米	(85-60)	好地至快地	草地 - "A" 賽道	11	9	文武傳奇(B137)	潘明輝	沈集成	120	1142	6	10-3/4	12 12 12 12 11	2:02.15	52	-	-	2	B/TT	5	沙田	2.72							
2020/3/22	6	第三班	2000米	(85-60)	好地至快地	草地 - "A" 賽道	12	14	事勝意(T391)	黃俊	苗禮德	108	1090	2	12-1/4	1 1 1 3 12	2:02.41	80	-	-	1	SR/TT	8	沙田	2.72							
2020/3/22	6	第三班	2000米	(85-60)	好地至快地	草地 - "A" 賽道	13	12	嘉才(D196)	何澤堯	文家良	117	1169	5	15-1/4	4 4 5 6 13	2:02.88	18	-	-	1	CP	4	沙田	2.72							
2020/3/22	6	第三班	2000米	(85-60)	好地至快地	草地 - "A" 賽道	14	6	哈囉嗲哋(C464)	薛恩	丁冠豪	127	1123	11	23-1/4	2 2 2 2 14	2:04.17	147	-	-	+ 1	B	4	沙田	2.72							
2020/3/22	7	第三班	1200米	(80-60)	好地至快地	草地 - "A" 賽道	1	5	福逸(D176)	潘頓	高伯新	123	1170	12	-	7 7 1	1:08.55	1.7	1st Hot	-	1	 	3	沙田	2.72	11.5			281.5	80.5	30.0	
2020/3/22	7	第三班	1200米	(80-60)	好地至快地	草地 - "A" 賽道	2	7	辣臣(D199)	波健士	約翰摩亞	119	992	10	1	3 3 2	1:08.71	43	-	-	3	CP	3	沙田	2.72		60.5		281.5	80.5		272.0
2020/3/22	7	第三班	1200米	(80-60)	好地至快地	草地 - "A" 賽道	3	2	勝利風範(C186)	莫雷拉	呂健威	128	1139	9	3	6 6 3	1:09.01	9.6	-	-	1	 	4	沙田	2.72			21.0			30.0	272.0
2020/3/22	7	第三班	1200米	(80-60)	好地至快地	草地 - "A" 賽道	4	1	紅心傾(C145)	蔡明紹	告東尼	133	1037	5	4-1/4	10 9 4	1:09.22	55	-	-	* 2	B/TT	5	沙田	2.72							
2020/3/22	7	第三班	1200米	(80-60)	好地至快地	草地 - "A" 賽道	5	12	首飾大聖(B378)	田泰安	蔡約翰	115	1085	4	5-1/4	4 4 5	1:09.38	52	-	-	* 2	 	5	沙田	2.72							
2020/3/22	7	第三班	1200米	(80-60)	好地至快地	草地 - "A" 賽道	6	4	南莊之歌(C480)	利敬國	沈集成	124	1206	3	5-1/2	2 2 6	1:09.43	7.7	-	-	+ 1	B1/TT-	4	沙田	2.72							
2020/3/22	7	第三班	1200米	(80-60)	好地至快地	草地 - "A" 賽道	7	6	電子群星(C132)	黎海榮	文家良	121	1040	6	6	11 12 7	1:09.51	38	-	-	1	H	4	沙田	2.72							
2020/3/22	7	第三班	1200米	(80-60)	好地至快地	草地 - "A" 賽道	8	11	年年豐收(D180)	史卓豐	姚本輝	117	1114	2	6-1/4	1 1 8	1:09.54	3.9	2nd Hot	-	1	 	3	沙田	2.72							
2020/3/22	7	第三班	1200米	(80-60)	好地至快地	草地 - "A" 賽道	9	8	精靈勇士(D172)	梁家俊	約翰摩亞	117	1115	8	6-1/2	5 5 9	1:09.58	20	-	-	1	TT1	3	沙田	2.72							
2020/3/22	7	第三班	1200米	(80-60)	好地至快地	草地 - "A" 賽道	10	3	安逸寧靜(D189)	楊明綸	蘇偉賢	127	1013	1	9-3/4	9 8 10	1:10.12	524	-	-	* 2	 	4	沙田	2.72							
2020/3/22	7	第三班	1200米	(80-60)	好地至快地	草地 - "A" 賽道	11	10	喜悅天空(C195)	黃皓楠	丁冠豪	113	1083	7	9-3/4	12 10 11	1:10.13	656	-	-	1	CP1/TT	5	沙田	2.72							
2020/3/22	7	第三班	1200米	(80-60)	好地至快地	草地 - "A" 賽道	12	9	會展達人(C505)	潘明輝	葉楚航	115	1250	11	13-1/2	8 11 12	1:10.70	365	-	-	2	 	4	沙田	2.72							
2020/3/22	8	四歲	2000米 		好地至快地	草地 - "A" 賽道	1	1	金鎗六十(C238)	何澤堯	呂健威	126	1068	9	-	11 12 13 11 1	2:00.15	1.7	1st Hot	-		 	4	沙田	2.72	12.0			1275.5	311.5	15.0	
2020/3/22	8	四歲	2000米 		好地至快地	草地 - "A" 賽道	2	6	幸福掌聲(C492)	薛恩	沈集成	126	1093	11	頸位	14 13 6 1 2	2:00.19	290	-	-		SR/TT	4	沙田	2.72		223.5		1275.5	311.5		401.0
2020/3/22	8	四歲	2000米 		好地至快地	草地 - "A" 賽道	3	3	幸福笑容(C199)	潘頓	呂健威	126	1218	1	3	5 5 5 3 3	2:00.61	3.3	2nd Hot	-		CP1	4	沙田	2.72			11.5			15.0	401.0
2020/3/22	8	四歲	2000米 		好地至快地	草地 - "A" 賽道	4	13	玖寶(D056)	楊明綸	約翰摩亞	126	1098	7	4	9 8 9 12 4	2:00.80	261	-	-		TT	4	沙田	2.72							
2020/3/22	8	四歲	2000米 		好地至快地	草地 - "A" 賽道	5	12	精神威(C345)	梁家俊	羅富全	126	1113	5	4-1/2	2 3 3 4 5	2:00.86	267	-	-		 	4	沙田	2.72							
2020/3/22	8	四歲	2000米 		好地至快地	草地 - "A" 賽道	6	9	勇猛神駒(C462)	利敬國	沈集成	126	1127	12	4-3/4	10 11 10 9 6	2:00.89	19	-	-		XB/TT	4	沙田	2.72							
2020/3/22	8	四歲	2000米 		好地至快地	草地 - "A" 賽道	7	4	駿龍駒(D129)	史卓豐	羅富全	126	1043	14	5-1/4	13 14 14 13 7	2:00.97	121	-	-		H/TT	4	沙田	2.72							
2020/3/22	8	四歲	2000米 		好地至快地	草地 - "A" 賽道	8	11	必妙星(C507)	田泰安	蘇保羅	126	1163	2	8-1/4	6 6 8 6 8	2:01.47	45	-	-		 	4	沙田	2.72							
2020/3/22	8	四歲	2000米 		好地至快地	草地 - "A" 賽道	9	7	時時有餘(C465)	郭能	方嘉柏	126	1030	3	8-1/2	8 9 11 8 9	2:01.51	25	-	-		XB-/H/TT1	4	沙田	2.72							
2020/3/22	8	四歲	2000米 		好地至快地	草地 - "A" 賽道	10	8	超級綠洲(D085)	波健士	羅富全	126	1136	4	9-1/2	7 7 7 7 10	2:01.65	38	-	-		XB	4	沙田	2.72							
2020/3/22	8	四歲	2000米 		好地至快地	草地 - "A" 賽道	11	2	勝得精彩(C061)	莫雷拉	蔡約翰	126	1104	8	11-1/2	1 1 1 2 11	2:01.97	6.6	-	-		B/TT	4	沙田	2.72							
2020/3/22	8	四歲	2000米 		好地至快地	草地 - "A" 賽道	12	10	將耀(C429)	蔡明紹	告東尼	126	1079	10	12-1/2	3 2 2 10 12	2:02.13	110	-	-		TT	4	沙田	2.72							
2020/3/22	8	四歲	2000米 		好地至快地	草地 - "A" 賽道	13	5	孖寶兄弟(D127)	潘明輝	告東尼	126	1000	13	15	12 10 12 14 13	2:02.54	71	-	-		H/TT	4	沙田	2.72							
2020/3/22	8	四歲	2000米 		好地至快地	草地 - "A" 賽道	14	14	全民佳知(C288)	黎海榮	姚本輝	126	1102	6	18-1/4	4 4 4 5 14	2:03.07	232	-	-		B/XB	4	沙田	2.72							
2020/3/22	9	第三班	1400米	(80-60)	好地至快地	草地 - "A" 賽道	1	2	莫浪求(D200)	郭能	告東尼	129	1200	5	-	3 5 4 1	1:21.98	6.5	-	-	+ 1	H/XB/TT	3	沙田	2.72	23.5			93.5	39.0	74.5	
2020/3/22	9	第三班	1400米	(80-60)	好地至快地	草地 - "A" 賽道	2	14	正本開心(C227)	利敬國	羅富全	116	1148	6	短馬頭位	8 8 8 2	1:21.99	2.8	1st Hot	-	+ 1	CP/TT	4	沙田	2.72		13.0		93.5	39.0		39.5
2020/3/22	9	第三班	1400米	(80-60)	好地至快地	草地 - "A" 賽道	3	1	將悅(D022)	莫雷拉	韋達	133	1251	1	短馬頭位	6 6 6 3	1:22.00	5.8	-	-	+ 1	XB	4	沙田	2.72			19.5			74.5	39.5
2020/3/22	9	第三班	1400米	(80-60)	好地至快地	草地 - "A" 賽道	4	12	開懷大少(A278)	何澤堯	文家良	117	1163	7	1-1/4	7 7 7 4	1:22.14	33	-	-	1	B/TT	6	沙田	2.72							
2020/3/22	9	第三班	1400米	(80-60)	好地至快地	草地 - "A" 賽道	5	8	傳奇(V357)	潘明輝	呂健威	122	1153	10	1-1/4	1 1 1 5	1:22.15	30	-	-	1	B/TT	7	沙田	2.72							
2020/3/22	9	第三班	1400米	(80-60)	好地至快地	草地 - "A" 賽道	6	6	各取所需(C474)	梁家俊	約翰摩亞	127	1036	4	2-1/2	2 4 3 6	1:22.36	5.7	2nd Hot	-	+ 1	B	4	沙田	2.72							
2020/3/22	9	第三班	1400米	(80-60)	好地至快地	草地 - "A" 賽道	7	7	噴火龍(B463)	薛恩	霍利時	125	1025	11	2-1/2	13 13 12 7	1:22.39	40	-	-	+ 1	B/TT	5	沙田	2.72							
2020/3/22	9	第三班	1400米	(80-60)	好地至快地	草地 - "A" 賽道	8	4	喜佳龍(B377)	田泰安	蘇偉賢	128	1164	12	2-3/4	9 10 9 8	1:22.41	11	-	-	1	XB/TT	5	沙田	2.72							
2020/3/22	9	第三班	1400米	(80-60)	好地至快地	草地 - "A" 賽道	9	13	爸巴閉(D235)	黃俊	何良	112	1091	14	3	5 2 2 9	1:22.46	96	-	-	1	 	3	沙田	2.72							
2020/3/22	9	第三班	1400米	(80-60)	好地至快地	草地 - "A" 賽道	10	11	佳運來(T380)	黃皓楠	徐雨石	116	1020	2	3-1/2	10 9 10 10	1:22.52	37	-	-	1	B	8	沙田	2.72							
2020/3/22	9	第三班	1400米	(80-60)	好地至快地	草地 - "A" 賽道	11	9	緻寶駒(D236)	蔡明紹	賀賢	121	1033	9	4-1/2	11 11 11 11	1:22.70	66	-	-	+ 1	 	4	沙田	2.72							
2020/3/22	9	第三班	1400米	(80-60)	好地至快地	草地 - "A" 賽道	12	5	精準快車(D198)	潘頓	姚本輝	127	1022	13	7	12 12 13 12	1:23.11	8	-	-	* 1	 	4	沙田	2.72							
2020/3/22	9	第三班	1400米	(80-60)	好地至快地	草地 - "A" 賽道	13	3	馬不停蹄(D183)	波健士	沈集成	129	1154	8	8-3/4	4 3 5 13	1:23.37	124	-	-	1	TT1	4	沙田	2.72							
2020/3/22	9	第三班	1400米	(80-60)	好地至快地	草地 - "A" 賽道		10	健康在望(C172)	史卓豐	苗禮德	120	---	---	---	---	---	---	-	-	-	-	4	沙田	2.72							
2020/3/22	10	第二班	1400米	(100-80)	好地至快地	草地 - "A" 賽道	1	10	翡翠精選(D133)	莫雷拉	苗禮德	118	1193	10	-	2 4 4 1	1:21.09	2.5	1st Hot	-	+ 1	 	4	沙田	2.72	13.0			436.5	152.0	85.5	
2020/3/22	10	第二班	1400米	(100-80)	好地至快地	草地 - "A" 賽道	2	6	二郎(C019)	梁家俊	約翰摩亞	122	1180	13	3/4	1 1 1 2	1:21.21	38	-	-	+ 1	TT	4	沙田	2.72		71.5		436.5	152.0		705.5
2020/3/22	10	第二班	1400米	(100-80)	好地至快地	草地 - "A" 賽道	3	11	飈驥(C160)	田泰安	丁冠豪	117	1116	8	2	12 9 7 3	1:21.38	18	-	-	+ 1	B/TT	5	沙田	2.72			40.5			85.5	705.5
2020/3/22	10	第二班	1400米	(100-80)	好地至快地	草地 - "A" 賽道	4	4	開心好玩(B316)	潘頓	沈集成	125	1159	4	3-1/4	3 6 6 4	1:21.60	3.8	2nd Hot	-	1	B/TT	6	沙田	2.72							
2020/3/22	10	第二班	1400米	(100-80)	好地至快地	草地 - "A" 賽道	5	8	輝煌星(B163)	何澤堯	呂健威	122	1211	5	3-3/4	10 13 11 5	1:21.68	7.2	-	-	+ 1	TT	6	沙田	2.72							
2020/3/22	10	第二班	1400米	(100-80)	好地至快地	草地 - "A" 賽道	6	12	電路三號(B360)	史卓豐	告東尼	117	1115	2	3-3/4	6 10 9 6	1:21.69	5.9	-	-	1	B/TT	5	沙田	2.72							
2020/3/22	10	第二班	1400米	(100-80)	好地至快地	草地 - "A" 賽道	7	14	標準猴王(B244)	蔡明紹	約翰摩亞	116	1232	6	4	5 2 3 7	1:21.72	13	-	-	2	 	5	沙田	2.72							
2020/3/22	10	第二班	1400米	(100-80)	好地至快地	草地 - "A" 賽道	8	2	紅衣優駿(A039)	楊明綸	羅富全	126	1191	12	4-1/2	7 3 2 8	1:21.83	98	-	-	1	B	6	沙田	2.72							
2020/3/22	10	第二班	1400米	(100-80)	好地至快地	草地 - "A" 賽道	9	7	協勝神駒(B217)	潘明輝	高伯新	120	1276	3	4-3/4	8 11 12 9	1:21.84	40	-	-	+ 1	B/H/TT	5	沙田	2.72							
2020/3/22	10	第二班	1400米	(100-80)	好地至快地	草地 - "A" 賽道	10	3	弛曜風(C028)	黃皓楠	蔡約翰	123	1125	14	6-3/4	14 12 13 10	1:22.16	126	-	-	1	E/TT	4	沙田	2.72							
2020/3/22	10	第二班	1400米	(100-80)	好地至快地	草地 - "A" 賽道	11	9	志在四方(C140)	薛恩	韋達	122	1099	7	7-3/4	9 5 5 11	1:22.34	67	-	-	2	CP/XB	5	沙田	2.72							
2020/3/22	10	第二班	1400米	(100-80)	好地至快地	草地 - "A" 賽道	12	13	競技勇士(B285)	蘇狄雄	葉楚航	114	1189	11	8-3/4	13 14 14 12	1:22.50	204	-	-	1	TT	5	沙田	2.72							
2020/3/22	10	第二班	1400米	(100-80)	好地至快地	草地 - "A" 賽道	13	1	翠龍(B156)	波健士	徐雨石	133	1069	9	9	11 8 10 13	1:22.54	153	-	-	+ 1	 	6	沙田	2.72							
2020/3/22	10	第二班	1400米	(100-80)	好地至快地	草地 - "A" 賽道	14	5	創意天才(C391)	利敬國	韋達	125	1195	1	12-3/4	4 7 8 14	1:23.11	92	-	-	1	XB1	4	沙田	2.72							
